Cost,ResponseTime

42.42816534576253,568.8268308341355
42.5803285684015,570.1917683880258
39.9975887645095,579.4822408173037
44.63442822481993,555.3932222382342
35.224241139226926,571.8949604320159
33.280954286211944,547.8869259329826
37.314952838738094,559.7282539109267
37.503049079948696,538.2931974558262
31.52718985679454,528.4991322681517
32.316976879362905,555.5242158903279
33.81209575695851,569.7278285935603
40.2846411343466,563.51866613736
41.48890333822677,596.976768480884
34.86331102143939,546.3850189376403
33.714875626919685,569.5294447480904
33.278458510659014,572.3202355649399
37.77707496070316,564.2170311597404
49.16467281165312,586.7328981490169
34.3782110963659,532.9026345972744
33.99946873687159,569.3926184907057
36.312071792791905,568.6734976801971
32.248771278600195,567.0619444116502
40.580305429861774,587.2405575466431
31.543436899069214,541.1178127469838
43.71318905727614,577.8346984217645
43.06182822300207,598.8356816055738
35.061629177440196,579.8018762987809
34.76740471400819,535.9820816185685
34.370320785561454,602.3961571478144
29.50174624396708,527.7174415978802
