2.4743539030000004
2.445806869
2.5498671230000003
2.5986855930000003
2.5016235410000003
2.5022632430000002
2.4631237230000003
2.4994667340000003
2.5348291140000003
2.5084226440000004
2.469165931
2.5247708
2.588613396
2.588624685
2.531247327
2.442703034
2.422576807
2.413878211
2.5027050990000004
2.4739990950000004
2.461191437
2.4582050370000004
2.400952707
2.4440912370000003
2.4234674700000003
2.45920191
2.480469035
2.469771295
2.4217313390000004
2.476218351
2.5242974250000003
2.608425564
2.497808843
2.408186965
2.442453333
2.547978216
2.524749453
2.508556156
2.449076744
2.442850807
2.797320827
2.423442091
2.266210016
2.246331006
2.2704715120000003
2.369202764
2.33816395
2.310963467
2.192190858
2.260668124
2.365850951
2.2942000840000003
2.381899606
2.322526342
2.450867889
2.335759942
2.3655991370000002
2.3292384740000003
2.28887887
2.2807386800000002
2.413654378
2.375425964
2.344440809
2.2966558210000003
2.377169491
2.3983007830000003
2.2957979180000003
2.2446847080000003
2.356989652
2.398913067
2.43855369
2.317092524
2.248566775
2.3630629340000002
2.4175353470000003
2.382867823
2.27079451
2.322940772
2.2978408200000002
2.3911147010000002
2.709903911
2.335465107
2.2960767730000002
2.5100577570000002
2.39000017
2.312213079
2.246014417
2.4541757640000004
2.2330618820000003
2.4091423560000003
2.285653263
2.2466964920000003
2.384046891
2.34605847
2.280972024
2.3101402810000002
2.2132957180000004
2.242402542
2.306690886
2.382993857
2.3310564080000002
2.3441791260000002
2.3596331690000003
2.2297163330000003
2.3500947
2.256675037
2.286281893
2.3421252100000003
2.2285959340000003
2.2954167610000002
2.4261333080000003
2.3130500290000002
2.336495072
2.293621964
2.341391316
2.1935099780000002
2.378789702
2.286904153
2.360956812
2.3498469930000003
