Cost,ResponseTime
72393.47068619402,733768.9853297183
71366.81831717276,721153.876986935
72808.61347011666,732555.3699523114
72920.29237856762,733114.5418609849
71299.42297413202,722619.6901194938
73775.93233870585,723977.010015246
72976.09052801672,736299.082529783
72046.5035965084,735378.1231450518
73856.26733283955,728556.5638766227
72629.97474640225,732106.8524026478
71829.15147394853,728151.2616457364
73150.09822570925,729348.5700954422
73331.41377483966,725879.5753480352
71715.19061629086,721576.1992226371
72058.00832089312,729927.513515305
73141.74043135138,725638.2241287692
71332.73753012277,724559.7054190004
71773.39004414127,724096.3394273311
70964.87889234888,739121.6899551586
71500.97451681748,732561.2372253996
73418.55309408033,742727.17560855
72496.22695704587,732500.4241962318
71294.88099567704,727211.5867658718
73006.39145288734,718192.2901514372
72714.93783370624,742012.4876275088
71654.09916882681,725571.9047813293
73040.44332447964,726513.4959320296
71778.12794981933,721883.1594555923
72431.31604017642,724639.9873612735
71416.78125253845,741202.3481072142
