Cost,ResponseTime151283.3956155519,1600010.9701813504
149707.721851553,1603362.6212754075
152083.06160027263,1604093.9928675478
152593.96092633592,1623490.3055496102
149640.90701154797,1616134.6586300475
151891.68015467198,1593142.19294607
151728.32471461617,1607363.7257684078
149190.85798595543,1593749.4325832704
148990.63326251938,1612637.0003226672
149372.59689653697,1601415.4307309466
149992.23588437724,1627229.5169881543
150098.75194014108,1590712.5236630384
149527.82414770516,1599919.697566563
150603.49490100384,1607471.2620278175
153383.618064897,1629879.5533225117
147591.37725107773,1611586.0638957224
149876.53132867013,1615366.1383828898
150689.81454159442,1598474.1900820464
149541.1404103845,1617956.260992466
149312.43591588014,1614852.1744055557
150472.80459594337,1617057.6450921823
150498.81331945673,1605318.5429776506
152776.96502572313,1615784.9828404307
152257.87833081133,1600159.996235678
153650.38644856596,1626132.5471780852
151061.09412082194,1632708.15565542
151295.07183127783,1602941.071294123
149488.9156739527,1598624.0637378155
150634.3565929468,1597388.9373843225
153774.49521078105,1621694.9896262197
