Cost,ResponseTime
467576.8420055631,5387414.730656929
463511.60181475105,5368096.065828609
465673.80150484265,5364806.763219815
466851.88466405246,5407775.900030012
467118.3198671721,5358697.280876801
465857.87987965386,5392668.4938451545
468516.62352299533,5397964.909612748
462572.47723275656,5383897.153821986
464057.1406722135,5335108.17121058
463054.7238703399,5343829.2672730945
468486.7031249035,5399290.481389944
463835.78485440504,5353042.381817381
469400.1425977332,5413614.428120858
464470.21417507104,5374615.596144114
470225.4772761626,5435969.930793514
463853.69545731513,5386486.7344876425
469757.5280241955,5363387.608354661
466490.7895933779,5321245.086751612
469818.6298103507,5399379.73809131
465752.7503358415,5407738.81073277
464794.6450834882,5329243.52936531
464106.4567750528,5329185.1048634425
466572.30467590794,5406733.243637512
464322.058859531,5370197.5771186
458194.1584970466,5366567.078713324
463249.57908836054,5400299.756144727
464954.70163709956,5384274.094706552
461660.64588742575,5350438.759545537
472266.04968508356,5392212.97608896
457797.6922791991,5333222.849507583
