Cost,ResponseTime
71055.22060845802,1765391.2464172645
70022.47989032937,1771425.2671212398
71157.55054324974,1780008.4714449763
70930.25812878554,1770223.5995004927
70952.33172478252,1766804.916386864
70392.31014381029,1771057.2465923307
70322.72619997586,1775879.069084302
70911.66146602496,1777707.2224613894
70165.2428530507,1770457.1150404844
71006.93104987727,1780120.6217109836
69808.64568195397,1777391.2748724339
70585.80271906729,1772842.5078457268
71185.2509434605,1772687.3920578873
70462.3688504511,1770042.6166990234
71013.07638278365,1780692.173616927
71209.73437798598,1778425.7158461374
70417.55918030834,1774260.9546734076
70587.03680321843,1780863.2555791046
71848.70093731492,1774902.7316150058
70498.6053588145,1782995.4674710915
70074.4253509591,1769845.3169361835
71058.15220110357,1770666.5301161401
71056.69582305313,1769496.8333538796
70754.84466600999,1768420.2771796214
70325.38394888144,1781661.6884456328
70812.47672343477,1767348.9696559238
71139.86249670455,1779208.5556355172
70471.88185528546,1771163.6401663686
70147.30340929063,1770313.2303974126
70844.30904519618,1763522.95079897
