Cost,ResponseTime
59461.41734601057,667157.2042479963
58355.39415725971,704339.1350880292
58838.75081556006,673075.4820668785
59252.7744844091,668376.4459407862
58388.70518777972,696499.7986658858
58575.33861433023,680584.4420497173
58519.86641043183,685640.0358910065
57830.29673516238,718494.7786579392
59726.03451481179,675194.8105854738
59433.35398939667,685599.0380264818
58950.6857019853,691027.6587888956
58345.65002986881,716145.309798075
58742.88125912558,694568.4706247234
58436.09185084769,701893.9806019331
58347.19136517403,706744.6859711541
58705.73633176837,706937.6045909597
61214.969551128524,686361.7654004517
59205.197606902446,694547.1130281864
59998.35928239936,692610.7984078537
61014.46390346173,651547.5187995926
57475.989109555594,680523.5014055268
60280.592235297765,657177.1343410908
59334.240906973406,662409.0186203924
58856.68454409354,669922.8240031523
58254.96741726546,677019.71714581
57809.2072497536,680330.7265029921
58644.67803321116,674978.7819140342
58842.538973862545,672066.1245485622
57905.817986779715,703906.7326784593
59331.79705964697,651260.9196029187
58122.87267645335,677594.8066975701
58917.500782531366,676388.2324855108
59291.73362658262,673538.9601944626
59049.08350763719,676225.9301123604
59168.03459366863,673544.4130428218
60711.78200606724,666581.3838610138
58327.15416020784,690741.8612346362
58900.365496580846,670633.1184205841
60505.39448896507,666958.1428869489
60297.85465942599,662111.6653546537
57687.75074353628,703237.3541386583
58017.68356067303,686874.2750647954
58366.89471376593,677342.4508151694
59423.364549601654,674725.7930051094
60084.92626992158,668714.9656134103
59714.785418824875,673097.1744434334
57934.458889427384,689885.356238408
60019.99237418942,679345.2347610922
58527.65563953837,684307.809275611
58580.366404860055,679802.3104756906
60885.98549411727,665891.0535427398
59750.235084201435,709772.7335261747
60320.09719300398,671832.4388388672
60140.81160934491,690898.934809527
59846.00250370586,693285.1207471857
58615.30886569643,708703.0653408467
60707.72840533734,670932.1207413257
58674.565779705794,689001.7234869553
59425.777727205554,684238.6025528954
60059.813955112404,677572.7379938826
59437.779541200194,680346.2150292533
60306.11280809168,676688.6824517497
60677.99204972279,675753.8471533181
60538.05580679352,676024.9586590641
58641.08035799627,705843.7339216084
61817.80720676229,662095.3189664505
58666.89171384979,674353.9638868917
59950.992972226275,667765.0541865043
59822.37796872356,672610.2087699387
56954.918915232956,682578.6269825054
58178.79221688921,654469.3504527417
57484.93084598994,663837.0228366543
57256.06912465542,673813.1329579314
59038.28647627425,659269.2806891315
57737.61523678017,699037.6178325062
58552.98800597802,669483.8111722664
58502.20953338304,682180.4011428931
57993.98760690012,685239.211284121
57933.09535198197,692784.1522821069
57978.25750037987,691407.7970667824
61246.247902318224,666313.9111650833
58588.341534493375,693355.7909176294
59001.8139076346,681022.4219364409
60246.06903823099,670286.8831572783
59542.50738993984,674057.454549117
59331.80310878253,675449.3665017737
57676.19997544729,694657.013563012
59924.2680148086,665969.7380190743
58373.05384685894,683152.0254796656
58555.692835231035,673730.7945646674
59605.57691380887,668701.3381149096
59093.37427314737,671993.564265504
58973.67297971723,673462.7919656467
59090.9178774734,672131.1279629673
57789.903406210884,736289.5796872835
59674.89626568271,679306.6623425434
58267.75774382775,692591.9987022711
59613.462850947115,683172.702359709
58215.835322121544,719110.6172967984
58083.30130773152,727077.6711032845
57920.79816144112,733466.3231920084
57920.08387047891,733556.9849898824
59281.80812877341,665768.5618711257
57135.695487361416,687117.7793115994
58003.712644461164,685150.4775810854
58838.538889024276,671955.1776079566
58340.04017652782,683960.1754670824
58519.63986735957,678174.2801147263
58626.373623003325,672327.5273168772
58569.577192258206,677476.1985948068
61427.509127433324,678496.4370633076
59153.53396401051,686083.405762289
60214.4160935469,683652.2374514967
59763.07521236429,670386.3336052228
57790.22360776382,695502.2754003585
58847.880833051524,679305.2764319743
59751.88458607591,677869.7625803079
58633.6875032074,691470.0006297436
58640.59946699186,686776.314947138
55885.27494923115,714060.4165873332
60034.70358622927,678032.2641843538
58935.301474728854,680119.8267706872
56854.910804107596,680950.057382205
55988.18751145038,706113.4369942293
56827.51666923023,690672.8645963849
56419.120128786366,702088.3478638987
56717.96367337488,694065.6237886954
56692.763722101154,700717.6816214295
58127.766452052594,734310.8180130983
59803.44105055707,677812.6913451934
59315.80789234124,684770.9959300283
58367.69726233532,687057.9613411061
58185.22125568167,720091.8166568949
58237.13046175392,695922.9445998516
60474.11206189319,662663.8417597046
57843.016524516825,689092.1104909729
59408.46358619733,664759.9881050852
58101.430650294875,673669.9521062486
58756.40633605097,668131.8345882482
58451.373004132474,673399.5403882762
58642.437362719626,665564.2822020454
56875.28422282929,681746.6049847726
57802.42062913976,677893.9141845957
57290.41934415768,679967.8687717271
58338.40461731749,671991.5293623895
58216.92407037221,673572.9536301
58044.02869336986,704722.6463863386
60063.477876751094,654258.9371184368
59108.52322948094,670432.9043757876
58653.12647549784,677052.5813072748
58406.61944743047,704054.7574277066
57016.7033549012,685263.4989153843
58363.64487841717,666002.8913132814
57475.071338647664,673541.9692885687
57948.71255876624,669752.0571371492
57699.12536539533,672937.6616800135
57726.68650086366,670331.0621075454
58222.327349629566,683594.3571860598
60048.630233472446,654860.8927477015
59502.77202604106,674139.583080618
59871.48275439746,665991.6136163707
59591.93778027887,671622.7694809245
59828.49608810705,667559.0783226875
58404.379518881484,694067.2400605128
60031.22993580341,672654.4327903725
59056.90764383014,680701.0153557843
59205.32850730462,678011.326764393
59179.508901111396,678551.3906168748
58589.52573626584,696159.4427674359
60532.279902250586,661542.3245213939
60073.65446510417,665977.0566347359
59513.08727875155,679109.2837012977
59723.2962847397,672832.5874180611
59791.43235567743,669763.1380860787
58716.36598366828,691621.5078015279
58957.508520764444,687504.7824770235
59100.79136545451,686444.2077181228
59458.309266093886,685045.3909297728
59335.28953460289,685609.2073500477
58690.13132666519,694831.1771062072
59434.705750323876,685311.5248656417
59490.49852227798,689005.8192209421
61861.32936531864,667419.4831982285
59839.31884880894,679606.8056809495
61156.70960905657,674102.1883500153
61634.46961652155,668538.8335464471
59987.94103512629,678995.3017194469
60919.05380587785,678252.352811948
60975.38792104006,676923.317315706
60123.31085795396,665605.1714172654
57746.40945839965,691180.4723027349
57907.68890273537,674619.1913488238
58650.01226292683,665832.970998898
