Cost,ResponseTime
591.5244354299693,14523.60992980983
661.4605255102222,13828.669926922594
620.5950924837438,14045.539169891934
632.0750185774701,13913.827801988968
616.9925505974428,14379.029191518708
661.2420859156314,13856.538970966842
610.3693954876688,14442.399167188296
631.4460467505177,14030.853217084263
616.3440628829494,14423.967556015781
540.1361378386733,15139.593403229048
603.6184352548414,13887.085724250366
571.4953878401639,14070.257292399763
548.7647107151167,14303.116110295992
548.6684880923126,14678.253118515024
546.2345540803377,14892.813053361173
562.2062047491173,14204.372876335668
570.9560686982759,14138.633356913919
568.7584764586999,13368.361715504305
535.2619636115044,13489.653498098687
556.2275562648229,13310.315813025127
532.9872220222542,13863.864415854838
548.5430985128562,13753.448778443739
551.4552914072049,13546.04249013538
562.2844533675536,14320.269462198925
655.833163695588,13846.344831863624
586.5515403082834,13908.25925624021
538.747292640616,15208.641509729583
631.724261596871,13384.36389574716
552.8688115179268,14085.3407024288
561.5119014226212,13965.468344287125
591.8789739022238,13872.966616384501
610.3781692525741,13694.297771877815
600.3737917532384,13778.632865314512
602.8597964679218,13743.717790437346
549.3814916773334,13831.382755272754
614.6351842016064,13357.990676802086
586.2024843985172,13626.619799154223
573.6862754297355,13779.315933174737
575.497784699981,13682.508075851229
554.2956453521668,13790.210290268706
603.5852376869901,13055.395354336242
552.9314126271781,14442.890173185757
573.5897877929514,13870.824581755616
558.7981748279551,14269.641690779452
591.2585456589671,13498.834049350746
601.2635586944366,13327.684296193265
593.2277584055572,13444.945958548475
553.6523624326755,13736.113888538486
581.7385883947716,13539.989829294112
575.607800374985,13721.241399756213
577.3541897692483,13625.060587945884
525.9450328703856,13867.205746347006
605.7260082068847,12772.835665917697
571.8082332979226,13059.1731816001
553.2153590601274,13097.656719996052
542.951672723664,13434.06487696674
542.4519130151451,13766.662974541292
551.4087416765743,13374.837387844538
534.8111237056205,13816.958778217124
583.3412624081095,14286.55107563305
638.3731954477298,13666.580330946179
635.3725980268828,13830.825496261412
618.6001410643684,14130.649730039604
594.8660311933883,14226.662193883363
615.6798684659075,14195.723909373506
636.1158351179628,13156.55900877685
563.6772339631152,13644.208904562372
572.9003705582612,13353.533833032778
570.1897521486509,15045.279219263879
678.6460265908107,13820.34081637047
631.1773720247588,14006.291134322788
575.9987647409995,14629.33511887326
626.8861658420468,14413.002080316395
580.5090468841375,14547.14715460321
598.1429399895662,14497.622952621712
606.7484752840053,14481.699408674664
622.493580405002,14450.041461962204
624.5312294347249,14420.431734560136
605.8555185696022,13606.972292685621
546.1227307770292,14409.448750799776
550.3376642773593,13943.403556115203
581.488021788046,13712.231358379984
595.3476426031418,13643.012242547662
511.3590490641392,14409.292038648906
647.0213720033776,13154.756341613614
540.9617879936318,13165.929366861239
528.2077799523795,13666.633503174178
520.1804938455672,13960.720991717018
528.7521069074227,13913.502848614964
626.1194122836865,13114.823412969557
547.768443693546,13657.811544910013
590.6894845339494,13317.296598529005
557.1816348396042,13552.61889517596
608.5090255069682,13248.911703759568
615.3808286537269,13238.53520526832
576.7884361438294,13376.1142238111
561.1741523933922,13394.644262784728
564.0215953367516,13377.058538856778
569.9362843507902,13590.220288729115
532.0755515380258,13836.01117785231
546.0972841370992,14133.855020571305
652.2358381304302,13671.881035008948
619.3512136038167,13854.97678435732
608.6332373645444,13977.124450622958
575.7706642284593,14020.121159646736
556.0537925220077,14032.045003809453
681.1071343700844,13329.747870555475
546.2234806171867,15277.784157102977
592.1352248782489,13408.07588110647
645.2008797131608,13404.851963994195
557.5222572859105,14698.054210443888
582.3240109864785,13887.607285865945
564.5855485867346,14279.990533438582
568.6739162853713,14140.265965380213
574.0178816469372,14078.403996510893
581.0081851086892,14045.160734033678
579.5446144691485,14061.097335013626
530.0459694190981,13768.41126054875
649.8254270685156,13230.309549435722
576.0012470721409,13481.346095174687
601.9385890372473,13316.107084642192
530.88037303644,13610.698057019517
544.103479853432,15068.758973869046
638.9323463641576,13456.525210365606
562.4048297733808,13585.820195281101
602.2384613423656,13497.820631580773
547.3020198807275,14054.682606030363
545.0354369962998,14410.986401512246
594.9299380219362,13537.269767866654
552.6192649452237,14670.174073403121
575.536150859332,13671.665234075648
560.6284913675257,13949.90918731077
559.7963831199801,14219.33408957433
581.3362925940426,13106.20389821513
532.428700732827,13851.927625230068
565.1770236339855,13580.666076163614
579.7059329700529,13249.539736965375
539.8841026783556,14751.292220409176
624.0066643594457,14084.553849799631
572.7944810128647,14202.098294457044
520.197673367191,14030.046579734106
609.0191118742569,13412.326492432716
574.5167119128953,13515.316836365675
557.191585795225,13939.145170643613
528.1840833196696,14028.098376881491
576.9437448662007,13297.342682944503
549.9368621228899,15027.77756373142
555.3404976480374,14193.398331491728
569.5038300207541,13893.568221824735
552.8497032580226,14210.849198568696
575.5800269785583,13832.223169011608
569.8368880795018,13885.570086035439
542.2836659505118,14774.222947331697
612.4374786262815,13662.319991835571
561.8800161781094,13930.010914805454
588.1229667477429,13770.332680998552
546.7366118531864,14323.214112855338
548.2435393027303,14224.360590561895
581.8513895224961,13901.918742270314
552.2021318583421,13028.800106170607
527.6357817065667,13328.912184093175
544.8714987177366,13096.284156261163
603.8524174137954,13295.836529005102
525.9592955309234,13871.106576950273
597.220800957944,13447.245523372323
574.8722093056153,13553.889171547638
548.7629857975481,13824.7375849923
586.7645157108782,13480.360328093639
552.2149589982637,13793.190504534588
563.8416928686831,13742.410116317296
573.9120484843439,13661.39511263786
564.8012971583182,13710.537933324349
573.5700419940588,13688.647067704918
551.6157201030579,13589.17690725719
604.4041901580467,13269.067255567685
577.3176737869026,13369.338779017662
552.623783234862,13459.408293304683
564.0852534047076,13419.448199174098
