1417.4223704810001
1416.7573259550002
1461.888468549
1444.6402868960001
1478.863370681
1487.1498374120001
1434.667834461
1428.084874247
1451.2520703110001
1433.927383075
1454.185452013
1435.216139022
1446.260802228
1435.971849017
1434.554329749
1455.7701186250001
1443.310573686
1449.4594690000001
1448.694160988
1443.305464923
1463.987387829
1443.5199655150002
1472.2342096670002
1434.182430686
1453.3718093880002
1455.043376692
1453.2017884420002
1448.0697964750002
1471.104507754
1496.2227908500001
1427.739095673
