2.5865433980000003
1.9432505850000001
1.969010522
1.9832379430000002
1.95761917
1.989698361
1.8605238450000001
1.9189201910000002
1.9134057160000002
2.026212054
2.028966036
1.9233962420000001
1.9992879280000002
1.9552425850000001
2.018730526
2.000031186
1.965823837
1.926664385
1.986993881
1.9059774290000002
2.038123339
1.9033594520000001
2.002686652
1.863304883
1.964975576
1.9275496070000002
2.002421474
1.9376570110000002
1.92832647
1.990525974
1.8952935460000002
1.822563044
2.030586236
1.9874648330000002
2.002395861
1.9828414420000002
1.927706885
1.9705764060000002
2.019338948
1.8865011290000002
2.424999113
1.9913601630000002
1.872204159
1.979052365
1.896090204
1.946607218
2.020665207
1.9424997290000001
1.8177343140000002
1.904612092
2.0285402180000003
1.978710315
2.045505374
1.914538746
2.06420527
1.9760313440000001
1.9556064030000002
2.0374178940000003
1.9430786100000002
1.9891296390000002
1.944539094
1.9664191130000002
1.9725851030000001
1.9171255050000002
1.9034689740000001
1.9854823940000002
1.907694854
1.9700699940000002
1.906723602
1.961777944
1.9115820360000002
1.9140871620000002
1.9889255430000001
1.9437604320000001
2.0892362920000003
2.004560661
1.950947924
1.979779251
2.0045147830000003
1.988232226
2.564958319
2.1005743960000003
1.973283587
2.026498655
2.0022354520000003
2.001656683
1.892072489
1.9400948070000001
1.9353957810000002
1.9951190140000001
2.026021769
1.9754741830000002
1.937070631
1.959876186
1.952296985
1.9670830870000002
1.914607651
2.027517719
1.9312743790000002
1.973210665
2.0276312770000002
1.978316439
1.9279488100000002
1.9718521500000001
1.830854344
2.014927937
1.969802752
1.9946732370000002
1.886892977
1.965098291
1.9625940860000002
2.0031442210000003
1.9315259
1.965184245
1.8817706760000001
1.91485652
1.896685822
1.8845069490000002
1.8688747280000002
1.837508828
