Cost,ResponseTime126769.76515305559,1532536.0710531238
130042.25029556874,1502183.3442566742
127550.52171029514,1525124.1786852502
129654.17867153473,1516467.8218951533
129298.84892428086,1524721.722158832
127261.6925734149,1539076.9699840369
131812.96664529224,1497126.2857090007
127869.20001837386,1502449.7724468498
127593.04645465364,1528945.5423031393
131345.2086706931,1501776.089227382
126429.63028246655,1515858.4612876864
130902.25938402298,1490802.387084742
128256.08196114932,1503850.2303807791
129725.97818049841,1501475.1500881284
130006.86227216701,1496158.1641709465
127458.38709939539,1510837.5481441384
127611.35093949993,1509530.1357008186
130583.78838124406,1496001.7895155216
126989.67489306451,1582658.8598907595
128572.84543354032,1506406.5759241213
127337.92305019926,1533887.3140722616
127382.67398293798,1511845.7812057585
129926.85644329131,1487426.5628350882
129188.71963016447,1542744.544604001
129218.47507893402,1533712.4453858202
130064.21803500172,1592664.6578041557
133581.97993050038,1511072.9426210967
130826.83199412061,1513966.4296828986
130276.00411471988,1529213.7418207948
130123.0229793267,1559118.8212008213
130182.09286088281,1555706.0208548
131834.6028193281,1492271.3893411795
125342.9386750841,1540970.4954300239
128307.87373616037,1496262.0541761096
125525.48139170463,1519758.7506770105
128112.45866948522,1504023.616248548
126893.11353687807,1509498.4738081375
126490.68050300603,1516844.5684994557
126530.16986388681,1511147.8502506523
124984.28480725839,1578649.3404477588
128804.09375291893,1493593.3828947376
127561.77601110279,1503195.9245800646
125158.94094930118,1536809.9883735976
126899.4691400632,1510461.8302503154
126266.9981794928,1527867.2545678986
126583.94808477961,1517809.3547349088
125590.8970614955,1528749.5107825215
125429.27342130194,1536379.1302326962
126619.67993497671,1550844.0130995843
128587.5173740985,1505210.5465273429
127452.24095208397,1550658.5582062744
128237.04062581467,1511159.7202137068
127569.13545974459,1530414.785452252
127541.7264741344,1542224.4765418079
128075.38858446757,1525986.0522504533
128120.08287936216,1523235.2010756694
132603.31525505282,1503256.083261818
128384.7596366979,1545386.9225352637
130156.5833104935,1542897.003305905
130232.61465930178,1536356.7813935261
130664.5918374128,1519838.0239953594
130450.69557853857,1523750.7605574771
132478.6082655434,1518776.8703732074
132189.82166745246,1519559.5679936416
128033.89963313351,1504264.2447810422
125427.71507347445,1542135.016792927
125435.32548286545,1522782.6150746772
126940.31658832957,1512889.8176618887
127479.68248629262,1506576.0538139073
127845.71851608001,1505139.6041773397
131250.95214049116,1500207.901217758
125894.78855342587,1546474.9827703773
127225.4038832924,1501293.3202320165
126112.60085802124,1539737.4250166698
126550.85222464864,1513175.9811358713
126907.23238233165,1508406.3435107241
128062.11102800611,1527530.734271918
129687.92226100576,1468638.8047218618
128930.57667352047,1504328.8437886992
128519.26910062245,1521735.9391607014
129566.64640840827,1494747.1917344602
129470.5673012648,1495297.5132807873
128401.61531102238,1523227.0503630228
130883.52848559541,1523514.570420473
127240.74301077543,1540275.2525480525
128584.98159943619,1523839.904884337
128313.33896139573,1529870.1170551218
128094.72223122996,1535785.9989318182
127467.86489525097,1538666.7959044708
127121.99124281979,1542952.3029727424
132651.53120083647,1490255.0304663465
129275.75931840412,1519132.0860646323
130070.61029907106,1508710.3470820938
130726.20424711744,1501342.793010733
132353.88690670807,1499054.562566911
128324.82996915122,1536114.0118836702
128399.03449925433,1526115.6529520096
126919.20024125073,1552641.7233594
131334.02963113587,1480726.2335072302
129676.77756676856,1486069.5176058512
127846.6177504881,1518403.1828096567
128624.20309268046,1502402.6043175117
127399.81081168665,1536228.0703851026
129073.17825394677,1486233.1757512803
128137.65744396628,1509450.7203482222
127131.7470317712,1544037.2974484162
127198.29372125075,1542883.8535275192
127345.8638084807,1502500.0243420287
127191.43577494085,1553792.1473372544
131567.37621948944,1512036.3067246752
129426.18448328396,1512441.282306758
127596.21059585725,1543547.8998141577
127726.06897104435,1526631.9146180633
129273.69665250125,1517539.9866863259
127445.01987906691,1550519.4186999102
128121.34404518994,1524517.649826717
128838.82339602953,1523272.6569906536
128776.56062222588,1523439.0338296532
125741.49084498397,1552427.4947289107
133836.36626678516,1508100.867009598
127843.12108104392,1531460.0775862471
131268.77209890183,1509449.0416888571
129865.04681129371,1517769.5349460992
128014.84818594315,1522980.024402399
129366.66624769573,1522543.1451075696
126941.78963513688,1553872.5067718055
133745.4866288646,1511926.1592569556
129520.10728751752,1540505.1702911733
128628.36072283637,1547156.5163670247
133199.65634982524,1521291.8380460928
131711.8859452036,1525328.0458825917
130002.60079882972,1528982.0314944547
127193.8088569797,1552122.7824070957
130026.78406559318,1525402.0009307414
132547.16843450358,1502944.388697591
128859.55808838854,1549708.0565874174
129039.11942770236,1514570.1932394363
130770.19692435714,1508183.6702209236
135204.25797515103,1524092.427963824
128974.90182182766,1579497.935820677
130800.67344933176,1541757.5929777757
130592.1004161616,1569053.293315634
133494.7316766408,1533711.179208859
133236.77250630106,1541291.1215754498
130537.39967799402,1576247.1736008776
131397.3193130722,1512598.58870843
126160.5505688968,1534247.5655773827
127138.3677168058,1531091.809525367
128219.9497540299,1523333.3598620975
129262.53440466747,1520819.8036032303
129682.93050636051,1516444.2730543034
130838.06827392703,1515623.7442576215
131135.25303689353,1504688.8178891225
128716.57566693865,1572660.601030557
129406.53520987964,1514581.8678895375
128951.0947637392,1539690.9900099486
129243.92600930457,1536479.9799878516
129185.31911958625,1536914.2559857464
133095.3532576363,1482312.4147854012
128390.85053809785,1535681.1974216974
131665.59487112297,1500116.161719737
129894.2755935598,1507356.3328627478
129666.30152869067,1534312.5935993278
129604.15755788269,1535026.4466182126
128295.67809513018,1472449.5859016783
126754.68738231022,1542269.5169853666
127236.4686665446,1494849.6427268079
126894.60390422329,1505739.7164148677
125536.70995489048,1558667.277298627
133574.7532346659,1495562.8589893004
130840.35269159329,1497202.3142275908
129245.3171055486,1499984.964491853
126599.47739589911,1556191.0358199154
127415.66322962097,1541659.368478024
128900.08908229564,1516245.7258290777
127778.97105199576,1528518.075184449
127634.6293687768,1536523.7222484285
128049.59423929406,1519594.0728425796
128045.72662822928,1523409.5827176026
128700.18298546206,1517497.2303571613
126973.4316633709,1562844.6997969248
130339.26570858588,1480765.0660661818
129637.03506634095,1515833.281154203
127745.73884876454,1519655.0662192756
127234.67455572849,1546843.70619388
127142.44528588222,1556744.3160016611
126381.46771745276,1541042.0051002677
133429.26802642434,1495292.9397957448
130895.09815067392,1505161.2717677453
128457.25429301482,1521216.4317783467
128471.57032483912,1513984.617548292
132619.04316560895,1509414.1106175508
127797.53157195784,1562968.2420954853
129786.87846672232,1510869.076591179
128213.2839624323,1547250.2096009348
128591.8323073184,1532154.7519350743
129706.59007535655,1524458.326464853
129238.28020102027,1528639.247474898
