Cost,ResponseTime
14.627591703857497,419.73296721466414
17.287978249255588,379.4081109723389
16.023388037790028,379.9583345104534
15.802726658499292,397.4725115895462
15.569507118480248,414.59376685920245
15.942520871225133,393.22824878712845
15.796633945272905,414.57156777987296
18.8649426969462,365.08740052658317
15.865429673253182,382.548449669214
16.654339890515946,370.6707365249191
18.863704961060343,367.3700078537653
15.39899746032578,404.2611899176656
15.852028728701605,381.5220803160564
17.57144489513749,397.97793810097113
17.277691559314466,361.6315330233679
17.857710300323514,376.85752672288015
15.816829651658278,413.912295711811
16.7156979014971,383.1925981208533
16.709269950600678,402.39017479360774
16.213551151706092,406.9243908413995
16.471020947002586,403.161213340902
17.739180133812507,366.5538459452943
16.20938737936623,393.3656837575283
16.7595832996523,375.1968092797082
16.713182600128683,393.364617040254
17.38069967985248,420.2398986582258
20.120875674492563,380.954018841313
18.162243081176403,384.9694358173158
17.82221931548753,397.52671931022934
17.71396299825846,407.63014396715107
17.492070982852784,417.8955972317399
17.498324696241976,408.41985924075783
19.121988292565316,377.99679494339404
15.644358958890848,387.12372251568
18.01239184660985,383.0903552019166
17.301258866752253,375.74008512348723
15.447006332063646,406.4303238081024
15.822457048030348,396.6492943534193
16.22304869630582,386.33703521634743
16.033377237985228,395.72158319645786
16.7790465760445,379.0861902753531
16.537789643929482,385.33596813463527
16.778784339271944,381.94936722295336
16.104509645193612,379.70548465901635
17.087794401638966,353.7965539669657
16.86672743131423,362.47916467026556
15.82802205784119,377.49399047431876
15.183124686787796,373.3391752549988
18.759377916211918,396.9312565538276
16.5900898349409,427.4213030073488
17.43208042325719,404.048945106663
17.57866248335582,400.8512309173752
15.92526538878328,386.84347860965346
17.690262437913244,369.5029998968552
16.884913995430097,383.0951611971523
17.21849407274579,376.09765787956815
17.42979585529554,374.2855258404748
17.38660387302974,375.05876841717674
15.91535074705817,424.3461711972421
19.26543486940299,388.0178499195341
16.05766499364447,406.323801631636
18.39354648491193,392.0980865122189
16.924047449143167,396.0248333218859
17.830842454641395,395.8405579151582
16.39310019044161,402.26945544731933
16.381270591379238,404.87660619353505
16.9463017172312,357.9722040501614
14.100105261144888,365.2297308369526
14.551539657365037,360.90245933474154
16.61061624128515,367.1051859519484
15.163026740260294,368.3085125184122
17.141631417596674,403.7632790841322
21.45375397123373,385.438794174655
17.602738538113837,393.20179797737757
17.683604722638133,388.1539962519539
19.597813824314244,388.14254744445526
20.227127913673534,387.1256577302283
16.549188388455452,389.18640363477755
17.10373220844329,385.0669294240653
14.951220605528677,412.9199477589675
15.924568903809085,388.857930639311
15.613786794456425,372.0000105987333
15.013719638379575,365.837397724083
17.726344410827384,359.43230610920483
16.012308503010455,362.62162147712036
16.419132356577727,379.51862376977374
15.844598857450862,394.78455676185644
20.219696532260738,405.0585444639201
16.663668239014058,436.46240622530854
17.798360321871545,420.11572568744543
19.11922890937113,411.10218325037425
19.14001229896958,411.07106107512953
16.629826672316646,371.3587370357008
15.187111341918344,397.78218228427187
15.656478090347852,393.2247424641555
15.730514364599603,383.458187786113
16.50547329992106,382.65177368447684
16.387874400299808,383.2119986286001
17.19066425447526,377.5875624159873
16.041080095558954,396.7278476951543
16.76789461451196,391.81041238305045
15.951109615176044,355.7444496871437
21.395895952836607,370.82941520653316
16.23382644614988,398.88532135746493
17.60836560000475,373.5569378991246
16.821635754309398,378.3784054039032
17.40620644559088,378.3629044813959
18.63636025473513,368.69716607848875
17.400672978867316,399.63408464262017
17.999890345178034,381.9617645817047
18.517150438310107,381.0957518926409
