Cost,ResponseTime
1127241.321127252,1.4066144916400751E7
1097497.694629026,1.4259583033813389E7
1109675.308251555,1.4138500654468643E7
1115680.1036506766,1.4104653961095488E7
1122169.2972532425,1.4092864980394205E7
1107386.930128988,1.4190748271682877E7
1105377.6629547628,1.4255994230204565E7
1106589.2699107763,1.4224141349074734E7
1099174.6268417093,1.4257715197113387E7
1103376.2028176596,1.4333354593945011E7
1122160.4996465123,1.4145767263634022E7
1105601.6051452176,1.4273659702214114E7
1110038.5756943482,1.4262173680461586E7
1111967.8262106609,1.4224089884767182E7
1121244.3212857975,1.4184767461321734E7
1120172.406650622,1.4206963993305305E7
1116754.2238971738,1.4212138885331336E7
1114364.4743913917,1.4219498244239023E7
1091640.1569486435,1.427331331999547E7
1110112.4513630942,1.408860518183566E7
1099133.947728876,1.4185557470783178E7
1106335.1451847674,1.413283939204619E7
1106361.2508142847,1.4104416166134385E7
1115410.2196743775,1.467452464996829E7
1132278.375704469,1.436013225524611E7
1116186.3237370972,1.4486267750976605E7
1124560.7917677246,1.4431103764245791E7
1119842.22579593,1.4463530368422441E7
1116149.108738197,1.463559260228049E7
1129391.1520675893,1.4429624024932567E7
1132016.187922513,1.4412368480593402E7
1124228.1105497626,1.4208638060320811E7
1101860.5999430567,1.4482053331585417E7
1107077.3242814182,1.4405540681084985E7
1109640.1978932808,1.4330420799130261E7
1120757.205652439,1.4246163585362615E7
1114288.4718643087,1.4299294589665592E7
1108218.5074098161,1.438970483487045E7
1116808.0416740086,1.426650772643333E7
1115699.1703829654,1.4289071276420223E7
1112568.9362832874,1.4123837952804139E7
1105828.1039143258,1.442229883310199E7
1107067.7561744414,1.4314922247876024E7
1111608.036885603,1.426321239759691E7
1110789.7020441322,1.4301173385105686E7
1109101.7759773703,1.4551629880057318E7
1129071.6503457697,1.4197535486916253E7
1115170.3149769949,1.4211081166240642E7
1110771.4357767866,1.4381710247534866E7
1112155.339024348,1.4291279607712708E7
1114989.558149478,1.4271955202356897E7
1100642.021107502,1.4210298536763255E7
1120378.1862486699,1.4023717705049114E7
1106081.662129709,1.4048032191576138E7
1102692.6180041337,1.4138310116486836E7
1101490.7379274748,1.4153691539472584E7
1100080.0702751093,1.4349739289763615E7
1101811.2720521046,1.40934958159537E7
1100440.540300023,1.4267447638471536E7
1116195.9218759357,1.4205945329741066E7
1099459.9536376284,1.4487639017054172E7
1102925.3034670441,1.4261436672367206E7
1111539.5871901452,1.4228010414600419E7
1102818.4088750177,1.4360050734803136E7
1100142.4724353072,1.4413743542346822E7
1114352.4232682416,1.4209134536296435E7
1102404.0368133609,1.4384449660618665E7
1100690.2232248597,1.4392033027946735E7
1112425.6187316,1.4227069317588527E7
1115360.347872783,1.4146997746832188E7
1098945.4350939384,1.441248860219913E7
1108708.8126220105,1.4223713114952877E7
1104127.8037497883,1.426677657363791E7
1102347.000837666,1.4401255183848012E7
1103328.9631986162,1.4340808889237579E7
1102351.224258331,1.4346276570580862E7
1103398.976407166,1.4363918894558674E7
1114893.5212779758,1.4119069023320146E7
1105257.788560844,1.4288201184814638E7
1109828.8987988427,1.4276686113627896E7
1112219.032897068,1.4225071725838302E7
1114029.509917824,1.415817721481477E7
1112000.0187784603,1.4255060693080904E7
1114478.4878018326,1.4137948799606444E7
1107642.6016361623,1.453788072002743E7
1136712.413869365,1.410837309888021E7
1112927.5050999545,1.4130870165817613E7
1110462.882569621,1.4150674489245936E7
1110100.6802978783,1.4359149565901633E7
1109958.435993996,1.4391316870582141E7
1114106.1246001127,1.39965064937827E7
1104216.662801579,1.432191750554132E7
1110518.3852967364,1.4041312902559986E7
1105592.9160062235,1.4311501885657081E7
1107941.7354669892,1.4100149531365698E7
1106278.373984455,1.4178009506849302E7
1106421.7417398836,1.4107482748328272E7
1106400.0646283017,1.4137461730416546E7
1132007.6258101403,1.4264010170303516E7
1100253.8853449074,1.4474623059030885E7
1103398.543065555,1.436024111731283E7
1111307.4189731814,1.430520496290181E7
1126587.0206340451,1.4305186071096104E7
1109025.099963864,1.4353852619510626E7
1131461.2023376306,1.4287771926518572E7
1127043.382735442,1.429417706922373E7
1101558.667555518,1.4397359316851465E7
1121770.296789141,1.4096637664072245E7
1101715.9209210973,1.4200388134982992E7
1118854.920151396,1.4124853620941948E7
1108116.1069152274,1.4130659254918713E7
1107437.7641695177,1.4132283256863974E7
1101479.2270147959,1.4639686550566716E7
1129197.857905423,1.4249223678297482E7
1103703.8670131587,1.4551130452747073E7
1121340.799279876,1.4279043944838818E7
1115894.1393276998,1.4342928903588915E7
1110447.1321141578,1.437386088953356E7
1119125.0389079286,1.430758256117766E7
1104228.5375194703,1.447804823232374E7
1108471.9307412596,1.4419045139458455E7
1105812.2997533637,1.4444756773333224E7
1106931.3777839134,1.4433605397928195E7
1096115.6879464919,1.4335116852695078E7
1107719.420007532,1.4072244951139536E7
1105276.594314834,1.419375501770187E7
1100296.0331254867,1.4278741591637075E7
1101885.9295608522,1.4245414859077314E7
1109473.7426587625,1.4038885633984791E7
1098824.9878258335,1.4421780682374671E7
1103170.9962659855,1.4320426770673558E7
1108257.0732968936,1.407200828725967E7
1105793.355579027,1.4191402573736176E7
1100756.310649643,1.4378889588004952E7
1105727.0981505858,1.425064780909769E7
1102269.8372751155,1.4279254351149911E7
1107846.383065717,1.4078604418001391E7
1105729.7447667534,1.4082559302203713E7
1118709.2654964854,1.4086793266703328E7
1105272.365207489,1.4272402035029398E7
1116049.213152713,1.4202791689069599E7
1108958.3834952973,1.425669108531498E7
1113130.3522334816,1.4208512083887303E7
1114464.197579073,1.4203764046227474E7
1128343.4227311795,1.4067220381137973E7
1108195.4336386728,1.434884822588116E7
1110930.4102360685,1.4285584285040103E7
1112482.1138466606,1.417074101414953E7
1120839.010692299,1.4078446039942786E7
1114844.972021018,1.4133202933656124E7
1119146.3813978734,1.4107611966922902E7
1125243.3213854574,1.4123934454057561E7
1104140.809656221,1.4352629654567054E7
1120297.6678231973,1.4124800645066753E7
1114717.601400526,1.4216057223515036E7
1111333.7689900957,1.4287277246222092E7
1114667.6185768836,1.4262356884442179E7
1110998.4941905874,1.4339426344404185E7
1108326.31607514,1.4349907805627037E7
1104567.9550054686,1.4302376339926708E7
1135286.991919477,1.4185874269247731E7
1105764.7172681068,1.4196787520077502E7
1093887.6558671265,1.4105293220685063E7
1102323.2893069885,1.4008873033200432E7
1100150.9266590148,1.4052338549299154E7
1101016.0935142345,1.4319068005510759E7
1120969.2409480198,1.406419322905637E7
1103283.839495145,1.4203236215600654E7
1114106.1604554832,1.4068388387783708E7
1111561.1386759875,1.4161221831255257E7
1110277.0851902387,1.4192059225525385E7
1121734.9900465135,1.4173334725993387E7
1102792.6306764095,1.4473524328259518E7
1104253.8951755464,1.4216979476682464E7
1120170.8477413598,1.4203087499103876E7
1103691.7014568506,1.4270705323428538E7
1098852.9618578549,1.4044675875890963E7
1113598.6355912185,1.3965150909893103E7
1105922.9262483085,1.4002821967393586E7
1106015.4511703928,1.4119978298354944E7
1127232.1307665661,1.4129580712553881E7
1101174.3187649501,1.421139008555941E7
1121831.453341731,1.4171459676145982E7
1110865.3471299086,1.4183263832138395E7
