Cost,ResponseTime
409541.2068576587,5314595.75187219
417725.2147507804,5078436.5703693405
415132.90355723,5122452.795732889
412478.24505294155,5169220.805215634
411055.9527672863,5234216.611123999
410631.7724100527,5247931.716941904
412556.19122313557,5132923.642606651
419125.6630588276,5135327.153014657
408098.88389439456,5186934.097919587
409571.956539296,5176043.674278093
413449.33180006687,5170145.368960949
415948.70491906215,5156669.439379592
417638.1173201621,5142155.5130071845
415125.49895290367,5164926.550720855
417992.0295411379,5141934.341576413
415891.3195238956,5160350.303322062
424965.0726141031,5092860.917955858
414599.8749447091,5188418.424194528
418853.2144925605,5130183.780893325
415269.3679139681,5154814.336302606
422390.2122786373,5108585.578054784
424757.8515046257,5100658.235292161
412453.14622181543,5211164.079270617
414946.8355452418,5097269.62292095
413773.64300253044,5151142.247066837
405334.7532575385,5180444.796643589
410165.93141631637,5090894.342342149
407037.5750169956,5143935.459365211
408093.51882351976,5106969.920778965
407570.915055507,5127617.369137108
407506.04589383,5133282.706247843
405206.3854896968,5286814.280535144
410730.4158785388,5137520.100912535
407580.74626141373,5168164.039165169
405798.0674418743,5220783.406770099
406374.37444152095,5211058.2328361375
408230.93221125554,5142708.181392304
410084.84281812445,5140889.19168765
409717.0133417056,5113759.080304748
405274.1762627822,5292443.224079163
406931.7794512662,5135931.716221709
406120.79553277994,5172027.26568102
405747.01472518715,5257209.021432069
405988.6532551914,5210980.575408251
407977.1600801243,5174919.574916469
415863.8872560453,5069870.234727528
410342.5787107554,5110556.098916943
412052.58169286256,5081304.556710366
408830.60857282515,5160706.765253091
411737.30947787047,5100896.288192258
411230.23738917126,5101199.028542249
408386.1428552254,5170732.345927444
408750.78795211547,5168980.5914648585
414991.2026142928,5182937.472876384
420505.669067517,5075266.676481031
419636.82857808564,5129292.647382136
418509.05411193456,5150115.011820354
417872.3566964982,5179611.101720723
417995.01759025105,5172507.746904859
415787.54280900443,5055677.707087621
403908.1659514979,5252623.89668936
409516.6790642384,5146622.35328859
407075.54934300005,5218296.554645693
407996.2140563632,5187629.833256738
415227.8317410613,5080292.724013747
412503.0869420819,5104452.408702851
411365.4793182317,5108182.800595451
419163.87334606523,5177647.074867013
405670.0045056717,5205110.338040774
409584.41813382803,5193420.899962257
408588.22084948805,5204850.45596071
415093.21726562263,5182072.379320521
412544.81798034755,5188480.748093978
413085.4545932795,5182802.939048754
412759.27636624785,5185850.933141747
418010.5235801686,5136946.5840970995
410651.17420452967,5253821.796659955
411343.5709029244,5195498.675663465
412841.7200811165,5164866.430429525
414605.764729236,5162600.304942475
416519.45412648097,5143677.748449636
417047.6176915874,5139502.143836481
417003.35785115004,5142174.104686207
424703.033252384,5135860.189763799
410586.00997023814,5253298.04333752
410650.81741412956,5204558.427107909
417942.80164273526,5136228.624116443
416516.2108751319,5156845.283814277
415251.27649721585,5189831.778168097
415478.5310186086,5181391.2361507155
412759.4627241693,5088259.083436097
406373.06002577575,5169130.083005041
406776.04100749956,5142114.095813626
409508.9238340971,5122984.899383584
411069.75454605557,5115331.481996762
412750.11830736103,5106092.868345136
412046.83588367666,5123716.91875155
419380.3953866747,5101811.643856057
415172.7666315106,5112073.918917363
412982.1067178385,5118118.398823899
416891.4924324845,5068862.621296122
408449.1104736444,5287178.541287536
409385.8183464086,5158874.587034416
413709.58919269947,5123335.865733165
410289.1625320124,5148483.322123866
417917.5161052808,5116288.880281018
414812.0817048255,5119906.477959508
411346.3951936022,5140339.132628769
416767.74392391904,5052060.000192164
411705.6582149506,5278258.508611462
413482.2110269934,5074703.231675189
411753.57904563553,5141608.619937125
414522.4542336984,5114884.455305
409087.01230460947,5210665.79884829
411743.56266068993,5164551.03331425
413747.8330716444,5155136.807376285
410471.82347868,5181245.703955967
413767.1421177078,5124495.23321831
410156.6064075904,5205507.54290722
418199.6206686189,5130585.901590268
409352.7632950788,5301324.092641184
411240.7964670822,5229284.9012415055
412289.58416982193,5220066.485262666
413472.8895172096,5172128.28810294
415865.7983693977,5151286.437912742
413544.9541112467,5162367.334409043
415660.15239915164,5151595.047036251
411279.2509050755,5226290.357141553
421164.75824857777,5138042.999627067
415230.2164730343,5140070.580565935
411963.9728546594,5204342.668858945
415069.1805957352,5182075.6033838885
413923.7897266312,5187801.971903739
414181.83779844944,5187763.37381827
409339.3227951335,5235796.394621136
416882.7995216392,5053428.439038053
410905.16050913074,5146343.261981197
414922.79197082325,5103249.4452186655
413679.65994686435,5116508.33962923
410066.55407341255,5192336.203511484
409449.08987728256,5221972.068027888
410793.59725152224,5232557.505707265
422032.28177666874,5125672.914584351
421553.8734334026,5147451.898711011
413330.2934062528,5154442.273002158
416114.94724696904,5147964.551521262
411982.8135420168,5188251.640889118
411394.2411159139,5224114.426788773
411523.4354677335,5189553.166551251
415833.9704088706,5150741.241093263
411003.63737149484,5227939.453439717
409246.3206171324,5199789.091198224
416213.70710439514,5071017.67836796
410786.6577369104,5149915.937205458
413258.3249141286,5095645.326883971
414606.3540361533,5079629.541251579
409617.2305137132,5184915.863805061
411350.8391342582,5125446.512883361
412213.58991671406,5116120.145103192
412193.78500750754,5123554.127092378
418868.78504853894,5041664.237357546
408340.6111697942,5099709.145514034
413353.22087158187,5061574.8523717895
409406.04442234535,5081794.474314367
407619.60493585764,5307621.639900913
415058.2876137098,5100068.445556596
414570.8403491355,5155837.467434169
407735.8387067911,5229354.857869747
412934.7889879314,5165327.542899677
410869.7524835012,5209665.249220471
409501.99339605425,5224295.0572856525
412202.12602135056,5187800.045408095
408375.95733367256,5226233.771563322
412029.3503173948,5208288.309035008
412107.9914521623,5207119.053990587
417745.36968607485,5118836.911932813
405512.6570636704,5218848.483186577
409833.3786451585,5199090.203736373
410857.34145480045,5165277.646065162
414198.6397388187,5138263.74487576
413501.28288254,5153510.4850839125
408202.61961766554,5172185.864041
421217.2772716018,5097763.248523976
411414.80130384554,5149598.5965175815
414962.73567516974,5148269.502691398
418678.5816975015,5099734.403022142
417441.0925608754,5121783.2432130445
416904.1476078635,5128722.765640266
418308.9288547207,5111511.384582205
415642.9355739726,5143216.757940386
416166.8787488835,5137248.950688244
418445.16968286154,5109279.741972549
415965.4150557036,5137434.900832332
411033.2005239711,5070390.115556629
409239.2683977667,5227479.40924474
410191.510302495,5182691.590782187
410820.60596885835,5137308.036421566
409495.8259786082,5416685.314749277
431093.7399229913,5168365.933510581
421338.18348290975,5177962.82362316
410057.1514721278,5340049.729309376
420979.84527682886,5218357.604560906
418477.609624019,5252638.628660356
418733.64622951293,5223320.724371828
415292.9160872079,5255323.7856212435
414500.7733357573,5279082.7337727
411699.7578924026,5317171.851740398
412967.68208465906,5303101.584279037
414677.7399557246,5271640.347876155
412108.8215092552,5312964.981356856
412725.69168568775,5303166.859096627
