0.04843742908104267,0.44563786228150715
0.053044808518724916,0.3714164586772248
0.04949852048131197,0.5143858432717338
0.052913023740596137,0.4925785915361076
0.24836444629367022,0.3799550811376889
0.09012884363955427,0.371227583962045
0.04853684522518472,0.4142604909390405
0.0891157508014824,0.3632365072360407
0.13322662836457821,0.3786546101335518
0.06057807456826037,0.45388659655210445
0.05154988371826403,0.43446744837357615
0.13546119446247168,0.38104403638029816
0.07593389929323906,0.3745663509712246
0.09256060426344723,0.37116579377384995
0.04378553112071374,0.6108807669854823
0.06967608786131956,0.38610006685708825
0.10655745212566305,0.37640156052079876
0.04056345048818523,0.6263230768337652
0.04634161451912895,0.48322326119008974
0.054183684454434215,0.4855680654199408
0.046902479124020784,0.4092349678357862
0.04521884945547032,0.6893725699271462
0.04984922841568101,0.41652369997292366
0.0500968462993126,0.43573816965887835
0.06761160301158378,0.5187880009461664
0.046064894721104525,0.4922956259557045
0.050179904739968674,0.4788847979639531
0.05044489051771313,0.5926028245108206
0.052121019357733785,0.5899541658482247
0.041192000962088804,0.6132260205429432
