0.08791135927536974,0.4330434808132695
0.10648553396098154,0.3398575540330883
0.08401055031651546,0.36841847723190707
0.10784677692447887,0.34308907339807704
0.11361790212585803,0.3381177356452859
0.08143163238813021,0.3527231767355625
0.0848869422732404,0.3592364795402415
0.096259881006898,0.3551368194299056
0.10883743924699062,0.3407097702521561
0.06756718898638638,0.40665998463878417
0.06912812613794536,0.3665739477587385
0.07557109467758849,0.3613837717668145
0.10345109376415741,0.37659680281266933
0.06527225001364473,0.2752642580542998
0.09086915654234502,0.36901730882176115
0.09864957235363883,0.4722464317928737
0.0784186012314131,0.436879065218885
0.14372288062163077,0.32976440765923165
0.12786616772462206,0.3357251255634951
0.13583863953275815,0.339527038827204
0.14037073531694427,0.3328205497475208
0.08788659424620077,0.3339335314534588
0.07919011801161115,0.3451696803063683
0.10554892308466493,0.34266213990279626
0.08469413097943046,0.3527630675797155
0.13347216292029676,0.3277531837144601
0.12360226320258243,0.32841637785879596
0.12255843266387056,0.34688874524595137
0.06088799787128524,0.3721309309969617
0.11976535831774855,0.348428890198033
