0.0351701004766911,0.21592892929289065
0.02200198574988208,0.23010901931878638
0.020805759170901064,0.22891368483641306
0.02858344829133784,0.2199292647100479
0.023842338169386787,0.2240939199826209
0.025752406557374853,0.2288075623463169
0.022006480293397978,0.23774501514236032
0.0370671502516814,0.2037565314509345
0.035167374422756935,0.20730507841862306
0.03267383295626146,0.216592879391239
0.02251406382295315,0.20863255326662813
0.02361201187845024,0.24841966696522788
0.02167764867524575,0.22932242970503505
0.028856573498651426,0.20426691780251058
0.030115663826896774,0.2115852306979616
0.032768217686401674,0.21052987715190646
0.03400068758561336,0.20955323230039968
0.027536898499083105,0.20405221767228293
0.030836849495405785,0.2006168045223699
0.02470926605544354,0.21191699425854993
0.026982580245612703,0.20637756071293106
0.028672510852232005,0.2068575536637773
0.025225081755901133,0.22568844327721793
0.025368294400514378,0.2213253026285125
0.02715311620919778,0.21692022218464388
0.022524820664782893,0.23924290987068
0.020403867139069918,0.23194913397447903
0.026874397449518615,0.24057335095855317
0.02873087337343597,0.2437828593921076
0.028050258734796732,0.199069233909606
