0.029160731193386226,0.20250096525377015
0.026021581660006576,0.1936051705690198
0.013731177988206287,0.20573110883338644
0.02409964205160071,0.19848020860933827
0.026650460320660426,0.1959420303937795
0.01783707419090481,0.20491041866920978
0.015176320356504262,0.23249304584352862
0.024736334890740543,0.18597999692996833
0.016577170448863685,0.20287500750721588
0.02036222594416207,0.21799575163770682
0.022749830331497925,0.1956838185265184
0.023663080239188315,0.196334027874148
0.02293627263586533,0.1938560097800861
0.022492070019042874,0.1878912064038513
0.025214927128903712,0.1934197275152595
0.016919342604747846,0.21014696702423158
0.018315071205562607,0.22318282531265488
0.014530167724254573,0.21870489665203935
0.02128783656092585,0.18134118363879018
0.020325228322182858,0.19110731937460762
0.01524078424800614,0.19911912259119133
0.01594398505267987,0.21881190282670687
0.018086449349717034,0.23383506930752235
0.018776592808003017,0.211327337816333
0.01739036880408795,0.23273713940290647
0.01992551148757543,0.1950913562443117
0.020226701244905405,0.18917939354803232
0.018455252481692674,0.2253158988643203
0.0191032120515532,0.22543961658455963
0.024260478946563135,0.1868874084667625
