0.17665239313225098,0.4202495559697273
0.1722049041298027,0.40298748288650704
0.20118692770832708,0.38436540913513845
0.25441782456627654,0.37532312800249007
0.17511764641857427,0.39601860106644404
0.19406390225293638,0.40513289189165136
0.20963575289788527,0.40932350047106353
0.19739843217832248,0.399928847510628
0.18320522139492618,0.40146498157579563
0.17081778206914625,0.4416971339346333
0.20117926018079488,0.3738983266239347
0.20255253310723453,0.3944156542109008
0.20618154947998454,0.3877148693200885
0.17579140567072143,0.398249739742126
0.17276465865635288,0.4348645226121607
0.2096658278426071,0.4147281078891409
0.2618570751003213,0.38248735820628416
0.2474314853175512,0.3864408047771787
0.23017138308497653,0.38083664834885933
0.19131115050928138,0.3986026132837831
0.270901757568538,0.36936183113786264
0.17933689301752598,0.4196663452975464
0.1538920623881191,0.42858181853824917
0.2594002172351475,0.3912317476575501
0.21231646902534776,0.40274274036826324
0.17856663651534577,0.4320736563516999
0.16908645814976261,0.414362135371542
0.1817897156172501,0.4363107336992035
0.26977229704552863,0.3757582709433184
0.1853015943292456,0.39942033405415134
