0.011494081966600964,0.20947467426091207
0.009929475836977852,0.20950014194320804
0.006150019466234706,0.18956633142905555
0.014068268602305312,0.17160208114643416
0.020887381925259015,0.17145700610384257
0.011351945850499028,0.19363065892322762
0.017173770981900354,0.17071667584058411
0.011208648555690237,0.1568736497639568
0.018050165787840678,0.16423728667179746
0.01924182473661059,0.17567707362630716
0.009557785551130923,0.16035355110258803
0.008699837631726577,0.21409219759173742
0.008485383350014255,0.18465184192851444
0.010293815998568065,0.16292132051141284
0.01497704656989697,0.1678726681368936
0.009176067132044701,0.1791807588232474
0.023606751604111874,0.1772717762234448
0.01378364215072889,0.16513023954262077
0.011503280259733234,0.1628732173284043
0.006512123882182701,0.176583577742655
0.01040846600956012,0.15783832843315165
0.018992362550495887,0.17389143639056365
0.009237776137506825,0.18443006742656687
0.01175281933774123,0.18390016782122057
0.011739879951798662,0.15290147690207784
0.016873458427203863,0.17306912154406945
0.014255931671724103,0.16164388165401158
0.009786668769727853,0.1916371944669767
0.009730722515847346,0.19393967024889758
0.00953265383008339,0.19775302686292934
