0.18659982706184633,0.37831913006853346
0.2257492400672315,0.3566020614676656
0.20071948408243462,0.3544728905139065
0.19855654077290616,0.35582701730133587
0.12050964868978972,0.41371829040955216
0.12220829876128841,0.4036104564585119
0.15550976529323987,0.38067247939197846
0.16007308523057345,0.3659742757329163
0.1139398870267905,0.4209875999126708
0.1523490337700019,0.3766009359467843
0.14909279335713427,0.35853069583451647
0.18724657714742132,0.3509090020659079
0.15163140486256343,0.36744897007593225
0.1096480444817043,0.3767433393752758
0.13426486604068136,0.39124259257495625
0.24382208111667025,0.37281607499247066
0.1812114853084051,0.37202926865364333
0.1645479687614683,0.3700757177935325
0.1856146402212316,0.35188227242958275
0.2155076266037202,0.3627385664735998
0.13614306855786573,0.38968987688095114
0.19815729641920027,0.35749266799741086
0.14057047425061472,0.3943226687570431
0.1634502940978351,0.37661173860783415
0.1920724891216457,0.3589740497682899
0.1878048850141259,0.36157753692206995
0.15250138735634666,0.37831447476696034
0.1393339869373909,0.42453591810486546
0.12953434247925083,0.3673059364389836
0.1485945855704276,0.37299423905547474
