0.18379470360379963,0.3520886630113444
0.13924015507898788,0.3438351377516172
0.1523222567642253,0.34446427212646025
0.1162376556668095,0.3645014287497621
0.09402878815581595,0.3902845752018105
0.09181647547597523,0.43292439501641217
0.11650879250969805,0.3708186272158487
0.11572045501733115,0.36130536309953337
0.1342263201370262,0.3472101554071602
0.12318291390316563,0.33975534068282953
0.08658835599088292,0.3562770852254611
0.11909712554640128,0.33749704108738765
0.14156556337709658,0.35216874896933104
0.09023389082775499,0.28099820492086974
0.1376738311431731,0.36115117984471024
0.14485748813314828,0.3665304580725047
0.2410245275030806,0.33907116691435923
0.11128105645512026,0.37748596989157945
0.11851061971020942,0.3625839255024468
0.11680961268473096,0.38166156156954884
0.11631370469626313,0.3567936063609111
0.0811170832871956,0.44456362932346877
0.12824072545988588,0.35282506375699146
0.15425370592465992,0.34329813807114046
0.10269133010550507,0.37872192290670914
0.10799838707315343,0.3947002968131095
0.13261077857135362,0.3473895489564603
0.20298923334610564,0.3537304273984531
0.10121005045543734,0.35565652092442146
0.17459321222054702,0.3439175745609942
