46
11
79
45
55
96
31
64
61
87
57
1
52
66
75
21
13
28
44
19
87
83
8
4
28
63
2
76
31
49
63
35
4
33
20
51
53
44
68
36
94
9
45
54
80
91
20
27
1
60
98
92
18
68
83
3
28
82
41
44
30
60
37
18
60
39
77
88
9
87
24
72
84
91
27
35
72
48
8
73
23
76
21
39
36
59
34
12
12
14
93
94
17
70
60
56
67
96
93
76
73
47
9
36
19
4
11
44
27
88
82
18
71
32
16
38
41
20
61
84
96
10
86
6
92
78
28
62
90
36
90
38
31
2
53
95
6
45
87
7
53
62
59
98
64
73
20
5
33
45
91
61
70
24
30
10
37
67
97
47
34
15
25
64
85
69
99
92
20
3
25
98
84
29
8
91
80
99
67
26
21
93
16
3
43
86
65
72
31
84
10
64
48
78
89
11
31
57
27
14
44
2
44
46
16
75
78
72
51
15
63
62
71
17
2
95
64
83
62
4
82
52
51
35
50
26
9
94
98
69
70
71
83
96
29
12
38
45
58
82
11
34
90
73
23
79
82
39
32
20
24
31
41
15
12
89
94
21
47
13
7
5
25
37
6
26
6
53
22
60
23
21
96
54
64
10
74
65
16
76
54
46
54
93
25
40
69
44
24
33
79
39
24
62
17
30
62
65
40
22
53
80
93
43
31
14
0
3
11
1
12
57
59
79
1
71
6
73
61
44
64
53
67
22
29
89
43
64
63
39
59
63
87
36
93
22
56
94
31
77
13
0
83
30
87
89
21
92
82
98
10
26
75
73
27
47
42
64
72
7
85
46
82
98
8
93
74
33
36
42
60
57
74
59
19
23
32
20
70
14
34
36
96
81
6
0
17
40
88
88
80
90
64
19
3
49
85
25
31
59
67
20
19
59
12
35
44
79
33
80
6
86
92
73
37
6
94
73
89
36
62
73
35
31
75
90
41
24
96
53
21
53
18
6
87
42
27
37
18
76
9
15
25
56
16
19
51
59
87
62
80
80
44
10
9
33
78
57
58
98
71
71
41
37
16
97
4
19
95
71
0
32
38
9
74
33
43
71
23
20
96
21
61
75
70
11
31
89
7
92
0
9
69
58
76
36
89
32
94
28
15
33
66
65
38
81
84
27
26
24
53
3
90
1
27
94
32
47
8
88
55
37
65
9
20
62
29
57
34
14
18
88
21
18
91
71
15
32
17
96
74
6
15
17
92
15
8
50
59
34
15
0
55
89
68
50
50
67
89
1
45
93
43
45
61
98
0
21
39
85
96
94
19
77
6
88
97
79
73
6
72
24
73
63
78
4
10
27
2
64
23
43
24
20
23
11
79
80
23
30
73
52
20
39
21
20
68
70
71
54
42
69
63
20
64
46
94
93
13
34
5
27
72
38
18
61
16
53
61
76
79
91
3
59
76
56
92
0
3
68
8
37
54
7
91
12
43
36
22
1
27
38
47
64
47
33
64
82
53
99
22
99
29
0
14
71
65
21
65
7
74
18
39
5
58
3
64
91
51
66
87
40
2
73
34
6
57
57
31
79
25
64
43
33
57
72
77
10
84
87
53
83
52
12
61
69
39
54
61
82
49
45
88
8
83
10
27
41
74
81
23
3
95
37
35
73
37
9
80
7
86
30
49
17
38
77
51
37
87
2
19
65
66
76
89
37
35
93
14
74
64
9
57
11
83
61
14
51
88
82
45
2
86
62
56
74
66
54
9
86
17
72
59
85
95
13
85
40
5
97
90
80
14
97
53
58
76
70
12
89
76
6
99
12
95
48
25
85
12
37
97
53
67
64
1
68
89
29
36
80
50
98
13
30
51
94
2
0
88
24
87
58
75
65
60
42
9
7
38
20
58
77
38
92
85
22
48
18
73
95
87
35
62
11
0
7
7
59
99
16
32
69
10
84
7
17
21
3
95
63
45
84
49
80
75
54
23
80
3
60
1
67
15
91
44
81
31
25
65
73
57
25
67
63
68
66
93
90
45
41
66
45
47
84
43
62
70
63
81
29
