5.982
0.228
0.237
0.221
0.222
0.527
0.453
0.566
0.386
0.649
5.394
5.55
7.067
6.415
5.828
5.875
5.782
5.776
5.565
0.239
0.24
6.016
0.247
0.247
5.611
0.25
0.249
0.249
6.215
0.328
0.329
5.93
0.43
0.426
8.137
0.299
5.835
0.982
5.842
5.809
6.969
0.696
8.561
5.763
5.759
0.266
0.268
0.279
5.955
0.292
0.327
0.433
1.535
5.587
5.704
0.236
5.568
0.259
5.8
1.462
1.576
5.799
0.8
5.789
0.518
0.82
2.267
1.713
0.611
1.264
0.687
0.566
0.0
6.157
5.72
5.84
1.025
5.82
0.563
0.799
2.13
0.262
0.273
0.251
0.254
0.427
0.652
0.642
0.439
0.72
0.425
0.581
1.95
1.363
0.708
0.821
0.859
0.74
0.369
0.197
0.183
0.741
0.173
0.173
0.35
0.172
0.171
0.17
0.717
0.258
0.244
1.329
0.344
0.319
7.657
1.428
0.573
0.615
0.524
0.554
1.569
3.833
0.554
0.516
0.996
0.208
0.2
0.204
0.704
0.394
0.215
0.185
0.747
0.379
0.479
0.176
0.37
0.18
0.421
0.195
1.034
2.562
0.556
0.541
0.424
0.485
5.434
1.626
0.579
0.983
0.459
0.324
0.54
0.816
0.724
0.567
0.88
0.501
0.365
0.515
0.854
0.366
0.376
0.357
0.358
0.115
0.649
0.98
0.642
1.213
0.664
0.925
2.271
2.226
3.278
1.289
1.363
1.271
0.424
0.218
0.212
1.484
0.215
0.218
0.417
0.204
0.205
0.204
2.912
0.206
0.211
0.579
0.23
0.227
3.15
0.289
0.73
0.502
3.564
0.784
0.655
0.641
0.644
0.49
0.798
0.265
0.261
0.266
0.556
0.128
0.13
0.13
0.803
0.436
0.779
0.298
0.588
0.286
0.453
0.223
1.322
0.85
0.923
0.598
0.314
0.523
1.841
3.368
0.578
0.97
0.479
0.567
9.285
0.854
1.12
0.459
1.198
0.41
0.579
0.678
0.693
0.226
0.233
0.22
0.219
0.344
0.765
0.793
0.371
0.552
0.397
0.545
4.602
0.552
0.513
0.771
0.759
0.96
0.528
0.232
0.232
0.912
0.233
0.231
0.604
0.222
0.223
0.223
0.868
0.307
0.304
0.578
0.286
0.287
1.792
0.267
0.713
0.79
0.685
0.694
1.065
0.95
2.159
0.695
0.757
0.244
0.252
0.259
0.898
0.268
0.276
0.238
1.143
0.552
0.66
0.232
0.489
0.236
0.474
0.241
1.334
0.539
0.752
0.762
0.473
0.666
3.714
1.23
0.611
3.085
0.565
0.468
0.47
0.756
0.513
0.428
0.532
0.687
0.484
0.45
0.866
0.227
0.233
0.22
0.221
0.366
0.836
0.863
0.372
0.619
0.356
0.538
4.443
1.279
1.913
0.386
0.681
0.887
0.472
0.232
0.232
0.444
0.223
0.224
0.626
0.22
0.222
0.227
0.846
0.292
0.293
0.903
0.283
0.287
1.529
0.269
0.708
0.839
0.676
0.645
1.07
0.867
3.331
0.447
0.51
0.25
0.241
0.27
0.524
0.284
0.229
0.228
0.959
0.578
0.625
0.233
0.487
0.236
0.481
0.243
1.332
0.536
0.744
0.764
0.479
0.659
2.868
1.816
0.71
1.066
0.553
0.466
0.697
1.008
0.508
0.657
0.962
0.684
0.482
0.88
1.833
0.251
0.257
0.261
0.239
0.254
0.896
0.92
0.421
0.86
0.38
0.577
3.291
0.591
0.0
0.405
0.993
0.739
0.555
0.231
0.172
0.362
0.177
0.178
0.37
0.18
0.179
0.18
0.475
0.244
0.243
0.682
0.336
0.309
1.425
0.226
0.375
0.697
0.551
0.372
0.529
4.544
4.001
0.392
0.378
0.238
0.197
0.202
0.385
0.184
0.249
0.234
0.725
0.409
0.412
0.178
0.374
0.18
0.372
0.189
1.074
0.36
0.399
0.365
0.365
0.33
18.216
0.773
0.572
0.9
0.467
0.349
14.712
0.502
0.425
0.338
0.411
0.514
0.388
0.348
0.812
0.245
0.254
0.237
0.236
0.257
0.891
0.919
0.43
3.82
0.378
0.576
3.973
0.586
0.0
0.401
0.865
0.96
0.35
0.174
0.173
0.351
0.175
0.175
0.356
0.179
0.179
0.179
0.518
0.246
0.24
0.353
0.335
0.594
0.656
0.226
0.367
0.609
0.555
0.358
2.576
0.531
4.536
0.388
0.373
0.202
0.196
0.2
0.483
0.279
0.237
2.487
0.721
0.403
0.354
0.177
0.383
0.178
0.372
0.192
1.066
0.372
0.39
0.352
0.347
0.326
4.601
0.792
0.577
2.023
0.48
0.326
5.871
0.502
0.408
0.337
0.48
0.505
0.367
0.347
0.738
0.247
0.257
0.243
0.266
0.336
0.598
0.921
0.424
1.856
0.379
0.579
2.386
1.235
4.089
0.817
0.936
0.938
0.366
0.177
0.175
0.549
0.181
0.181
0.428
0.178
0.178
0.178
0.873
0.244
0.241
0.779
0.438
0.335
2.073
0.225
0.562
0.633
0.561
0.54
0.479
0.77
0.769
0.522
0.59
0.203
0.203
0.2
0.595
0.223
0.265
0.262
0.921
0.406
0.965
0.177
0.373
0.18
0.374
0.192
1.073
0.376
0.574
0.544
0.38
0.519
2.389
0.801
0.559
0.919
0.47
0.324
0.531
0.911
0.435
0.512
0.896
0.494
0.368
1.309
2.054
0.212
0.217
0.207
0.2
0.438
0.455
0.716
0.376
0.643
0.348
0.462
1.966
1.076
0.671
0.681
1.402
0.72
0.569
0.247
0.254
0.746
0.252
0.241
0.703
0.25
0.249
0.25
0.932
0.316
0.33
0.919
0.959
0.479
1.89
0.289
0.868
0.805
0.745
0.763
0.664
4.569
0.743
0.487
0.491
0.285
0.271
0.305
0.521
0.292
0.278
0.291
0.991
0.53
0.487
0.244
0.517
0.247
0.504
0.467
1.499
0.592
0.808
0.876
0.533
0.612
0.0
2.066
0.58
1.038
0.607
0.485
0.522
0.817
0.577
0.484
0.561
0.74
0.501
0.491
0.866
0.207
0.221
0.2
0.199
0.389
0.598
0.626
0.34
0.492
0.302
0.459
1.9
0.469
0.358
0.353
0.829
1.299
0.529
0.259
0.248
0.487
0.244
0.244
0.497
0.246
0.246
0.248
0.656
0.33
0.331
0.498
0.477
0.483
0.803
0.285
0.529
0.816
0.749
0.496
0.696
7.493
1.641
0.483
0.502
0.348
0.262
0.32
0.583
0.263
0.255
0.279
1.006
0.528
0.504
0.282
0.51
0.247
0.496
0.274
1.528
0.573
0.531
0.512
0.518
0.538
6.996
1.022
1.158
1.027
1.512
0.472
0.51
0.827
0.555
0.48
0.548
0.726
0.51
0.483
6.185
0.278
0.294
0.264
0.278
5.26
5.662
1.015
0.477
5.91
5.39
5.603
7.427
5.601
0.0
5.417
5.898
5.822
5.351
0.177
0.177
5.36
0.182
0.181
5.347
0.175
0.176
0.176
5.481
0.235
0.259
5.371
0.332
1.218
5.606
0.223
5.369
5.624
5.55
5.347
7.787
2.106
5.525
5.351
5.539
0.214
0.193
0.21
5.36
0.224
0.323
0.572
5.731
5.429
5.506
0.175
5.366
0.177
5.381
1.644
6.059
5.347
5.382
5.375
0.355
5.331
6.413
5.704
0.479
5.909
5.459
5.348
12.514
5.51
5.397
5.384
5.405
5.532
5.36
5.358
1.147
0.266
0.275
0.258
0.256
0.268
0.658
1.011
0.49
0.856
0.394
0.587
4.906
4.167
0.611
0.415
1.161
0.791
0.351
0.186
0.173
0.35
0.176
0.175
0.346
0.177
0.174
0.173
0.469
0.256
0.238
0.354
0.334
0.328
1.1
0.223
0.535
0.635
0.54
0.53
0.619
8.462
0.767
0.605
0.617
0.228
0.233
0.2
0.547
0.189
0.201
0.295
0.838
0.396
0.577
0.172
0.363
0.176
0.381
0.195
1.044
0.526
0.524
0.526
0.353
0.487
2.824
1.183
0.579
2.062
0.463
0.353
0.552
0.691
0.435
0.653
0.745
0.535
0.359
0.507
0.689
0.271
0.279
0.262
0.263
0.378
0.612
0.942
0.493
4.787
0.4
0.602
4.978
1.264
1.094
0.838
0.908
1.26
0.35
0.184
0.233
0.877
0.171
0.173
0.586
0.174
0.174
0.174
0.707
0.24
0.243
0.715
0.339
0.332
1.603
0.219
0.55
0.696
0.53
0.489
0.57
8.545
0.731
0.602
0.63
0.256
0.235
0.197
0.508
0.199
0.197
0.236
0.893
0.396
0.573
0.172
0.363
0.176
0.378
0.191
1.042
0.534
0.546
0.507
0.355
0.483
1.394
1.056
0.597
0.913
3.5
0.337
0.363
0.518
0.953
0.375
0.403
0.542
0.357
0.493
1.225
0.217
0.223
0.208
0.231
0.387
0.681
0.71
0.358
0.561
0.373
0.545
3.111
0.495
0.0
0.36
1.221
1.108
0.492
0.241
0.244
0.49
0.245
0.246
0.487
0.245
0.244
0.245
0.587
0.315
0.302
0.598
0.598
0.321
0.831
0.294
0.488
0.87
0.733
0.47
12.352
0.0
5.337
0.58
0.606
0.351
0.587
0.287
0.637
0.589
2.894
0.353
1.079
0.536
0.522
0.261
0.477
0.232
0.512
0.257
1.508
0.501
0.543
0.48
0.483
0.555
4.407
1.062
0.577
1.034
0.598
0.461
0.565
0.829
0.562
0.498
0.558
0.712
0.47
0.57
1.039
0.233
0.242
0.225
0.226
0.436
0.41
0.644
0.397
0.611
0.328
0.508
2.82
1.076
0.0
0.776
0.796
0.71
0.539
0.248
0.249
0.74
0.235
0.236
0.665
0.246
0.245
0.245
0.907
0.308
0.311
0.946
0.341
0.316
3.33
0.293
0.765
0.814
0.737
0.721
4.048
13.647
0.0
0.848
0.761
0.301
0.278
0.277
0.935
0.29
0.345
0.276
1.378
0.528
0.534
0.275
0.478
0.231
0.504
0.267
1.528
2.773
0.774
0.736
0.481
0.828
6.999
0.8
0.579
1.054
0.608
1.17
0.897
1.166
0.592
0.733
1.077
0.742
0.479
0.854
1.401
0.212
0.236
0.205
0.203
0.368
0.83
0.836
0.355
0.557
0.393
0.622
2.077
1.516
0.0
0.78
0.948
0.84
0.48
0.233
0.232
0.462
0.224
0.224
0.693
0.221
0.219
0.218
0.866
0.304
0.295
0.0
0.0
0.0
1.255
0.272
0.452
0.812
0.668
0.451
9.118
0.0
4.001
0.476
0.464
0.252
0.259
0.256
0.426
0.221
0.222
0.215
0.934
0.475
0.428
0.372
0.447
0.215
0.457
0.232
1.309
0.461
0.457
0.629
0.429
0.44
3.754
1.032
0.646
0.961
0.966
0.641
0.464
0.672
0.768
0.67
0.496
1.589
0.441
0.484
0.798
0.227
0.222
0.204
0.203
0.396
1.243
0.775
0.4
0.591
0.427
0.905
2.078
1.254
0.671
0.813
0.802
0.73
0.914
0.231
0.241
0.676
0.224
0.223
0.646
0.218
0.242
0.218
0.865
0.3
0.304
0.0
0.0
0.0
4.57
0.269
0.686
1.301
1.324
0.681
8.701
19.517
18.42
0.669
0.836
0.514
0.252
0.264
0.79
0.283
0.255
0.288
1.145
1.358
0.457
0.215
0.447
0.217
0.472
0.236
4.279
0.677
0.672
0.66
0.448
0.648
5.14
0.993
0.653
1.409
0.57
0.629
0.965
0.894
0.942
0.726
0.939
0.681
0.443
0.677
1.776
0.29
0.299
0.278
0.275
0.258
0.62
0.944
0.5
0.593
3.931
0.577
3.166
0.54
0.41
0.353
1.493
1.733
0.443
0.19
0.189
0.738
0.209
0.194
0.372
0.188
0.187
0.188
0.787
0.253
0.254
0.497
0.351
0.351
0.762
0.236
0.384
0.717
3.416
0.393
2.067
0.823
8.033
0.375
0.395
0.212
0.205
0.225
0.413
0.186
0.195
0.186
0.816
0.399
0.364
0.286
0.386
0.185
0.408
2.966
1.124
0.384
0.412
0.471
0.458
0.362
3.056
0.845
0.563
0.889
0.506
0.36
5.386
1.827
0.798
0.363
0.434
0.574
0.379
0.532
0.996
0.289
0.301
0.29
0.281
0.353
0.565
0.874
0.499
0.706
0.437
0.525
2.187
1.588
0.758
0.731
0.873
0.905
0.387
0.189
0.189
0.623
0.197
0.197
0.433
0.188
0.187
0.187
0.837
0.284
0.277
0.784
0.354
0.353
6.327
0.239
0.61
0.689
0.563
0.623
1.791
6.561
2.465
0.602
0.608
0.212
0.213
0.217
0.892
0.211
0.199
0.225
1.077
0.389
0.739
0.183
0.382
0.195
0.722
0.206
1.122
0.485
0.678
0.665
0.477
0.599
2.617
0.903
0.576
1.139
0.494
0.35
15.062
0.891
1.018
0.57
0.841
0.58
0.4
0.623
3.236
0.268
0.278
0.259
0.26
2.493
0.688
1.053
0.467
0.813
0.479
0.769
2.261
1.547
0.859
1.003
0.904
0.936
0.397
0.192
0.206
0.618
0.191
0.191
0.456
0.194
0.19
0.191
0.766
0.257
0.254
0.661
0.379
0.337
2.93
0.244
0.655
3.124
0.578
0.609
0.559
0.599
0.639
0.742
0.671
0.224
0.218
0.218
0.694
0.195
0.187
0.184
1.107
0.459
0.688
0.292
0.427
0.228
0.434
0.226
1.964
0.661
0.654
0.803
0.4
0.724
3.866
1.055
0.574
0.986
0.515
0.365
0.651
0.951
0.494
0.607
0.858
0.556
0.422
0.691
1.687
0.223
0.228
0.21
0.21
1.023
0.538
0.819
0.362
0.694
4.015
0.466
2.383
0.948
0.611
0.671
1.112
1.418
0.558
0.262
0.265
1.035
0.255
0.25
0.625
0.231
0.231
0.237
0.89
0.311
0.309
0.642
0.699
0.56
1.679
0.306
0.777
0.903
0.707
0.782
1.357
0.992
9.006
0.719
0.81
0.286
0.288
0.281
0.849
0.333
0.354
0.334
1.282
0.499
0.574
0.358
0.469
0.228
3.386
1.728
1.384
0.608
0.761
0.756
0.481
0.71
7.465
1.314
0.578
0.997
0.645
0.466
0.772
1.231
0.594
0.686
1.413
0.806
0.464
0.743
1.984
0.301
1.3
0.256
0.256
0.286
0.977
1.004
0.458
0.979
0.452
0.681
3.312
1.476
0.0
0.9
1.017
1.19
0.469
0.196
0.195
0.817
0.193
0.193
0.388
0.188
0.188
0.188
0.761
0.254
0.262
0.63
0.426
0.34
1.694
0.278
0.607
0.785
0.568
0.612
4.146
4.079
1.39
0.758
0.429
0.276
0.299
0.553
0.374
0.185
0.184
0.202
0.796
0.356
0.323
0.155
0.335
0.158
0.394
0.513
1.129
0.379
0.414
0.44
0.444
0.364
5.703
0.79
0.79
0.863
1.324
0.36
14.343
0.557
0.443
0.364
0.435
0.582
0.338
0.382
6.892
0.268
0.276
0.259
1.364
0.283
0.657
1.007
0.449
0.925
0.451
0.68
10.194
0.702
0.0
0.453
0.916
1.186
2.573
0.201
0.199
0.393
0.194
0.194
0.377
0.189
0.189
0.189
0.5
0.259
0.256
0.398
0.341
0.352
0.654
0.237
0.671
0.789
0.567
0.387
0.575
0.928
2.378
0.377
0.404
0.221
0.217
0.216
0.403
0.195
0.296
0.199
0.796
0.357
0.318
0.326
0.34
0.157
0.399
0.203
1.138
0.379
0.396
0.461
0.487
0.365
9.624
0.619
0.573
0.885
0.516
0.359
0.397
0.573
0.636
0.364
0.436
0.583
0.327
0.384
1.905
0.264
0.272
0.255
0.255
0.285
0.909
0.935
0.466
0.955
0.454
0.683
6.528
0.682
0.0
0.452
1.026
4.096
0.917
0.198
0.201
0.408
0.202
0.203
0.387
0.189
0.19
0.188
0.521
0.257
0.254
0.374
0.347
0.345
2.316
0.238
0.393
0.754
0.565
0.408
2.042
3.72
1.606
0.376
0.446
0.241
0.695
0.276
0.366
0.181
0.183
0.223
0.794
0.355
0.422
0.156
0.331
0.158
0.4
0.205
1.354
0.378
0.398
0.443
0.45
0.366
5.25
0.791
0.745
0.859
0.495
0.361
14.926
0.563
1.621
0.366
0.434
0.584
0.326
0.659
1.015
0.266
0.276
0.256
0.255
0.351
0.906
0.936
0.49
0.998
0.459
0.693
11.849
0.699
0.0
0.437
1.43
1.16
0.601
0.193
0.215
0.447
0.199
0.214
0.441
0.189
0.19
0.188
0.492
0.252
0.256
0.361
0.341
0.344
1.788
0.236
0.396
0.732
0.581
0.389
1.116
3.068
1.249
0.73
0.586
0.239
0.269
0.222
0.607
0.214
0.195
0.191
0.987
0.366
0.561
0.155
0.341
0.157
0.414
0.211
1.132
0.623
0.603
0.645
0.497
0.56
3.181
1.755
0.487
0.864
0.498
0.361
0.635
0.766
0.447
0.565
0.823
17.293
0.383
0.734
0.8
0.205
0.215
0.197
0.195
0.418
0.461
0.716
0.35
0.484
0.423
0.554
1.817
0.647
0.496
0.37
0.764
0.79
0.55
0.267
0.262
0.473
0.237
0.237
0.485
0.242
0.242
0.243
0.635
0.327
0.326
0.418
0.379
0.378
2.834
0.297
0.72
0.846
0.771
0.743
0.83
0.977
1.104
0.856
0.826
0.254
0.247
0.255
0.891
0.326
0.241
0.336
1.281
0.515
0.546
0.366
0.479
0.252
1.632
1.497
1.456
0.454
0.528
0.509
0.485
0.52
2.907
0.827
0.727
1.024
0.576
0.481
0.493
0.976
0.545
0.712
0.991
0.736
0.476
0.759
1.098
0.207
0.214
0.198
0.197
0.386
0.508
0.787
0.354
0.487
0.371
0.567
2.043
1.919
0.594
0.749
0.641
0.843
0.514
0.253
0.323
0.732
0.258
0.245
0.673
0.253
0.253
0.253
0.94
0.325
0.325
1.424
0.391
0.395
3.042
0.297
0.715
0.902
0.731
0.746
0.789
0.88
1.211
0.835
0.873
0.251
0.252
0.259
0.85
0.335
0.24
0.329
1.287
0.514
0.547
0.263
0.479
0.236
0.501
1.586
1.546
0.552
0.781
0.725
0.502
0.786
2.314
1.504
0.581
1.031
0.57
0.465
0.739
1.153
0.892
0.47
0.884
0.772
0.48
0.721
1.643
0.195
0.204
0.191
0.186
0.471
0.756
0.785
0.301
0.653
0.396
0.572
3.023
0.644
0.0
0.435
0.741
0.809
0.671
0.308
0.296
0.582
0.294
0.291
0.503
0.25
0.25
0.251
0.687
0.327
0.335
0.356
0.326
0.338
0.908
0.323
0.56
0.969
2.581
0.583
3.826
0.0
18.392
0.531
0.564
0.305
0.304
0.311
0.762
0.401
0.343
0.423
1.091
0.481
0.574
0.327
0.534
0.258
0.611
0.314
2.233
0.553
0.559
0.546
0.588
0.513
6.625
1.327
0.626
1.937
0.666
0.48
10.559
0.783
0.626
0.488
0.609
0.845
0.524
0.68
0.71
0.194
0.204
0.188
0.187
0.536
0.687
0.714
0.341
0.748
0.442
0.663
2.289
1.261
0.0
0.815
0.779
0.76
0.599
0.29
0.291
1.112
0.296
0.325
0.587
0.25
0.252
0.25
0.989
0.322
0.346
0.69
0.329
0.331
2.132
0.326
0.932
1.0
0.805
0.94
3.469
8.212
18.862
0.838
0.878
0.304
0.294
0.301
0.951
0.452
0.367
0.324
2.212
0.481
0.817
0.32
0.565
0.256
0.614
0.309
1.496
0.85
0.853
0.892
0.543
1.029
4.066
1.452
0.58
2.262
0.663
0.481
10.572
4.113
0.602
0.771
1.186
0.87
0.524
0.837
1.842
0.295
0.307
0.289
0.296
3.669
1.679
1.1
0.517
0.981
1.028
1.305
3.355
3.021
0.848
1.043
0.873
0.799
1.253
0.312
0.308
0.963
1.719
0.314
3.674
1.775
0.317
0.317
1.135
0.39
0.39
0.896
0.421
0.425
1.87
0.361
0.965
1.823
1.708
0.937
0.916
1.253
1.388
1.036
0.957
0.334
0.334
0.347
1.172
0.391
1.65
0.408
1.64
1.14
0.742
0.374
0.962
0.309
0.925
1.816
6.548
0.844
1.359
0.959
0.628
0.902
14.394
1.329
0.851
1.408
1.396
1.218
15.945
1.378
1.321
0.97
1.308
2.134
1.302
0.958
3.292
0.298
2.109
0.289
0.288
0.388
0.674
0.705
0.519
0.707
0.422
0.641
2.006
0.851
0.549
0.44
3.851
4.294
1.967
0.233
0.23
0.481
0.24
0.239
0.451
0.225
0.225
0.225
0.691
0.341
0.34
0.0
0.0
0.0
2.421
0.268
1.851
0.781
0.935
0.702
2.636
17.881
8.359
0.699
0.756
0.267
0.247
0.252
0.722
0.242
0.251
0.319
1.438
0.465
0.532
0.261
0.384
0.186
0.584
0.238
1.288
0.455
0.982
0.946
0.67
0.969
8.792
1.126
0.577
0.965
0.552
0.404
0.526
1.029
0.499
0.823
0.997
0.0
0.382
0.526
4.013
0.283
0.295
0.321
0.387
0.453
0.502
0.777
0.506
0.833
0.432
0.641
3.007
6.048
0.882
0.676
3.964
3.729
1.012
0.23
0.23
0.703
0.223
0.226
0.491
0.229
0.226
0.229
0.993
0.41
0.365
0.0
0.0
0.0
4.856
0.288
0.514
0.788
0.853
0.49
3.423
13.776
11.898
0.51
0.708
0.264
0.253
0.248
0.654
0.248
0.254
0.214
1.445
0.467
0.499
0.21
0.407
0.186
0.448
0.227
1.355
0.74
0.929
1.026
0.664
0.951
4.853
2.581
0.644
1.008
0.568
0.405
0.824
14.742
0.675
0.48
0.506
0.693
0.386
0.809
6.263
0.218
0.23
0.255
0.21
5.606
5.35
0.534
0.367
5.654
5.368
5.587
7.33
6.205
0.0
5.794
5.654
5.7
5.515
0.261
0.243
5.989
0.237
0.26
5.496
0.255
0.259
0.254
5.923
0.31
0.311
5.818
0.318
0.325
6.892
0.294
5.783
5.831
5.855
5.743
12.241
1.24
6.299
5.821
5.725
0.286
0.27
0.268
5.848
0.273
0.323
7.169
6.304
5.487
5.5
0.225
5.463
0.224
5.49
0.389
6.979
6.554
5.749
5.925
0.482
5.74
8.021
6.081
0.586
6.028
5.625
5.464
12.965
6.096
5.589
6.422
6.028
5.732
5.47
5.814
1.995
0.228
0.239
0.22
0.221
0.355
0.927
0.924
0.441
0.666
0.371
0.553
1.833
0.604
0.0
0.427
1.053
0.88
0.462
0.216
0.21
1.176
0.239
0.233
0.721
0.234
0.214
0.219
0.889
0.317
0.338
0.802
0.297
0.302
1.516
0.277
0.802
0.824
0.74
0.608
4.868
1.178
0.892
0.825
0.711
0.261
0.265
0.263
0.78
2.768
2.444
0.248
0.987
0.578
0.452
0.229
0.52
0.22
0.471
0.229
1.329
0.477
0.496
0.481
0.45
0.422
14.441
0.965
0.521
1.124
0.591
0.426
12.052
1.121
0.631
0.718
0.99
0.645
0.544
0.773
2.136
0.234
0.251
0.221
0.221
0.366
0.588
1.037
0.384
0.593
0.449
0.668
1.896
0.555
0.0
0.458
0.847
0.909
0.448
0.222
0.232
0.451
0.221
0.219
0.43
0.218
0.219
0.216
0.607
0.316
0.302
0.56
0.336
0.297
0.812
0.294
0.492
0.787
0.66
0.45
3.363
5.007
1.146
0.53
0.503
0.265
0.269
0.27
4.527
0.229
0.22
0.217
0.964
0.595
0.488
0.285
0.675
0.221
0.498
0.269
2.614
0.468
0.481
0.451
3.44
0.417
13.253
1.534
0.593
1.112
0.57
0.43
12.66
0.805
1.512
0.452
0.547
0.776
0.504
0.549
1.302
0.237
0.245
0.262
0.229
0.402
0.888
0.938
0.414
0.616
0.36
0.604
2.196
1.252
0.0
0.859
0.772
1.28
0.552
0.223
0.225
1.267
0.236
0.23
0.73
0.234
0.215
0.219
0.899
0.311
0.321
0.816
0.539
0.38
1.263
0.281
0.737
0.751
0.725
0.68
4.926
1.355
0.948
0.556
0.702
0.253
0.262
0.248
0.797
0.356
0.267
0.307
1.217
0.605
0.573
0.229
0.457
0.225
0.777
0.273
1.344
0.72
0.735
0.675
0.459
0.736
13.779
1.211
0.576
1.127
0.555
0.444
15.287
1.144
0.62
0.712
0.994
0.637
0.511
0.834
1.247
0.222
0.236
0.213
0.215
0.428
0.612
0.628
0.369
0.556
0.339
0.5
2.036
1.091
0.598
0.771
0.737
0.678
0.473
0.234
0.233
0.997
0.255
0.241
0.668
0.245
0.242
0.242
0.897
0.307
0.324
0.631
0.32
0.305
6.079
0.288
0.768
0.86
0.758
0.759
3.709
1.039
0.991
0.806
0.741
0.277
0.27
0.295
0.847
0.279
0.324
0.268
1.338
0.523
0.748
0.233
0.482
0.236
0.507
0.257
1.445
0.732
0.766
0.875
0.498
0.838
3.928
1.302
0.576
1.596
0.601
0.467
0.769
1.124
0.837
0.719
1.399
0.749
0.481
0.832
2.639
0.208
0.219
0.2
0.2
0.401
0.581
0.898
0.397
0.632
0.398
0.578
1.914
1.234
0.835
0.645
0.728
0.726
0.431
0.21
0.212
0.947
0.217
0.235
0.549
0.216
0.216
0.216
0.839
0.283
0.279
0.639
0.302
0.292
2.339
0.26
0.67
0.75
0.653
0.679
2.726
1.686
1.143
0.698
0.698
0.244
0.228
0.232
0.825
0.234
0.232
0.217
1.619
0.476
0.665
0.215
0.45
0.217
0.439
0.223
1.32
0.941
0.708
0.868
0.592
1.093
4.608
1.187
0.62
1.01
0.535
0.396
0.932
1.065
3.421
0.846
0.88
0.64
0.445
0.658
0.909
0.209
0.229
0.201
0.202
0.374
0.533
0.821
0.383
0.568
0.456
0.577
4.383
0.567
0.425
0.447
0.901
0.661
0.432
0.216
0.216
0.636
0.211
0.211
0.443
0.219
0.217
0.218
0.582
0.296
0.307
0.408
0.289
0.282
0.718
0.261
0.437
0.761
0.657
0.65
0.971
0.712
0.662
0.44
0.444
0.243
0.239
0.239
0.501
0.264
0.291
0.263
0.913
0.48
0.598
0.277
0.449
0.217
0.429
0.217
1.311
0.433
0.442
0.689
0.67
0.397
4.376
1.079
0.577
1.009
0.534
0.416
14.941
0.661
0.522
0.433
0.481
0.631
0.446
0.454
2.399
0.212
0.22
0.212
0.202
0.434
0.396
0.617
0.365
0.612
0.806
1.275
2.603
1.205
0.621
0.727
0.709
0.666
0.484
0.238
0.241
0.753
0.253
0.255
0.499
0.243
0.243
0.243
0.912
0.317
0.315
1.108
0.524
0.857
2.218
0.277
0.939
0.901
0.729
0.71
1.57
11.346
16.397
0.731
0.72
0.256
0.247
0.252
0.825
0.265
0.282
0.28
1.286
0.504
0.538
0.251
0.502
0.244
0.514
0.267
1.453
0.785
0.743
0.715
0.49
0.681
0.0
1.152
0.576
1.009
0.598
0.466
0.499
0.729
0.563
0.502
0.524
0.714
0.505
0.506
2.602
0.214
0.221
0.205
0.204
0.391
0.396
0.615
2.719
0.558
0.364
1.399
5.306
0.628
3.38
1.317
0.823
1.111
0.486
0.242
0.234
0.51
0.252
0.261
0.485
0.242
0.242
0.261
1.779
0.316
0.318
0.797
0.573
0.477
1.046
0.28
0.484
0.824
1.417
0.51
10.133
10.417
3.651
5.311
0.489
0.263
0.277
0.272
0.724
0.325
0.314
0.303
4.492
0.518
0.533
0.944
1.462
1.243
0.494
0.255
1.683
1.35
0.525
0.504
2.171
4.102
0.0
1.016
0.578
1.984
0.586
0.471
0.498
0.721
1.324
0.469
0.515
0.731
1.622
0.497
1.332
0.22
0.23
0.215
0.209
0.388
0.588
0.615
0.361
0.543
0.39
0.599
2.532
0.597
0.425
0.389
0.792
0.707
0.488
0.244
0.242
0.521
0.248
0.247
0.484
0.242
0.242
0.242
0.597
0.301
0.299
1.26
0.524
0.457
0.775
0.279
0.479
0.859
3.716
0.504
13.068
7.076
3.602
0.491
0.476
0.277
0.259
0.266
0.546
0.271
0.259
0.252
1.0
0.504
0.489
0.367
0.505
0.245
0.537
0.272
1.448
0.46
0.526
0.484
0.527
0.521
9.658
1.235
0.577
1.022
0.578
0.458
0.735
1.21
2.277
0.73
0.972
0.763
0.501
0.728
4.393
0.212
0.221
0.202
0.201
0.455
0.537
0.565
0.371
0.574
0.426
3.661
2.177
1.301
0.0
4.363
0.922
0.752
0.715
0.235
0.272
1.019
0.241
0.24
0.684
0.25
0.25
0.25
0.954
0.311
0.309
0.938
1.163
0.321
2.108
0.281
0.763
0.852
0.759
0.737
0.888
4.067
9.255
0.771
0.737
0.252
0.25
0.271
0.799
0.261
0.324
0.296
1.554
0.527
0.728
0.244
0.507
0.245
0.642
0.518
1.737
0.731
0.775
0.748
0.512
0.684
15.72
1.084
0.559
1.774
0.58
0.465
15.286
0.976
1.037
0.76
1.001
0.728
0.503
0.734
0.725
0.208
0.217
0.201
0.201
0.625
0.68
0.71
0.361
0.545
0.316
0.532
1.962
1.086
0.0
0.794
0.73
0.773
0.491
0.226
0.226
0.955
0.228
0.228
0.651
0.243
0.243
0.244
0.947
0.324
0.323
0.7
0.307
0.311
1.852
0.288
0.779
0.877
0.924
0.688
7.645
0.0
0.0
0.537
0.509
0.262
0.262
0.36
0.65
0.772
0.572
0.399
1.023
0.512
0.754
0.234
0.479
0.233
0.497
0.249
1.456
0.711
0.522
0.486
1.958
0.527
2.379
2.184
0.588
1.015
0.587
0.486
1.567
1.088
1.044
0.742
0.987
0.7
0.475
0.884
0.432
0.206
0.216
0.216
0.201
0.381
0.505
0.791
0.365
0.573
0.315
0.507
2.55
0.489
0.0
0.359
0.728
0.735
0.448
0.23
0.227
0.449
0.226
0.226
0.485
0.243
0.244
0.243
0.635
0.326
0.323
0.361
0.312
0.312
0.774
0.279
0.508
0.838
0.907
0.478
1.978
19.87
15.582
0.835
0.798
0.272
0.259
0.271
0.788
0.276
0.262
0.243
1.271
0.512
0.876
0.232
0.504
0.233
0.491
0.249
1.457
1.859
0.776
1.244
0.892
0.781
1.863
1.108
0.597
1.038
0.62
0.461
11.914
1.102
1.034
0.751
0.972
0.691
0.476
0.908
0.823
0.218
0.224
0.208
0.209
0.392
0.814
0.844
0.364
0.642
0.431
0.583
2.098
1.386
0.0
0.956
0.877
0.821
0.46
0.239
0.227
0.86
0.213
0.213
0.568
0.217
0.217
0.217
0.88
0.322
0.304
1.085
0.552
0.738
1.425
0.248
0.697
0.743
0.656
0.668
5.963
2.156
0.0
0.642
0.673
0.27
1.538
0.229
0.665
0.314
0.285
0.306
1.085
0.478
0.456
0.217
0.523
0.217
0.675
0.23
1.306
0.498
0.652
0.663
0.464
0.578
3.77
1.121
0.66
1.151
0.513
0.4
13.808
0.829
0.889
0.636
0.883
0.0
0.444
0.628
0.74
0.263
0.224
0.21
0.209
0.314
0.547
0.844
0.485
0.622
0.425
0.659
1.965
0.605
0.0
3.768
0.855
0.825
0.451
0.22
0.221
0.439
0.217
0.22
0.433
0.217
0.217
0.218
0.551
0.284
0.313
0.322
0.341
0.309
1.208
0.248
0.443
0.733
0.856
0.442
4.58
3.875
0.0
0.469
0.458
0.27
1.454
0.224
0.766
0.308
0.285
0.307
1.066
0.508
0.443
0.217
0.555
0.222
0.485
0.239
1.299
0.648
0.655
0.663
0.467
0.573
4.739
1.038
0.575
2.074
0.521
0.4
12.057
0.829
0.921
0.604
0.903
1.543
0.451
0.434
1.699
0.218
0.229
0.21
0.209
0.497
0.818
0.843
0.357
0.668
0.385
0.577
2.129
1.461
0.0
1.239
0.877
0.938
0.454
0.23
0.223
0.893
0.223
0.223
0.588
0.224
0.219
0.219
0.93
0.296
0.315
0.667
0.303
0.285
1.431
0.249
0.698
0.761
0.664
0.675
10.178
0.0
5.75
0.617
0.66
0.251
0.293
0.274
0.767
0.218
0.217
0.22
1.128
0.482
0.617
0.219
0.451
0.217
0.433
0.247
1.307
0.53
0.666
0.646
0.43
0.795
11.887
1.237
0.577
1.0
0.528
0.401
14.045
0.619
1.345
0.431
0.46
0.682
0.448
0.426
1.711
0.225
0.227
0.21
0.209
0.378
0.891
0.914
0.427
0.584
0.418
0.614
1.887
0.707
0.0
0.468
0.653
0.655
0.485
0.248
0.231
0.433
0.215
0.215
0.436
0.217
0.218
0.218
0.589
0.298
0.304
0.303
0.321
0.288
0.713
0.246
0.455
0.8
0.658
0.428
8.105
13.035
14.723
0.764
0.669
0.251
0.287
0.296
0.756
0.295
0.441
0.293
0.884
0.482
0.515
0.216
0.456
0.218
1.051
0.22
1.316
0.403
0.457
0.439
0.432
0.695
9.897
1.067
0.589
1.023
0.525
0.404
10.918
0.84
0.487
0.642
0.861
0.662
0.448
0.633
0.899
0.213
0.224
0.205
0.22
0.384
0.695
0.723
0.379
0.634
0.455
0.645
2.414
1.342
0.695
0.811
1.601
1.343
0.499
0.249
0.248
0.694
0.251
0.25
0.662
0.254
0.253
0.254
0.942
0.322
0.335
1.474
0.429
0.427
2.807
0.285
0.506
0.856
0.792
0.515
8.451
17.247
14.876
0.5
0.492
0.278
0.273
0.262
0.629
0.515
0.333
0.295
1.034
0.523
0.661
0.299
0.516
0.25
0.528
0.259
1.519
0.475
0.536
0.533
2.117
0.535
4.019
1.064
0.576
1.041
1.475
0.488
0.535
0.748
1.289
0.499
0.526
0.736
0.513
0.501
0.726
0.219
0.226
0.207
0.205
0.435
0.767
0.8
0.37
0.589
3.435
0.598
3.213
0.635
0.516
0.41
0.735
0.766
0.484
0.24
0.238
0.485
0.244
0.243
0.507
0.254
0.254
0.255
0.635
0.322
0.325
0.42
0.409
0.396
0.829
0.284
0.503
0.931
0.771
0.513
3.135
3.474
2.232
0.494
0.5
0.258
0.26
0.264
0.538
0.321
0.266
0.343
1.03
0.524
0.502
0.249
0.522
0.251
0.519
0.263
1.53
0.474
0.523
0.518
0.514
0.527
3.877
2.181
0.659
1.028
0.585
0.471
0.521
0.738
2.076
0.489
0.598
0.729
0.511
0.627
1.077
0.231
0.264
0.222
0.227
0.484
0.707
0.725
0.358
0.664
0.827
0.649
4.122
0.671
0.446
0.515
0.911
1.727
0.5
0.247
0.253
1.006
0.243
0.244
0.691
0.254
0.254
0.256
0.948
0.32
0.321
0.743
0.422
0.407
3.081
0.295
0.751
0.87
0.765
0.738
8.456
8.395
0.0
0.747
0.764
0.263
0.255
0.269
0.838
0.358
0.295
0.312
1.479
0.553
0.622
0.303
0.52
0.25
0.538
0.266
2.305
0.614
0.821
0.806
0.516
0.771
4.444
1.157
0.606
1.389
0.596
0.471
0.792
0.995
0.979
0.773
1.012
0.727
0.515
0.747
0.663
0.217
0.225
0.21
0.211
0.414
0.67
0.699
0.369
0.602
0.328
0.543
1.83
0.51
0.438
0.388
1.107
0.72
0.497
0.238
0.24
0.51
0.256
0.245
0.482
0.241
0.242
0.242
0.603
0.297
0.307
0.337
0.318
0.346
0.85
0.307
0.498
0.805
0.775
0.503
3.92
6.793
4.819
0.546
0.526
0.275
0.286
0.28
0.537
0.275
0.266
0.342
1.045
0.52
0.463
0.233
0.494
0.235
0.503
0.256
1.452
0.489
0.597
0.483
0.523
0.55
3.219
1.221
0.574
1.037
0.6
0.455
2.789
1.146
0.918
0.696
1.072
0.726
0.479
0.792
0.79
0.233
0.243
0.218
0.211
0.375
0.365
0.56
0.374
0.599
0.345
0.543
2.087
1.009
0.585
0.748
0.825
0.775
0.495
0.246
0.722
1.027
0.246
0.25
0.673
0.241
0.241
0.241
0.895
0.302
0.313
0.707
0.313
0.319
1.643
0.292
0.755
0.839
0.774
0.749
2.113
0.898
0.835
0.806
0.751
0.276
0.271
0.266
0.92
0.338
0.348
0.301
1.332
0.52
0.679
0.279
0.503
0.239
0.504
0.285
4.807
0.739
0.75
0.76
0.479
0.804
6.858
1.112
0.578
3.43
0.592
0.454
8.168
1.156
0.873
0.717
1.053
0.703
0.481
0.827
0.773
0.219
0.229
0.211
0.212
0.538
0.553
0.849
0.453
0.591
0.346
0.527
2.231
1.1
0.667
1.518
0.885
1.185
0.444
0.214
0.232
0.673
0.225
0.218
0.642
0.219
0.218
0.218
0.829
0.321
0.286
1.219
0.349
0.317
1.805
0.269
0.68
0.798
0.666
0.661
0.808
1.804
9.144
0.678
0.717
0.249
0.248
0.245
0.757
0.282
0.241
0.228
1.221
0.464
0.457
0.215
0.442
0.213
0.486
0.243
1.311
0.519
0.672
0.674
0.469
0.667
6.884
1.195
0.576
0.996
0.555
0.417
5.284
1.034
0.998
0.656
0.936
0.666
0.44
0.695
1.196
0.207
0.243
0.199
0.199
0.477
0.603
0.928
0.343
0.604
0.374
0.587
3.244
1.609
0.0
0.811
0.764
0.666
0.415
0.198
0.203
0.823
0.205
0.205
0.567
0.215
0.215
0.215
1.044
0.295
0.304
0.638
0.287
0.279
1.755
0.722
0.693
0.763
0.648
0.866
4.633
13.047
0.0
0.757
0.649
0.231
0.222
0.238
0.83
0.317
0.322
0.224
1.265
0.487
0.431
0.21
0.46
0.213
0.436
0.447
1.29
0.641
0.638
0.627
0.43
0.569
4.963
0.936
0.58
0.993
1.131
0.399
13.881
0.842
0.888
0.63
0.897
0.0
0.436
0.619
4.719
0.234
0.237
0.222
0.223
1.546
1.289
0.941
0.383
0.733
1.432
1.119
2.254
1.484
0.0
0.981
1.409
1.16
1.859
0.239
0.239
0.7
0.227
0.246
0.645
0.23
0.231
0.229
0.856
0.288
0.288
0.735
0.307
0.314
11.109
0.268
0.781
1.383
1.235
0.701
13.814
2.46
3.091
0.687
0.809
0.294
0.296
0.283
1.031
0.277
0.247
0.342
1.273
1.085
0.638
0.228
1.41
0.229
0.666
0.243
2.204
0.543
1.377
0.854
0.46
0.704
2.781
1.294
0.578
2.555
0.905
0.893
14.48
1.123
1.922
0.771
0.942
1.492
1.154
0.687
0.814
0.219
0.229
0.211
0.212
0.453
0.88
0.907
0.354
0.58
0.415
0.688
2.264
1.306
0.0
0.91
1.164
0.804
0.417
0.204
0.205
0.407
0.203
0.204
0.536
0.213
0.214
0.212
1.02
0.267
0.276
0.676
0.435
0.281
1.937
0.251
0.709
0.805
0.647
0.571
12.411
2.1
0.0
0.415
0.421
0.252
0.253
1.425
0.43
0.236
0.244
0.251
0.876
0.488
0.415
0.208
0.507
0.209
2.572
0.215
1.295
0.402
0.437
0.431
0.42
0.364
4.796
1.132
0.583
2.799
0.509
0.41
10.776
0.608
0.487
0.411
0.474
1.458
0.43
0.418
0.651
0.22
0.229
0.211
0.212
0.327
0.809
0.835
0.477
0.543
0.421
0.648
1.878
0.847
0.0
0.958
0.811
0.84
0.411
0.199
0.212
0.654
0.201
0.201
0.569
0.214
0.214
0.214
1.026
0.279
0.28
0.644
0.446
0.434
1.798
0.255
0.672
0.767
0.652
0.623
3.399
11.022
12.365
0.633
0.626
0.223
0.22
0.225
0.757
0.372
0.399
0.258
1.099
0.487
0.47
0.208
0.436
0.21
0.456
0.219
1.273
0.661
0.634
0.706
0.441
0.562
3.708
1.069
0.595
2.253
0.603
0.404
10.976
0.822
0.542
0.628
0.876
0.663
0.43
0.658
1.505
0.225
0.234
0.218
0.224
0.447
1.152
0.806
0.367
0.833
0.649
1.703
2.173
1.424
0.679
0.878
0.975
0.936
0.547
0.251
0.252
0.773
0.249
0.255
0.68
0.21
0.21
0.211
1.681
0.305
0.306
1.103
0.59
0.362
1.882
0.305
0.979
1.395
1.076
0.751
3.064
1.328
3.313
0.886
0.794
0.285
0.271
0.288
0.816
0.236
0.274
0.232
1.312
0.731
0.9
0.222
0.508
0.227
0.806
0.258
2.172
1.025
0.951
0.812
0.567
0.681
3.593
1.068
0.541
2.414
1.104
0.889
15.297
1.014
2.005
0.715
0.988
0.993
0.708
0.704
0.807
0.237
0.243
0.226
0.227
0.451
0.728
0.749
0.397
0.619
0.337
0.582
2.852
0.985
0.0
0.601
0.76
0.85
0.491
0.238
0.238
0.808
0.247
0.242
0.558
0.236
0.234
0.235
1.001
0.331
0.348
0.869
0.316
0.32
0.812
0.284
0.82
0.807
0.709
0.782
4.748
1.602
0.691
0.806
0.796
0.389
0.271
0.255
0.919
0.256
0.257
0.254
1.609
0.577
5.61
0.244
0.481
0.233
0.84
1.171
2.428
0.58
0.787
0.738
0.495
0.796
5.694
1.288
0.573
1.148
1.729
0.472
5.758
1.115
0.856
0.859
0.974
0.689
0.48
0.807
0.749
0.22
0.226
0.21
0.21
0.351
0.363
0.578
0.369
0.666
0.609
2.505
2.343
1.749
0.4
0.408
1.082
0.919
0.71
0.246
0.251
0.539
0.232
0.232
0.643
0.247
0.246
0.248
0.934
0.308
0.312
1.147
0.351
0.344
1.588
0.286
0.774
1.631
1.28
0.736
1.038
0.86
5.943
0.696
0.756
0.283
0.265
0.31
1.992
0.307
0.277
0.253
1.375
1.004
0.858
0.227
0.836
0.226
0.634
0.258
2.551
0.849
0.755
0.794
0.511
0.787
5.353
1.161
0.58
3.62
0.856
1.192
0.747
1.146
1.997
0.498
0.561
0.901
1.324
0.73
0.675
0.219
0.225
0.21
0.218
0.42
0.901
0.638
0.374
0.69
0.599
2.501
2.276
1.093
0.779
0.72
0.876
0.797
1.062
0.247
0.25
0.74
0.237
0.239
0.62
0.248
0.245
0.247
0.956
0.323
0.328
1.089
0.365
0.362
1.42
0.289
0.761
1.695
1.244
0.737
1.013
1.044
5.88
0.732
0.759
0.284
0.264
0.313
1.986
0.307
0.277
0.253
1.375
1.002
0.857
0.226
0.836
0.228
0.632
0.257
2.267
0.841
0.757
0.768
0.538
0.67
5.926
1.04
0.654
3.259
0.667
1.14
0.749
1.148
1.34
0.754
1.04
0.975
1.34
0.736
1.618
0.236
0.262
0.225
0.225
0.479
0.845
0.871
0.394
0.793
0.382
0.577
2.401
1.364
0.732
0.804
0.731
0.728
0.652
0.265
0.255
1.032
0.253
0.251
0.524
0.208
0.209
0.209
0.868
0.3
0.284
0.677
0.355
0.332
3.081
0.286
0.654
0.986
0.63
0.756
2.57
0.993
1.949
0.654
0.703
0.252
0.249
0.259
0.676
0.307
0.301
0.254
1.103
0.442
0.583
0.253
0.445
0.212
0.519
0.269
1.258
0.993
0.7
0.778
0.491
0.57
12.916
0.932
0.576
0.967
0.582
0.411
13.222
0.874
3.708
0.422
0.519
0.78
0.433
0.436
1.739
0.237
0.244
0.225
0.223
0.369
0.861
0.873
0.392
0.738
0.382
0.577
3.497
0.598
0.447
0.4
0.938
0.67
0.586
0.281
0.261
0.505
0.246
0.246
0.429
0.207
0.213
0.209
0.565
0.294
0.291
0.386
0.341
0.332
2.495
0.284
0.671
0.881
0.836
0.64
2.639
0.949
3.734
0.455
0.497
0.267
0.258
0.263
0.485
0.279
0.279
0.288
0.891
0.442
0.415
0.21
0.442
0.227
0.535
0.264
1.307
0.47
0.487
0.599
0.495
0.627
18.445
1.001
0.492
0.949
0.619
0.4
7.68
0.856
0.578
0.647
1.004
0.783
0.441
0.64
0.904
0.253
0.262
0.245
0.244
0.396
0.907
0.928
0.435
0.83
0.412
0.624
2.323
1.352
0.0
5.001
0.929
0.92
0.393
0.197
0.198
0.856
0.192
0.192
0.712
0.202
0.201
0.201
0.863
0.28
0.275
0.793
0.382
0.383
2.929
0.231
0.626
0.707
0.611
0.62
10.316
11.967
10.262
0.663
0.673
0.208
0.205
0.204
0.619
0.236
0.208
0.247
1.037
0.428
0.508
0.199
0.509
0.197
0.405
0.203
1.209
2.627
0.674
0.688
0.452
0.63
7.309
1.109
0.589
0.966
0.489
0.399
10.03
0.844
0.855
0.614
0.844
0.567
0.406
0.616
1.138
0.33
0.338
0.321
0.321
0.6
0.727
1.114
0.623
0.835
0.579
0.869
2.24
0.879
0.605
0.569
0.972
0.91
2.002
0.384
0.373
0.773
0.381
0.384
0.731
0.365
0.366
0.366
0.831
0.427
0.448
0.546
0.514
0.508
3.189
0.415
0.737
1.232
1.118
0.739
1.393
1.662
3.756
0.721
0.751
0.39
0.402
0.391
0.771
0.754
0.449
1.063
1.472
0.718
0.834
0.358
0.841
0.361
0.753
0.491
2.229
1.529
0.724
0.998
1.013
0.682
8.94
1.465
0.815
1.248
0.841
0.723
3.443
1.484
0.985
1.192
1.588
1.147
0.733
1.121
1.152
0.335
0.341
0.326
0.325
0.684
1.091
1.113
0.595
1.044
0.554
0.899
4.914
1.816
0.997
1.13
1.04
0.96
0.809
0.38
0.38
1.611
0.38
0.379
1.012
0.366
0.365
0.366
1.314
0.421
0.42
1.644
0.512
0.938
3.718
0.415
1.173
1.241
1.101
1.2
0.961
1.192
4.035
1.106
1.19
0.389
0.394
0.39
1.159
0.368
0.367
0.367
1.899
0.72
0.849
0.363
0.739
0.362
0.75
0.381
2.258
1.111
1.142
1.431
1.026
1.07
3.063
2.027
0.81
1.245
0.841
0.723
10.656
1.489
0.974
1.196
1.599
1.157
0.75
1.093
0.978
0.224
0.234
0.221
0.224
0.485
0.876
0.675
0.327
0.802
0.65
0.804
4.303
1.331
0.0
4.149
1.32
0.779
1.047
0.248
0.247
0.769
0.287
0.256
0.801
0.3
0.279
0.265
1.061
0.344
0.344
1.763
0.407
0.371
1.616
0.301
0.947
1.498
1.523
0.824
2.071
1.227
2.059
0.813
0.748
0.266
0.26
0.292
1.018
0.354
0.387
0.299
1.336
1.103
0.736
0.321
0.827
0.243
0.707
0.273
2.293
0.712
0.979
0.838
0.618
0.803
5.344
1.594
0.582
1.39
1.621
2.022
15.483
1.073
1.056
0.871
1.028
0.935
1.041
0.76
1.048
0.31
0.389
0.369
0.314
0.732
0.846
1.231
0.537
0.851
0.504
0.738
2.478
2.227
0.76
0.658
0.854
0.973
0.777
0.411
0.383
0.82
0.368
0.357
0.929
0.376
0.437
0.438
0.907
0.488
0.455
0.566
0.548
0.505
1.386
0.531
0.942
1.233
6.441
0.814
1.434
3.739
1.371
0.859
0.74
0.515
0.37
0.41
0.923
0.45
0.386
0.344
1.666
0.827
0.851
0.343
0.715
0.384
0.7
0.343
2.258
1.204
1.073
1.371
1.079
1.383
4.736
2.747
0.801
1.547
0.976
0.814
0.841
1.245
1.6
0.776
1.072
1.072
0.814
1.132
1.289
0.318
0.324
0.325
0.314
0.76
0.814
1.141
0.531
0.896
0.513
0.694
3.038
1.47
0.801
1.105
1.026
0.984
0.663
0.395
0.331
1.737
0.374
0.35
0.83
0.353
0.346
0.521
1.368
0.45
0.488
1.536
0.455
0.46
2.256
0.377
1.021
1.161
3.986
1.284
1.302
1.842
1.426
1.124
1.145
0.384
0.364
0.372
1.26
0.524
0.48
0.358
1.878
0.845
0.808
0.38
0.816
0.377
0.949
0.364
4.791
1.058
1.064
1.562
1.025
1.15
5.144
1.813
0.86
1.319
1.161
0.72
1.28
1.613
0.808
1.293
1.551
1.149
0.778
1.114
1.029
0.232
0.24
0.737
0.231
0.445
1.113
0.885
0.392
0.741
0.808
0.857
2.625
1.335
0.65
0.897
1.079
1.555
1.031
0.242
0.245
0.717
0.231
0.226
0.705
0.226
0.226
0.226
0.916
0.304
0.299
0.735
0.337
0.352
1.529
0.271
0.686
1.446
1.083
0.718
1.558
8.724
3.559
0.511
0.467
0.241
0.238
0.248
0.549
0.277
0.218
0.248
1.282
1.127
0.775
0.272
0.739
0.243
0.684
0.248
2.275
0.835
1.124
0.945
0.484
0.726
2.465
1.443
0.577
2.102
1.023
1.059
0.839
1.059
1.619
0.709
0.955
0.96
1.29
0.776
0.937
0.244
0.251
0.233
0.234
0.354
0.575
0.894
0.414
0.705
0.816
0.871
4.497
0.73
0.462
0.408
1.227
1.655
0.518
0.245
0.245
0.466
0.235
0.241
0.605
0.226
0.227
0.226
0.883
0.29
0.301
0.769
0.359
0.341
1.511
0.268
0.712
1.379
1.147
0.721
1.52
5.858
4.901
0.807
0.767
0.246
0.244
0.265
0.932
0.258
0.417
0.302
1.594
1.129
0.772
0.24
0.768
0.243
0.664
0.244
2.308
0.825
1.118
0.962
0.472
0.731
2.573
1.344
0.578
2.107
0.986
1.08
0.802
1.11
1.618
0.692
0.976
0.977
1.263
0.787
0.756
0.255
0.265
0.256
0.249
0.489
1.073
0.88
0.447
0.721
0.655
1.28
2.064
1.273
0.0
0.873
0.86
0.98
1.15
0.246
0.245
0.832
0.254
0.255
0.662
0.255
0.254
0.255
0.981
0.329
0.321
0.814
0.907
0.373
1.749
0.301
0.838
1.673
1.312
0.807
10.792
0.0
6.417
0.859
0.911
0.407
0.545
0.275
0.976
0.382
2.725
0.4
1.07
0.445
0.497
0.231
0.959
0.231
0.74
0.261
2.578
0.782
0.843
0.866
0.522
1.053
4.137
1.146
0.709
3.454
0.611
0.47
15.047
0.822
0.9
0.492
0.555
0.73
0.47
0.562
0.861
0.269
0.281
0.26
0.261
0.42
0.849
0.878
0.441
0.662
0.386
0.586
2.47
0.597
0.0
0.471
0.976
1.259
0.484
0.238
0.301
0.513
0.255
0.254
0.508
0.255
0.255
0.257
0.649
0.323
0.321
0.642
0.639
0.62
0.833
0.295
0.507
0.833
2.591
0.493
9.974
16.145
8.92
0.849
0.929
0.393
0.334
0.328
0.976
0.318
0.237
2.211
1.405
0.947
0.567
0.229
0.959
0.232
0.739
0.878
1.966
0.775
0.829
0.881
0.507
1.067
2.724
0.957
0.577
1.182
0.984
0.954
1.019
1.179
0.947
0.85
1.295
1.547
0.474
0.89
0.817
0.24
0.249
0.234
0.234
0.397
0.603
0.63
0.422
0.697
0.421
0.637
2.107
1.378
0.689
0.869
2.244
1.244
0.62
0.249
0.248
7.291
1.998
1.024
0.546
0.239
0.24
0.239
5.369
1.007
0.973
4.895
0.825
0.951
17.201
0.548
0.698
0.961
0.723
0.667
1.073
1.065
0.0
0.485
0.528
0.292
0.276
0.268
0.656
0.284
0.288
0.311
1.021
0.507
0.765
0.285
0.491
0.237
0.596
0.27
1.434
0.503
0.518
0.485
0.477
0.472
1.905
1.031
0.577
1.019
0.589
0.461
7.679
1.014
0.56
0.77
1.396
0.715
0.483
0.765
0.611
0.24
0.251
0.233
0.232
0.363
0.406
0.631
0.393
0.629
0.42
0.642
2.089
0.649
0.438
0.425
1.6
0.975
0.477
0.24
0.24
3.76
2.0
1.023
0.543
0.237
0.238
0.239
5.391
1.0
0.965
4.732
1.594
0.412
16.851
0.747
0.775
0.871
0.72
0.816
1.023
1.081
3.233
0.842
0.813
0.291
0.266
0.299
0.822
0.325
0.253
0.239
1.532
0.508
0.595
0.235
0.69
0.238
0.98
0.467
1.872
0.601
0.763
0.786
0.492
0.719
3.176
1.166
0.575
2.11
2.014
0.475
17.559
1.008
0.562
0.769
1.394
0.714
0.483
0.787
2.227
0.315
0.325
0.314
0.302
1.523
1.02
1.049
0.569
1.017
0.535
0.78
2.209
1.641
0.867
1.066
0.902
1.63
0.739
0.35
0.349
1.463
0.346
0.346
0.781
0.344
0.344
0.345
1.275
0.432
0.434
0.939
0.458
0.445
2.306
0.392
1.091
1.149
1.038
1.059
0.844
0.854
1.138
1.211
1.066
0.367
0.365
0.37
1.149
0.444
0.358
0.35
1.83
0.702
1.149
0.358
0.703
0.344
0.713
0.368
2.068
2.15
1.137
1.026
0.669
1.438
12.071
1.703
0.815
1.236
0.809
0.648
15.873
1.441
1.524
1.126
1.455
1.034
0.688
1.065
0.795
1.125
0.317
0.299
0.298
0.573
0.66
1.011
0.527
0.785
0.481
0.717
2.112
1.467
0.817
0.947
0.937
0.807
0.685
0.333
0.334
1.043
0.336
0.338
0.77
0.344
0.343
0.343
1.129
0.418
0.413
0.932
0.471
0.47
1.984
0.389
1.057
1.189
1.01
0.989
3.38
4.174
5.686
1.019
1.066
0.368
0.378
0.384
1.148
0.424
0.425
0.362
1.713
0.697
0.869
0.348
0.671
0.329
0.69
0.355
2.017
1.038
1.018
1.292
0.953
0.965
3.426
1.426
0.792
1.262
0.803
0.648
0.658
1.267
0.863
1.024
1.479
1.713
0.679
0.98
0.97
0.304
0.311
0.319
0.316
0.571
0.659
1.011
0.564
0.922
0.488
0.715
3.289
0.733
0.632
0.984
1.071
0.85
0.687
0.337
0.34
0.814
0.332
0.331
0.788
0.343
0.342
0.342
1.25
0.414
0.43
0.909
0.475
0.469
2.012
0.398
1.028
1.127
1.011
1.039
3.374
5.542
5.503
0.669
0.707
0.378
0.384
0.393
0.767
0.428
0.42
0.352
1.73
0.698
0.87
0.351
0.677
0.328
0.685
0.346
2.008
1.046
1.03
1.289
0.951
0.964
3.023
1.451
0.777
1.272
0.795
0.654
1.006
1.355
1.172
0.723
1.461
0.0
0.677
1.016
