0.40109158562559194
0.2604219733980745
0.13885806177670132
0.14393582298959737
0.07907217658226433
0.033119507149911895
0.013415865289157673
0.5924193138266978
0.22778926436083363
0.13338412544993086
0.15940072446851278
0.05084176786510867
0.028407395483739772
0.017699327736918798
0.5714765551964566
0.2640326887047448
0.11215321305775174
0.09629795633864506
0.0801683472714762
0.03647468124258999
0.018121448463341374
0.4022863272812893
0.2690691707533923
0.12453928444655234
0.10856036600307244
0.05960337206464853
0.03443970399509716
0.019835138621778464
0.5645546094918944
0.21135559185098518
0.1521217307714507
0.09525792426966385
0.07497848755288491
0.03934710218150774
0.017679205848762456
0.4508037165441971
0.3076260544222779
0.10078058319715526
0.14858370826675824
0.05774183767081447
0.036467332450689
0.018253430344378985
0.5298731962969307
0.2762532551420164
0.14774468701408175
0.11402795417852499
0.05462495315036425
0.03360515016099856
0.013851742269099677
0.4016997257970495
0.21160353797068196
0.13495323258616138
0.15046622461832004
0.06871933966897333
0.02935426867251607
0.017622846579854225
0.44019834345961084
0.20505811932403098
0.1219510880232106
0.11948898966381175
0.06456007106048169
0.030308985376128562
0.013791410219836283
0.5785009122116018
0.2035080567861543
0.10246768419430251
0.16187187255743457
0.05525012032045613
0.03234897741851046
0.01308947237378326
0.5135712761821551
0.251598985876838
0.10907212437899445
0.11421165882406034
0.06835404441793048
0.036153433894146034
0.018439659379995504
0.6074942731107215
0.24213444690070823
0.1364371785255935
0.12719789326537156
0.06298062203633298
0.0264602523643511
0.014061609027363406
0.5057368302649061
0.2620869092789845
0.13994623207095597
0.10666561566700805
0.07122327161844709
0.02554531677537348
0.015495537891295878
0.5962819276632327
0.26919808062306655
0.13271854553651727
0.10982734986877545
0.07408284008879451
0.031713373256737475
0.012691055353558866
0.5550656675366936
0.29506689142584486
0.10492362781642085
0.1347163295838964
0.07834528237150452
0.027288623970211635
0.019743127487777817
0.5002249956828928
0.20953682395869366
0.1378282649732204
0.10062961946483455
0.06794797285621976
0.024415028072639056
0.014881132796576211
0.5444769526250367
0.2274332545616342
0.1370631519750154
0.14111522375387084
0.08088173060338463
0.04035516865491455
0.018772251968828417
0.4635876504622689
0.28563857811895005
0.1346093190684206
0.11597761790172556
0.07182449875379822
0.03433260513124529
0.012368703657203143
0.45339263024325627
0.2467471897487798
0.15040177273016028
0.1489889080324924
0.07302986882431375
0.03975971574566742
0.012525357906689327
0.49416469277340636
0.2813312429768542
0.1335829760172062
0.10460109379401154
0.058837937537094015
0.02710928522159745
0.012675982053696301
0.5482892872909403
0.2455397971304857
0.12089483747750535
0.15203928021653185
0.06353110956613701
0.03601304047549435
0.014069234592423806
0.5726472076723346
0.271482117725022
0.10505993961103283
0.16022836977955054
0.061389854586072545
0.033203098717309504
0.019402804232126848
0.41309475120093303
0.20564441413059767
0.11903760426524637
0.10739880209681892
0.05720492563361307
0.03258255539191848
0.014563261965783201
0.6014763338362106
0.29471696887189835
0.12909907662439335
0.15734109590428774
0.07445352417598465
0.029762456846413713
0.017350038476907435
0.4928636746570225
0.22511474889023206
0.10942300162559211
0.13229117520995073
0.047474059573348985
0.03133139410893074
0.016020040730661978
0.5372561712927192
0.21964473217718142
0.14766626146230621
0.15905631742120613
0.06680036404692163
0.027789506242285607
0.01895186431173914
0.5873048551305242
0.30699723146483693
0.14308618524164557
0.15281341231191087
0.06965441753411662
0.03395524635525235
0.014858211897138016
0.4263517919835756
0.2988885953710793
0.12394072162989792
0.15799368624298354
0.05320636235842274
0.03234286056575884
0.018395956786773627
0.4800325926398967
0.20465159647933182
0.13353819427784783
0.13811549020746772
0.05816954058355699
0.03192281656105737
0.01381200981324383
0.5163579143099134
0.22689587165184635
0.10754873200667621
0.1050572238133409
0.07019062491580136
0.02476840068885737
0.012893935314304163
0.4351111895961412
0.20868246061817947
0.14059046534391362
0.10022478338021165
0.07278432727025066
0.040640443218630196
0.018768700551281776
0.5605545908764952
0.19928828537394633
0.134582465863357
0.13147640139302746
0.07543183113639285
0.027110777259835576
0.01682425723264587
0.435078044433568
0.2494542208775133
0.13180008253005318
0.13378864166310456
0.06684184771805358
0.028951598900024873
0.01703764038248712
0.3999273612034445
0.23165548104833913
0.12368481316872741
0.13904603098012874
0.08071372640646723
0.03143279127962427
0.015658790402984093
0.6086729663780197
0.2999759132702648
0.12954837773482059
0.11302188654454207
0.06496638651322173
0.03832674067761824
0.012173240312571889
0.5482254875824791
0.2865634994010557
0.13564421792713982
0.14608891275097735
0.07935608782238959
0.035579841906380236
0.014790414470199421
0.5527726355119533
0.26769174224518355
0.1452695371308996
0.09421383038095132
0.0779895445286837
0.03152498084191624
0.01916324745114058
0.5561684004309084
0.22380071429207543
0.12279851978163014
0.10774518969613239
0.048306409218636215
0.03403465045868749
0.016194050793400565
0.5541610734377967
0.21458604442412177
0.13912775477493428
0.12627105925073814
0.07746330590843555
0.024423373475974865
0.016777254155598942
0.5105603551347038
0.29703215810448824
0.1386639500321366
0.10275981532935616
0.06957978698533517
0.029865948218055743
0.01632479106885059
0.5941336183548857
0.256146154972216
0.13242940399650655
0.10899316708436445
0.07934657153092964
0.03643392260858555
0.013733621006419372
0.5389776236809262
0.20647660762521092
0.12569723847286657
0.12468186791149052
0.05560483391554093
0.030955722849031857
0.015930982255778544
0.4380756745804104
0.2558299911662505
0.1267017683834973
0.09431758173532145
0.06150822880101795
0.023547640425305404
0.014550732083820146
0.6114653807334012
0.2258554993446996
0.12103594023093178
0.11008177162722424
0.07997545909877579
0.030016326160932007
0.015388571147087022
0.47825789414525643
0.2286463391083443
0.1159815609412055
0.14937328086339144
0.05105647775285198
0.03245180535980918
0.0172528879516086
0.44453149951849164
0.2944113701619182
0.10831998232982785
0.14495319975445403
0.07613917196240351
0.02709843166167079
0.017190343508940453
0.4663224921656033
0.20620551817395322
0.11009924756373124
0.09651814598175729
0.062077354738839664
0.029106498779968733
0.016938242002090084
0.4860964403851964
0.29619972898851865
0.12427416136443617
0.12942934066585804
0.04954175112810294
0.024285502876694273
0.012970191395069998
0.5213541049923757
0.2751157701908994
0.1244391530643979
0.1400055290593168
0.07824882150256765
0.03525831345968243
0.015484044807457138
0.5363654225381725
0.2862636152806549
0.15324882269017673
0.131244416264848
0.07412518235949153
0.024009714082036806
0.016438406421076777
0.4470340268072989
0.2367162881242434
0.13037952733290184
0.1602162229283564
0.0752969893665043
0.026103284941607418
0.018984608301648453
0.46920820165512017
0.25555155376639427
0.1296181504581525
0.15255728914399383
0.07023953682917056
0.033247406418798656
0.01969944205736564
0.6039138568746505
0.2459236693855931
0.11539388632081068
0.10004008778371153
0.05702472922682695
0.028288261374846146
0.013335894245941218
0.4340100178377361
0.30543346254143894
0.10445270981581954
0.11674084564477111
0.06812328101235295
0.03994730070385674
0.016437614580094493
0.4686983860832144
0.2736342830972458
0.13032601680355665
0.14672812326841048
0.0759408200717856
0.025613237861597034
0.013235751866284123
0.46713682501915327
0.29073660377160365
0.1441528761594259
0.12922771534932814
0.07567152843863041
0.03294066184712526
0.015674087341604755
0.4939669709132548
0.27328140692883773
0.14540790168581255
0.15542272492631912
0.05212963920685902
0.03862743789573278
0.013354237552411805
0.45409258329127583
0.30485050890878573
0.14773206224673463
0.13052840961475187
0.07122742957492975
0.026652865277879762
0.019059632203883653
0.4957992446739771
0.2725572704843753
0.14037977597257423
0.11278534270425045
0.04922260587456093
0.03187525681769307
0.014729320978719256
0.5775997052501023
0.29401062372679376
0.14169087844397685
0.12835741859361413
0.06433772752744697
0.03914381956272567
0.016896215842117295
