12255
0
11084
0
0
0
7866
23716
16982
0
0
0
0
0
39826
16537
0
17417
0
0
0
0
2071
19895
24772
0
0
0
0
0
8908
9909
0
0
0
9640
0
0
2064
18775
19123
21278
0
25198
4027
0
34502
28148
37821
24338
0
0
0
0
10825
0
9348
0
0
0
19281
31373
0
2389
23444
0
0
16990
0
4696
27680
0
0
23215
0
17031
3317
0
0
0
0
0
0
0
32515
15423
0
7591
0
34071
0
0
0
0
26784
0
0
0
35719
8876
32960
12778
0
32657
16045
29801
21901
0
5082
0
22618
24170
0
0
12715
0
25580
0
31717
0
3272
37935
21692
0
0
0
3495
25583
7307
0
11257
0
0
0
29372
0
0
0
30743
0
12737
0
0
0
28270
32954
36146
17081
0
0
24117
17901
0
0
0
34095
0
0
36384
0
0
0
28157
0
0
31542
5756
32414
0
21634
35773
25350
28443
22973
0
15087
29256
20577
3418
34337
28644
8860
25849
0
32729
0
0
16957
33211
31453
12081
0
13859
0
34484
0
38944
0
21767
36587
0
0
0
0
0
0
28309
0
10491
0
0
24007
10991
0
0
32083
0
26513
37234
0
4653
0
0
14153
10992
0
23991
8775
5219
27598
4270
0
0
27749
0
0
0
0
0
32902
0
21521
0
36269
35614
4521
0
29694
10357
15351
34358
36471
0
31202
12643
0
0
0
0
0
0
0
0
0
5009
6110
34882
6525
0
0
22757
21676
0
17048
0
0
0
5790
15405
19283
8144
0
21497
0
0
0
23899
0
22212
9654
11581
28582
39653
0
5321
36641
22641
10443
9733
22005
