38
80
64
74
7
42
62
52
11
93
83
19
18
46
4
31
91
95
39
99
50
91
58
57
79
84
66
12
13
19
87
15
53
67
12
20
96
29
49
21
28
66
58
28
26
36
0
88
40
62
56
44
28
57
27
65
77
36
10
7
82
43
92
42
7
37
73
3
22
85
87
68
57
98
96
41
60
38
73
40
1
82
32
17
92
17
7
15
17
74
39
60
3
69
87
29
46
53
75
70
88
29
22
62
3
73
33
99
86
49
24
62
68
14
76
96
6
81
57
70
16
74
54
31
62
71
58
44
37
83
76
48
81
95
38
61
4
55
19
4
85
16
1
29
48
53
22
88
18
3
69
72
92
0
2
13
38
58
86
94
43
27
59
95
18
91
31
71
12
17
88
74
9
42
73
77
8
19
24
87
54
35
42
32
82
80
62
13
28
58
59
23
83
86
77
84
43
4
34
60
20
78
21
59
3
60
43
39
83
43
37
36
15
39
1
19
44
69
66
67
6
8
62
10
63
81
78
94
68
15
45
56
14
12
10
88
77
80
96
88
95
94
42
30
59
77
63
27
51
17
34
1
3
26
84
74
75
87
47
39
70
48
78
48
67
8
88
77
46
58
67
84
5
39
75
20
65
42
18
63
92
98
16
93
28
19
7
46
14
17
81
10
24
23
21
53
67
49
83
21
31
20
72
24
2
94
39
59
30
65
30
70
66
45
3
18
37
25
77
48
28
87
66
62
55
13
23
91
61
21
82
6
11
71
57
32
94
85
33
7
19
76
24
5
65
59
26
96
89
8
55
86
72
30
63
70
90
79
63
67
74
77
20
94
45
69
65
63
38
57
83
92
58
67
4
24
58
56
27
28
13
3
51
35
84
87
57
17
9
35
81
90
42
15
3
78
97
77
4
76
8
9
8
10
15
52
77
79
31
89
13
72
42
16
42
69
3
55
32
41
26
86
20
81
96
12
5
68
37
8
51
37
88
50
39
48
59
89
23
48
14
97
92
79
96
41
60
36
91
19
65
87
76
2
34
79
52
42
39
74
26
13
44
22
77
72
50
54
26
95
47
45
65
86
17
61
35
60
83
57
59
2
30
77
83
99
38
12
95
92
68
58
10
2
10
89
74
99
47
49
62
59
12
21
11
16
59
75
97
72
20
46
11
40
89
91
63
49
66
48
12
17
42
55
42
8
40
75
9
62
46
85
80
39
98
48
32
60
29
57
61
75
65
90
14
98
12
88
29
48
34
20
84
5
92
16
7
76
26
10
97
34
92
23
5
13
14
99
27
25
39
94
0
72
62
82
19
8
82
73
31
84
40
17
70
54
29
4
98
20
77
9
43
53
92
1
58
65
99
63
50
83
68
93
26
40
47
27
56
47
24
80
2
53
97
73
68
46
87
9
54
86
43
65
9
59
47
19
51
74
94
65
76
13
17
39
73
83
68
86
21
33
86
47
41
17
26
90
51
4
47
33
75
88
69
56
8
8
81
24
42
94
80
61
6
87
89
38
64
27
66
11
9
81
70
4
85
85
82
15
62
93
38
54
21
39
13
87
26
10
15
93
38
77
12
82
88
66
52
5
87
8
50
37
67
31
68
58
86
49
9
31
0
92
32
51
92
80
81
54
66
28
76
74
66
85
68
48
96
11
42
13
25
45
29
11
60
25
84
3
84
95
30
38
97
98
78
93
58
11
94
95
14
53
81
79
5
24
78
67
57
67
74
12
14
98
11
2
86
46
62
78
83
38
42
96
84
44
80
33
43
68
32
51
42
90
37
51
64
44
12
11
10
83
95
75
43
25
62
70
30
97
20
73
92
87
1
32
25
45
1
83
66
42
41
40
94
10
79
26
35
59
19
95
2
83
90
97
8
70
75
93
32
18
53
94
61
82
58
10
18
66
87
61
35
16
96
92
36
52
4
59
87
73
36
22
15
0
41
69
12
19
31
90
14
2
39
46
11
36
74
42
31
65
30
44
71
67
54
77
62
31
38
9
11
61
76
96
97
68
5
78
5
6
41
10
82
22
29
41
