3.556273179443497
1.5850269295663788
3.8227559466710446
3.1432185524595955
0.7857625013924918
3.7055614570637823
2.813261687253312
3.222966126667211
1.6872505834102391
1.5810476324573535
2.6883237254340937
4.812565848302146
0.21139623908678074
3.37059221933302
2.3590394105522856
2.9703212657328097
4.735246433382892
1.998540396980026
3.369162266018751
4.176108545006566
0.7012539264832623
4.166097291144116
1.8363584025393602
1.091666054662116
4.508871568481096
0.44113757979379886
4.223581992784785
2.551054529837471
2.3639031627511313
3.8043707435787777
3.875006336090671
3.716106366975856
1.3915545469056745
2.4236630579757317
2.8121703439305126
1.1142626286618518
0.3159314276409775
3.4835060976184264
1.2016549389039537
1.9096576288145677
4.971072124719729
0.23327143758707536
3.9634067534602213
1.9534040035789413
2.4802694351765413
0.3532693975849238
0.029324671969608307
0.5827738799610704
0.5520241237705498
3.1766205789614013
3.076503556887191
2.7619866245545728
0.7868984339082052
3.554089100009989
2.45038562581252
0.4954126370507228
3.270737164858714
2.12154747501798
1.4281893534610157
2.4081639292779973
2.7497473059749407
1.4421361978292024
3.532839779909387
1.5761156836213313
2.482609962754794
1.4990681493416447
3.2083425269814114
0.29375491046058855
2.0698718158185687
1.722854563613399
2.2858902825728094
4.729696619884664
3.3556304534252623
2.890528586297754
2.118987288092292
1.9465188720386128
3.0731936271704736
0.19838550707416358
4.780695752701092
0.5153616169481018
1.4957601458117353
0.8841942430797572
3.9919344286949103
4.359937918767936
1.2621199727263326
1.99379982599518
2.2386622275048844
4.5455317403203885
4.08781317253606
0.512622362840901
1.6915154048594565
3.295320909534007
4.000171575967265
3.8185715100085034
3.0589077635186896
3.8537697857712114
4.73341873616078
4.507993501307352
4.243669215301942
3.5547684875830794
0.49529681311431983
2.076497269529036
2.6601274066005978
3.3723227245791216
3.091554692651701
2.0543703596242704
2.156571116239387
3.8175851921556148
4.336882109098542
1.7623196342170033
2.2549641885007548
3.4784990237906066
2.189058509845561
3.114120260128867
2.0542935975714185
3.6815687036872804
4.75021770179279
4.670099412143501
4.147706322471762
0.030462724117765738
0.10282656503277698
4.544046751041385
4.72174399580536
2.262353702140278
3.2859841588363286
1.34211219426002
3.465367847157024
2.7515292843071517
0.8402931251581053
1.4262118018478687
2.711315661937996
4.9170102462798315
2.099192669623186
2.712005585095079
3.0332442403399273
4.848245250523114
4.996259640779349
3.696253563986978
3.295374230526911
1.0020810004842307
3.442935700241284
1.2984703688830352
0.7331416951597219
0.971936369750071
3.715204772604226
0.32267389964795945
3.612067580655265
3.2925762342137457
3.260977256819012
1.2669109791715698
0.626221733556232
1.7974658090580908
3.305117341548586
3.298511871979093
3.884200029948918
3.4319880671731866
2.8931718967441507
4.921606253633901
1.4692642538840361
2.3653475205408947
4.250620819642919
3.5851583199215886
4.192484463983773
3.787010727578226
3.121387282405964
2.6451264541270465
3.666739974995747
1.7811467173218536
4.297689728410315
2.396549883729318
3.50731643469606
3.658907734139004
0.2470501143981968
2.6491192998343402
3.800051371917931
1.8488525520278891
3.8628705079196135
2.525660502554076
1.3294036605408976
0.09149109304417091
3.4788793963342095
0.5398275729020907
2.251203310522877
2.3771565439156257
1.2045484674119478
3.3008514931435418
2.877029789986259
0.1161717648888172
0.2367684511734286
0.7238706055003519
3.3303130815064974
0.7930322182677974
3.072339675100525
2.012995526454025
4.202950650615759
0.6281345230919622
0.5984963343844785
3.016787219539005
0.8114770309178154
0.4287039018205119
2.345437093270811
0.30659444524199775
2.755356590082905
1.557282834533225
0.10351152982497613
3.1957869363376963
1.2627366791632955
0.6548196227545477
2.916081373200944
3.5076034267244744
2.648233996154289
2.220878329041784
4.811561061369625
0.5399632569716062
4.139698317500984
3.329609813165666
0.3211686340102343
0.36776032440582196
1.9017520656755509
2.4001178517890005
1.9256846644300674
4.21421252121379
0.9544406603627226
4.40797341986814
1.3118207694416788
4.591611793686462
0.07806609941028109
4.722812900583476
1.0301695937136557
4.046824043062756
3.938132724189518
1.8218873048231843
3.298165047237092
1.877220321907579
3.0792176451869206
0.14937291796772167
3.1434073550492183
4.37661186211322
2.6751390749751893
0.46202318582509727
2.818510991426637
3.58735450255476
4.825783209952333
4.597213824960502
0.6065929922891056
3.1284890262998215
7.06602729678707E-4
3.149061368348103
2.9632495346132033
2.04559157721046
4.235334052297905
0.5855777010792401
4.141307646736381
0.680853489301152
3.424705289962805
2.6089894182087696
0.6865233069455523
3.1898839275188298
0.6175237123966765
0.10895779116089077
2.1662125264114396
4.497724493292826
4.130935832293506
2.561256993444754
2.603360988858049
4.583279105360454
4.0766574272828
4.726616369219453
0.560104988706992
4.465016805271526
4.978339019864858
0.9484578704917651
1.209071244302179
4.555434326244861
0.019095266251396015
1.528690914285184
0.5391877120753974
1.0819847830492275
4.830875481976991
3.043052738572788
1.826472536442585
4.747804688291825
2.074329547688273
3.2371610841423895
0.725756292319964
1.4500050491854006
3.5479929694998322
1.6842818477246118
0.4974605334017146
3.4543056516491677
0.7391937938184046
1.124599055395582
1.7186407034768307
1.905413026152058
0.09410953706616043
2.6358386877211437
0.7166557434002968
1.394292649117742
4.444020287171445
3.074117880141255
3.952330424796815
0.0518338815513647
0.46652565783994515
4.920917060555954
0.6785324809480209
1.2972807854411428
4.271450424299773
4.955204945314931
2.8264115306046795
1.2002834013242132
4.100505435126776
4.6356368245909145
3.135820493353081
0.7918574155111324
0.05025002819443014
1.2343159719778163
3.647180831469944
2.089855412783122
1.3464948720673746
2.192533386315107
3.1071499452637106
0.07424728624243593
4.86826581121814
1.9394058656806719
2.5815311039107707
2.9221548602013936
2.808680054437631
3.8260577965590854
4.468428422795326
4.071211801172648
0.47690114234284153
4.343453836669548
2.482828379919451
2.960870630976583
0.29109113431506684
1.371091544127243
1.6718444582119862
4.475298097776154
3.760204115764685
2.6578792631466177
4.454466888395844
2.3667361741472606
0.45697066505256234
3.3846352723949447
0.8676651650167799
1.5200652358891946
1.5518212159923195
0.13485407769530333
1.2720569606324346
4.41248026316843
3.2357649932983867
2.622526358387623
1.3520279977073402
2.3013789583730286
4.610201525214056
3.7622387958496537
0.9697774734324954
4.424791751195937
2.484738399233461
0.833623300973883
0.25816375646922907
1.527321052861802
2.9950598735197826
1.7104138696210498
1.8000859140294034
3.6591017762144866
2.6352782072597276
2.238366015635904
1.0325335219674177
1.5620466749488782
2.213944979924394
0.4661625951727
3.5604011406525844
2.451043953899238
4.96150824077721
4.38363706141942
0.9911411500641881
0.46217400719471724
4.719670141041938
4.578478873706061
0.9981088846288289
3.1708171875793467
2.819252663258599
4.682617730796348
1.2215486499873602
0.39427770498929093
4.178146730016675
2.1000462678897835
0.9964379171719623
3.399288589895912
3.0474048767315653
0.8744658098018843
4.832036137969606
0.992944655886242
1.0264141629050378
2.88139295356244
1.9414823217020567
0.6149687261899833
4.928981897874427
4.757158052421513
0.8252294744787309
2.0090213546001854
4.035763490020429
1.7155384061654577
4.699601863535575
3.2276466652371516
1.948404635992127
0.7828381532340767
3.183525031124831
4.132684169482371
3.6342954781715875
0.17274733217866156
4.529158020854027
3.837631282439476
3.474868115921357
4.488194942282463
1.1177918554360255
0.2821065180362542
0.45826219086988473
2.8608068141113763
4.231735201429696
2.6838220460914783
0.5196443426911046
2.15230973861638
2.4367302307287177
1.7814526335419278
0.6382650263395784
2.499682358596699
1.7602269604816039
4.62417790965242
0.4486687334336964
0.2816533723374076
3.873838907868485
2.655699078320515
2.1035051134019485
3.4391695511726432
4.6976353422074215
0.9420277650513259
3.270932624799678
4.560188853239504
3.610495939078132
4.108234176502936
3.687149133961137
4.449124677747557
0.9931608113319468
3.856692471133326
4.082330207078347
0.32357509318515054
1.984602530204505
3.796379420169947
0.26911036038891
2.4506208554994853
2.7715190425517813
1.847714987660406
1.7726442427738287
2.5236778690376283
2.4629951439037012
4.2755320477753855
3.7696190964348513
0.8152659181513316
0.6143717787139036
4.575991434065733
1.6247729011857377
0.6090723755382904
0.6870298210743203
1.8901561173549386
1.2528243471877327
1.957276152006877
1.5192127351414202
1.074245064985787
4.794422562931654
4.97099015449699
3.665587259192591
0.9268926298883157
1.7642274986757873
3.138873965174378
3.3435515704367864
2.825290646698847
1.2482805595320323
4.492416152878104
3.477191891701618
2.2574173125083936
3.273097302414349
3.5852022407997253
3.480797838630299
0.28021772249796295
3.113064841176898
1.3713660977521136
0.3401415014364845
4.223163932065836
1.0732437301965865
4.442946550025708
0.4138629651683706
3.2179028895953494
1.1002583227646827
3.5532112725758234
3.643669324752899
2.0948445147799215
0.7712694350721316
3.9162810257086167
0.36595657637076673
4.868703467885887
3.47161553880732
0.7377560459453353
3.247375980581876
2.717199344789245
3.1783976486505967
2.7981680759892678
0.5162463109641341
4.1016491213475845
1.3096430612346677
4.935840474143448
3.7619800352437966
1.510968810540041
2.5189213417787517
0.9465205737500448
3.3355119065093324
3.8619471557898537
1.6033019614678223
2.805685953761043
4.575115437460785
3.5518769533439674
1.1081159433695347
4.726368524121677
1.091588021847043
4.782616952473614
0.8303568587052473
0.5290404722456032
1.6834019329239225
4.001099022163518
3.370156795101206
1.1400777760367258
3.782397209742184
3.40282690171753
2.122929951644771
2.474695261947117
1.8573023032579234
0.40422906442199036
0.45789078253498816
3.108162521182161
3.1624647741589005
2.7758842127572647
2.4045372323206267
2.3215553475710653
1.9317098526579224
1.5042553358091537
4.772989717171826
2.969327894964948
3.9198233718272086
0.9581388637867927
4.086606669598832
2.9996957795722485
3.9867127634155235
0.5881263362171141
3.1386014459189946
2.3908634903195285
4.989378876671223
3.8177727830613275
3.928716706686837
4.038171151078728
4.092985322220357
2.1844400403065034
4.0647279497481215
2.374308356155004
0.723194308814426
1.2381759755514317
2.510648270865561
0.40931706819364144
4.846987543083213
0.5972975620248644
2.559935921813791
3.1365028814119404
4.261197756015045
1.266497602192207
4.362085127810874
2.371907655569614
2.9196862254687694
0.09480147256159588
1.7365996392231038
0.03238525888788646
1.6508359926956373
1.072956031772962
4.411788840200681
3.5925991415372405
1.5172257088601548
4.792995536181958
1.8896812179113087
3.9007957216442435
1.4859149543723893
2.5448257456411993
4.287799493283642
4.521134521299233
2.357332048228567
4.181303159276558
3.287489904974366
2.4960410701647033
0.9520063267467488
2.4569164559270162
3.417113422505956
0.5001467544830895
3.1669204984904082
3.76519443028677
3.568775307593055
1.7299557193393782
0.3954160851402133
4.598323028196553
2.885725777015216
1.5066428746811473
0.6278798291757148
2.5362374342724117
4.951647272215928
3.1900689938940396
2.785364678120226
1.8162780553853315
3.1675007092233582
2.910250253005493
2.044423661435506
4.836603639776157
1.0329474502496154
3.1131918108563794
1.4034005670616785
4.759689782736028
2.783062145931599
1.560101422848808
1.411511888385017
4.821949255751656
3.207767713317122
3.219611052835376
2.1143964865403655
3.7667220268946675
4.291446755849025
4.731053110431183
2.2809153663220623
1.275969741049639
1.6300908040214463
2.4721167988851263
4.3234936748483985
2.5044458302692076
1.0373131949559662
1.7000472965119573
1.3508499886367513
0.15665679928471343
0.8836171477446148
2.2937283141530536
0.32573550569054477
1.2824044516983502
1.2119540607652963
2.915280133049932
2.963627263326003
4.077490552757692
4.617508982790413
0.2846839718057209
2.3112808139298258
3.770406398576722
1.8771783018798127
1.8923198507605106
2.3249409326502786
0.3590355803704742
2.274305245331611
1.5846477021302103
3.277324636026288
1.1594442994592353
4.012122496010178
0.16792646725943494
4.525267319790082
4.473170544615403
0.41651401262948917
3.512370695129212
1.9984444626364994
4.014592803450467
1.3943842055472633
0.20458887168566142
4.697006459111107
0.01862457443041421
2.961094388558542
4.592846929286011
0.2279680566305542
2.4822532291861297
4.211015842375668
4.424842101300854
2.348279870470879
2.7775205008977935
0.4081627917816544
3.7782637757892523
4.215837413666412
1.5978306398649489
4.148983749923864
4.805421126003473
2.459254548185376
0.6709182746540532
4.661470462444015
4.955823852884223
4.297044363885472
2.5174530352864037
3.7662888876344174
2.423820626367789
3.134059958734877
1.0350083825175949
0.8318360922945084
1.0704695883683386
0.9867999451208231
0.5531452790578639
1.190959498745034
0.9078073715285112
3.6605751591485944
0.26218787585896075
3.6808404603547555
0.15372721427935943
2.6152179522890293
1.1204494262305875
3.798222910379996
4.768907119692511
2.7981727605086166
1.9064343035767983
0.6825946408193229
2.158792895973909
0.8115464092606345
1.1560046428801773
2.7314455308003054
1.764009648779612
0.7322670420604294
1.3272195931013435
0.34631971533378436
3.464563205391989
1.4088369946678314
3.414770606937611
3.27646738577531
0.29607934361154775
2.4963050345511966
3.3360824845695958
1.7826751072860754
3.9970946243075507
3.2003504664043825
3.115949331712406
3.8940015281859734
3.6451187294341434
1.2048386185757516
4.204008249151902
2.2699120128421657
2.282115980039143
1.0402862783844746
4.3881286905528345
0.8497789723559829
3.5034280526348316
0.7718984377143345
2.5232173614866134
1.8303503684170064
3.3499518578156233
3.2511756042314763
0.9720684050572281
3.190151629155213
3.7648030160872703
3.0842841913231203
4.636764029099852
4.411359400066365
0.38210480846327777
4.564037130547403
1.353624107126079
4.896121682946214
4.659158024404381
0.7850429833474498
3.1283952102807215
0.9909717124566997
3.6468382110429753
4.11068503247723
2.951640288454167
0.7757953053850558
3.2636610251408142
3.068032904635615
4.5287621867213055
0.9008584057970032
4.605533691661622
3.3854656336772737
3.0080383237956014
2.4989125549894684
1.507630248666073
4.243117738991005
0.28606570149037835
4.48124687377779
2.2854121929547206
2.270278606833009
2.8896500274818138
0.4411971198659509
4.54731411976499
1.1388084806304604
1.6550320436057593
1.1759881389733824
4.029062559777013
3.049430763256837
2.6428114114007695
1.6729762483386945
0.28190148311957375
2.423810298740025
2.9370749460831203
4.01951824797945
0.8765214983728992
4.104596058507858
3.5066138356096554
0.9925784914603508
0.7599209446118615
4.124084206532466
0.29891962454071275
0.4802794417170586
1.8120902597851984
1.5965609679941313
3.8695175167314972
3.3060072195636048
2.67866378143764
3.6344050122108893
3.820281599826521
3.358614493628913
4.532569911909347
1.250916926772185
0.9761218301207092
1.0493896347132008
0.47817876830792305
0.9448109797430054
3.3712699176937644
1.1489831515504845
1.2066771661241176
1.1456749087779845
2.8677320551130996
3.9803635385234326
3.4452051360808738
1.296535513244712
2.3129410923611644
4.151964015582015
1.5432734883167871
4.7511735226305865
1.880654552855185
3.727985973385116
1.6125770275618305
3.985964472116545
1.7697520856391191
2.099510714965762
4.568561307739889
4.807761775053516
1.8080571301757553
2.486872131468264
1.6649208221905443
1.7853969686911186
1.5842849765778695
0.7217099994587461
3.9007687141984264
3.0340248929894456
2.5336025149943273
3.8958947827377584
1.6723564605065415
1.1400105707650987
1.8366262280876327
4.90835593774923
4.958428181755778
2.6056652513028284
0.8675845328903059
1.1259285454993035
1.9665898298240085
0.19099777066765744
2.3878165789037635
1.778405886986028
1.091691920091734
1.8980516141532537
2.6246550493014857
2.5354897848958498
0.020539486223546954
0.5978926008380447
4.156988874543337
3.480635914801371
4.718493818349964
3.070454677170101
1.5590664989954757
1.7755726156634855
2.9269947770041926
3.6791295907016615
2.7343431116546855
2.500783016612203
2.328319239016949
4.813095835868028
4.558852960192008
1.786189924371968
4.4239286777334765
0.9204600487082681
1.4680149211210907
0.017755290825113845
2.8495996019323897
1.0789106330303673
3.7697499438946576
3.760128770987852
2.075009889919478
4.2645329516237815
4.248182874232937
3.000395627459158
4.881386029218662
3.6279578427393506
4.928969035292029
2.3339178891933727
2.9835624412485737
4.646192669505862
3.255353905481103
4.576492919448756
0.6084430912239824
2.0574572571766976
4.219596382603313
1.7821208580215686
2.0658384515023847
0.6159431659832965
0.19848436126414126
3.4667766953952572
1.28616900377651
2.0620800950458307
3.426457041335036
4.271336929532668
4.243255630729027
3.6658313174638795
2.858285792531447
0.9311114352062055
0.23018930512685887
2.903599157915879
0.7100197942190473
4.526205791808475
0.33090508727874446
1.9819174345904855
3.5890914936529796
3.187462328639492
3.426571936786311
3.6247867528509974
3.4392110067786157
0.5615147214753319
4.725341978516673
3.363002389127158
2.5035856699533596
0.12246990405229197
1.433042640413003
2.817858336336797
2.6112767329805915
0.19684394716022902
1.9140762446069064
2.8072628634606667
1.3307399760509835
3.267623684331911
3.1302211567842915
2.4342251128568693
2.79834167913485
1.168860100429645
1.1385787650953083
2.5576909290698135
0.628779436433316
4.559924898866967
3.3986505986636493
1.4798640518581951
2.9633484791861786
3.6199553678568512
0.44241285012307785
3.8083993118914
1.1040083959921387
1.0872849095745807
4.0745952176258795
1.3739997458077613
0.26152388778027946
1.764940101988376
0.7022839269417713
0.8117964827103796
4.110141330874302
2.587643851251192
0.8971048690568478
3.978276271150703
3.8228344099550213
1.299784533889884
2.5374520458037475
0.23949757277548722
1.5651723511556996
4.782318482925466
2.1443178430891443
4.99687658736211
1.8301589614437703
2.1439247789856313
1.1154878001466217
3.50234588239718
0.09091053071695054
4.9434228734586
1.251062528279217
3.254740450051527
3.013078347921922
4.13934589471771
3.446535793901081
1.6533306652141955
2.6208956447945235
2.297024146131008
1.99210533642728
3.4242161981760546
3.663496041570169
1.0473865306650239
2.2686732945510353
3.006545347636822
2.0743717640998236
0.7021978637771709
2.2343890754018334
4.3180415089391175
0.43337526232746004
4.626197922134737
1.1494074639692076
1.9684580945313108
4.061420813215704
4.698594924797707
3.737482841919464
3.972758902463003
0.2333691692431783
2.5460329563290744
1.0150013734701586
4.1700173537660135
3.9931741371493565
3.485712917571355
2.5319218826728007
2.831959672620556
1.4263879186289001
4.465017191267639
2.254809304725921
4.8527290730368815
2.0964260012529277
4.98167972244161
0.12614140226337833
2.672336330234982
4.278596271975359
1.236292326784239
3.2368168771832635
3.0893950951028004
3.245429349410442
4.033036866253827
4.179812900888729
3.7644223317903496
2.09901317685745
1.4225602016216183
1.9354227382143523
1.7996815175210372
0.41968749206641953
3.153738809461946
1.7027843587238318
0.8524352837386234
4.212096492459081
1.246665128622681
4.6952660845081855
1.7366646934226593
1.551922184222223
3.7844878977500347
0.49402671224449135
1.7328030136888635
4.608513362437435
0.9345053568514189
4.107689772987727
4.685570057373048
4.552023228742588
4.647045163307217
4.92256204594781
0.6080007726612491
3.0370383185737984
0.524013894016146
0.21037113616049652
2.8416576408940712
0.8887922865040138
2.7657372301879706
0.9861671049994081
2.186424947710587
2.3929553747446066
1.0171868282666896
4.355315840440247
0.40952140385136226
1.218237567384196
0.9134834110816703
3.290075981499884
4.508477389061997
2.3976588375778207
2.6934733765188463
1.3750932760912082
4.647255682161981
2.8235019139655284
2.1405352572513796
1.1520367738413233
3.2891969843340036
3.6773840807359064
1.4282978604971408
4.7970257996624195
0.6545572096661839
0.5639964454556018
1.336903992133391
3.714461001061557
2.7355883427274517
3.106522772234412
2.4487283593866755
4.919782959021064
3.6914873260209853
4.2410524211968585
0.3310490843379016
0.4233526500797885
2.771307035076495
3.8621604480292975
2.0910096612801112
3.6226016891162773
1.2670770493894223
2.8955631103068624
2.8381049626031194
1.2212504871508263
4.266519718534257
4.288403196410248
3.855513951094604
4.4850989963416055
3.6205941793987324
1.0658145767240934
3.334354762955394
4.976069112674907
1.8902167995938102
2.0433264239308686
0.5074093544637398
2.01015317004781
3.3699507476366475
1.3783012240573433
2.1276363184156915
3.3671573898358274
1.8143980699700724
1.0481774620273172
3.5444584454614074
0.9527173226380437
2.3753547206835535
0.8773534048213821
1.4535623087244565
1.3509966718559268
4.2483823634260585
4.945277764507344
3.151136130306246
1.3002217936112341
0.2933974212945556
4.804819520232371
0.12640134155322114
3.0841881012115477
4.8780255457426875
0.9477255029240328
3.06504956536642
0.760313566654055
3.4197314536434
0.17392432041828776
3.133691545160633
2.0997736277533736
2.42030831801248
3.613211522235754
1.0824025056537327
1.3081088078381475
4.686280448468523
2.847482412165942
4.009269481157807
3.810113720127577
0.042722408969993464
4.1480082079307685
0.012407182815663553
3.7480631458348586
0.671576408735704
4.226715151781134
1.3929772060564327
1.0325115222113412
2.110222367092267
2.489999386581983
3.769643996500261
0.144037692261611
0.834598816642344
2.0638765924151077
1.6313560019320206
0.9743084408794322
4.373181753666912
3.250410087061304
3.699219715412972
1.2606201073532175
2.7344571537237323
2.164579275990563
3.5255215836052023
3.430677739472162
1.9209263997542965
3.003466242579757
3.769020661151573
1.657532722646926
4.58038362151866
3.9734773720134458
4.1872124901956065
0.48665882667149385
2.5120430048809164
0.3371028638848039
1.8872064128474024
0.5933983420809946
4.24513077110004
2.563786785044922
1.6610686079602583
0.10876969626047506
1.091392175118953
0.5627615929956797
4.455363178680995
1.31008198001968
3.651928988044242
1.205251781492191
3.383768568129179
4.4366236868792335
1.2211509873245008
2.82215543481931
3.472602394887409
1.4945527839271733
2.5405631569909963
2.625736492302548
1.5144543255057181
2.081294360178816
1.4320480594752483
4.402210916132214
2.656222454097892
3.530242930783609
3.017137834696289
0.1910516742596141
4.5570744663331055
2.8609541970943058
2.5654555922931275
3.3326658922461987
3.512857088633522
3.3478845695804793
0.4917355509961846
1.0032352651165544
2.9890153023254125
3.8186620023597
3.399847329941281
4.6983469735229795
0.3494749921418949
4.822110707030302
0.9224611244968306
0.8555320738268568
2.5058216998204594
2.140577119551463
1.52528620340826
2.085153935341105
4.137308765177611
2.990781670684023
4.871112454243279
3.9745761511829123
0.8260042014270702
4.724477010543949
3.963505238050928
1.4749711754468031
2.282849696661698
0.5682800405946847
0.6440818531480214
0.8622701533627763
4.438354058929849
2.2022361198229845
3.7554061027265613
4.940354899084498
1.337019574133712
4.639561805172615
4.660510360515017
1.82799239978416
1.1443709367327193
2.590563607917
4.803013629062722
3.5724275868301216
3.3204150810503865
4.771875879906159
4.588255478179091
2.836203987136017
0.16957439373173955
0.4848879677343776
2.532927769085147
3.206227950387077
1.3175371644198297
2.484035768767472
2.7604461363708537
0.9214512265090752
3.135385540004071
2.293036809725313
0.6781258846309463
0.9931638411116239
1.87911911818399
2.8992826816777524
4.981239561677748
1.102703874175377
0.4605054070288589
2.9600528395657837
1.3373790993658874
0.7804022275062467
0.9762013270033515
2.9199875570619964
4.848749414217464
4.245808844554376
1.5076022865750816
1.0684398342728052
2.9043993492610864
2.6755306595163386
0.9475507613783535
0.8321202204752215
1.8925221753818318
0.9112136909311747
3.1900878827281103
2.867972999125914
1.892087685933363
1.2236913031235535
4.273710643781136
4.981838890778399
3.181022321752285
1.9456915849632477
1.0168728593507854
0.44046279881284345
2.2373692680634143
0.2357613951337123
0.7466634560894497
0.7617848534870164
3.684182543698425
2.0434351639092263
3.6784939653419197
1.6785362893990325
4.660590100376675
0.5282525895915352
1.2579028218418347
0.7793392296943197
3.507807442073756
0.6625136464127884
2.356388418465362
0.316159957436728
4.52859570166885
3.49910354976622
3.2604748233871064
4.15663400280443
0.31180680453709475
1.7207879760166156
3.59963069636483
3.4262895431813662
1.7630751324256528
4.197725787602158
1.4219992609431436
1.9199758291803763
0.5232948190859626
3.161552653880111
0.11865931495028736
0.38906679481548745
3.9951587317833153
1.8178848740014075
4.776254969415714
1.0937822659804564
4.460909171044809
2.0618030635756983
0.5249332306902704
3.437899570296082
0.314235788738329
1.561903656015771
4.96867331328828
0.6255945098681731
2.709720640876508
4.094520675474796
0.3073625504277083
3.162856262979028
3.8014960797594948
3.6339308610574586
0.28774914037741406
4.710895250861466
1.7711472057227855
4.5745483029274965
4.163978272144605
3.200355092442933
0.19086129016519515
1.0935496846585542
3.4218519912897065
2.025719332817069
4.215518585824493
4.267747296147311
1.1138744085740204
4.586026266855284
4.754887063163467
1.0224664327814965
0.9493235922207233
3.0343725722105837
3.6259483524392255
3.7977111526085987
2.0634177982613315
4.809800784391628
2.1305435667039085
2.5353726486014274
2.931409851496813
4.8624976711865315
1.9457407751571787
2.737101172072583
4.093780757870677
2.995541029500777
4.371586099877811
0.2054195675442777
2.425276126048827
3.3423008642927905
0.1856655805604912
1.7454452324235625
2.748059974990424
2.11013343764868
2.987458717913969
4.286957907192872
3.9295290391260247
2.708360335387038
3.1271425830453
1.2175993545196646
2.848984358123764
3.7511554272963576
2.785727280258869
1.368568878417125
4.434057190664252
2.83751328766526
3.2125968047739137
1.9049360938964015
0.2924291629984688
3.4363502246152207
1.5161559389118084
3.9571253463414497
0.33599273000769647
4.079185601710464
0.22092144432813432
4.42657405298682
1.1952830268728676
2.4984219245983876
3.554893886207755
4.373751717799733
3.6299496043243282
3.912373499260145
0.2986702087836479
1.276411262144811
0.6818109768387437
0.9709798796848834
0.21896774120304663
1.843665035374611
3.2403776730033673
1.5674716523090204
1.7347349115802557
1.8388204668717878
3.7009640889595845
0.6871984646010182
3.588511679018282
0.2511143729449372
2.0278217389005104
0.598017682088286
2.515096568290385
4.705872864229466
4.661787684179087
2.439692654506966
2.1909670628958278
4.726246365987677
0.3657851212260155
3.646835422641926
4.590444726942809
0.5669447257165183
1.153769492178115
1.984151744059433
2.080251765588562
4.054501632269645
4.874354289372614
4.441153402365508
2.991811418274554
4.713883407895118
2.286214217239968
3.2266471853267187
3.4911625038172884
2.26836173879352
3.717063153717433
0.2492745185804257
1.1015891343187
0.4469699177917763
1.5621006581465824
4.167594384941495
4.165058606180054
4.71637963549803
0.8519875442921027
3.871065585017677
2.2386275950952417
4.891150899669975
3.2441360401400803
4.904785081637156
4.442322346979143
1.252594418244406
1.4536183047153972
2.4918811146580837
3.9497920649878933
3.1191742016954223
4.749160439906216
1.46909445737739
2.025284842481527
3.0557349070448456
2.9292880780119965
1.504213599145248
0.15836498136901522
2.5887994992788355
0.1248364262041679
0.7068940487405007
4.128893784689092
3.848537061592488
1.1552093343241006
3.8633139703799406
2.1151086156871357
2.119972050329274
3.8319710123117017
4.037541985182298
4.590027288475284
3.8666033662788206
4.537702483411552
1.8746415058840542
3.9167538522807313
1.5069077468901644
1.1189200397885095
1.1895537238990155
3.663442563936339
1.9258386292437994
0.013374480753799434
4.20854235345795
4.662654522510024
3.9503961509562058
3.5215332082015705
3.2622223720175363
2.5546584919903697
3.1749015061853783
0.8699990176663142
2.501862838233095
1.0556888410167127
2.2834051402206827
1.1210634819848742
3.574011474826668
2.1311834042404825
2.669974933976122
2.8293936573552387
1.170043364230381
3.583413318134851
0.08971207414516513
4.097161881899563
1.1792983784425026
3.7716312647988532
0.9658382216802053
4.684540689292363
0.1795084777618794
2.663497853992145
3.2570962227011977
2.4129756209526967
0.3657498674257681
0.4574759214131918
1.4247706149918493
0.39001436808700884
1.2018530571094437
4.055634170496908
4.042323751978658
1.2188037469721076
1.7653439616430722
1.1301321644173257
1.7594972256765995
4.3711941546338
0.21154121620438726
2.3398322614677176
0.6666351762638967
2.1367510976541153
2.279195975772128
0.9819377190661599
0.9386240626852915
1.6352703621391056
0.9302984534541903
0.6234495630420017
3.7376088316633793
2.1606237505560184
3.8137247668310086
1.952934551838608
2.949110568008289
0.4834151850910551
2.0358823771677588
4.405163968046894
0.5441951412078871
4.600489352187315
2.2088626357576957
1.2461171070042731
1.573079169500221
1.7763677008715013
3.5568108590022525
2.589097556116182
4.7808476538840825
0.4073376027855624
3.468020401987486
3.494807489113001
2.670140622343529
1.0638441718850138
4.62643679613524
3.649857000046577
2.877309343113437
3.410337889906791
1.6675815089141004
3.6710035377099453
3.4665557852808826
1.1302868076399957
0.15674055995871572
2.8493049478030272
1.4555085160119567
2.109002808420572
2.240830871479656
2.8496042267205683
4.178471176843491
2.019853947926136
0.4232360619992426
4.332622737321068
2.733587087633971
0.13819955485648905
1.368926945242956
1.4620080468354728
3.8546691162379636
2.6475670680233216
4.122920257742959
4.198243134461364
1.880728903044118
4.127244070166568
1.2759481872671268
0.29904382165289733
3.3195719448420142
1.1946386927914583
1.5658493031847076
3.7379873114686553
0.36804790571936474
3.213899885133835
3.6800776119259
2.6248113228532226
2.44044382285444
3.4299921313622352
1.126159596443626
4.284496404763237
0.7039877635302033
0.2978881624928459
3.4367590990062338
2.1492538871201416
4.348933132315828
2.7624602790662363
2.45219781998573
1.5435284197708126
3.535776738860292
2.5003252315741005
0.036075537462853524
3.237284086379973
2.1338138682067687
3.6966806009965203
0.7933722381174668
1.6054332599037209
2.055895253338304
2.416702064002694
0.21821908870556073
0.9452692508972033
1.3303033842014578
0.6679222136880869
4.2738640375406565
1.6853916071554482
3.204930060559323
4.51502491771782
4.676102090757332
0.18334140303147894
4.135524694016437
4.627121140492634
4.466020194560855
3.70894215224127
0.651166043368237
2.879560465754596
2.02002469209864
1.4245850252377186
2.8458092819693515
2.9182786382057695
0.7513463034730927
0.47150445106219296
3.5627604279598946
0.03251795240042821
0.051510001666119076
0.583182900623781
0.41342592661288036
3.0274111769631658
2.8576672301911414
3.710267705120903
3.84819969313102
1.9662755957338702
2.7382219400951433
1.7427911474798097
3.2607598056395144
1.1143434375490546
1.2436655029035038
1.036047383940975
2.744578060142506
1.5962016389104872
4.850748527348342
4.537976478007972
1.1273540976165564
0.17481443234627025
4.3084661102715245
0.9883178815866139
0.8761396769940183
2.3976791298236666
1.6047501857838982
0.9154330990196263
4.61384803225097
4.881313774150362
3.646689379807364
1.4616235580337245
3.266924996205823
0.9527559851334977
3.243866334029759
3.9491951845918423
1.1697771216184238
0.06228240941637375
0.8717493823155131
4.658307991659422
0.9847830052982182
4.720638534320494
1.8644337661554922
2.933121414387669
1.517808572002664
2.539485104596271
4.548423998905264
1.1032396217548013
0.5134373619027899
3.780157867062189
1.3711938246309723
4.327778379470707
3.8171999795809377
0.19753068053988132
4.562457609647892
3.683434179666756
2.3581011447830003
4.20700429807526
1.4217984239324548
2.80451554959828
2.2449686696133946
2.6228342884002287
4.384036711104374
1.1799506437872687
3.8279937330067004
0.6144296122662984
0.6256021360430286
4.165803272758274
3.9308193439762014
4.914983303163013
4.60384802906044
4.701107475433252
2.8764744704075893
0.7631974234387168
4.330961486538572
2.488839625936789
2.112295286892954
4.155233139598934
2.2320561937764505
1.4772588189670288
1.390802307459168
2.993465984116224
3.0785795527654516
1.4564151230523237
2.607783000183452
4.149495244598018
4.980275764807416
0.40888132242716035
1.9063217439408298
1.6134262610287893
4.090898601498236
2.0523538548858378
2.5633818676278737
3.13869645496668
0.3184232266905762
3.3210804761817236
2.6792113337437535
2.875065089603117
1.693776742102937
2.603938017864693
2.410773605447879
0.6689464612084373
4.740358512958959
1.2923591200831148
3.0002059921299584
4.682095101335527
0.7210054758546564
4.863260211783465
2.0804105231375853
1.1392598310450952
1.5716930398781388
4.439022692450451
4.145575112813175
3.836874116649622
4.438988042834946
3.6239388619784125
2.2550726736115716
1.788591455422714
2.6496920838474347
4.033514837305705
1.8500483673678547
3.529142858157539
3.088521443255727
2.570003557519059
3.501262509726501
2.986451617318597
3.826360338415848
1.0830096030936098
1.3600878189887644
4.0493629236923425
4.067330056371936
4.0200375586332635
3.459531043884441
4.914903618707703
2.7144169943619394
4.874390033664782
3.74371014409744
2.3547358207596987
0.9562713177181631
0.2550013185237682
0.721079282429527
3.4154828635240992
3.1561563194423266
1.0286561521033177
1.466822511992547
3.458614163059366
1.8771721398256658
0.5313353083711059
0.06367150600337601
0.7400716801110641
3.505611354668885
1.1230414654001708
2.43819341264625
2.2241489890253954
1.3978044144812773
0.7639696562715964
4.582413632691601
3.9266283894984633
0.21360093018802484
0.8379994902371013
4.409761664063256
3.9388801894763454
4.884228593492399
4.7802405305422155
0.10213196598724217
3.9069757415551103
3.0956079634663345
2.808503271348682
0.6978162159182327
0.5725611948053405
1.9174060162413404
2.7859561823890537
1.6671284028484512
1.4874984488153764
2.155568118175622
2.4042108580595607
1.8144912361604075
1.4903335567662723
1.1853758733980158
0.12386615713990135
0.644205382178259
1.3158035694874775
4.553856294429451
1.4393553894744449
2.0881782764629375
1.6021445608200495
3.666704829547461
0.5408495307140054
2.1028807323540994
0.4148874706727268
2.893877170892349
1.2688901030886508
3.8853237778846994
1.515951700693099
0.060608505886263764
0.8421133696664668
1.8918068683381095
0.7157949710289796
0.9765822693008785
2.0516202317549395
1.8503277558415214
1.842337167738521
4.0390768752712685
0.6475389370140705
4.275013440626825
4.148305001237663
2.5721479381692807
0.4198158150605119
2.0828506529243884
1.135902732137195
0.2894584370707143
0.34592375068269177
0.9983357590499542
0.36952037595500753
3.2194076359628863
0.7532358493390928
3.799507213795347
0.5490451141825253
4.0995332660179775
1.9677200866172084
4.963131354407694
4.839974682761321
0.9109129840963287
2.222768713769365
1.2593723274853978
0.5656687101278346
2.220814630831527
2.6267806541395897
3.22214317350553
1.0786333518977942
1.5329298788076477
1.203230061471487
0.8792034891948497
2.64510411972072
1.6338937711971002
2.218913824784616
1.9499392069001653
0.5095716602663153
2.558141154074727
0.9150167694919759
3.3813678261906976
4.074984660035986
7.127736123074824E-4
3.0250292817907742
1.4053182134683624
0.5730772694364716
4.134320355375668
4.18618872037744
1.607248991272937
4.420510512228092
0.38901807763115026
4.256245545044875
2.803092548330148
2.691466793131246
0.2999853234802835
2.6334795612256334
2.470279139969353
1.5536883149282243
2.1335639916627445
1.2514181925301675
3.762942059146919
0.5006209491607655
0.565167243434534
3.6486281462044365
2.573343329406958
0.8790366368041896
3.792364278264429
2.5894781964511617
2.1627162621885914
1.8551544968363631
3.427802718547875
0.5354265275757908
3.119316820157521
1.9908685265155668
3.267548894836789
0.16914051502818772
0.577547490937505
1.8536728246429968
1.7909095912992128
1.9257777359830985
4.73101297306356
0.7709592135673216
0.4305344597744659
0.7071986436639599
2.2684400226221086
4.102916333236515
1.1821715388281602
0.3053984301808277
4.162117684724446
4.343921805966514
3.9702719079266897
2.3742747275055445
2.4893066998308684
4.136347033379547
3.196486006750292
0.8939397658739867
2.7962909250462764
0.20143249058563295
2.59945454735113
2.1947574507622116
4.673381151568869
3.6613971905225635
0.3921053490853632
1.563907210478952
3.3635914044405264
4.019530028117153
4.250000303706063
2.23143235003822
0.9697996763876426
0.4485202400225219
0.13367596115126446
4.131227022040373
2.8516495113395
0.6517669968721518
1.1885817409774506
0.9843318623520753
4.7229806997157455
2.883655885108202
3.800810062170385
3.8373927037652518
2.845853141599384
2.310639720528047
2.2844489240446015
0.49411556381775357
2.5726970395673443
2.7445505235143375
3.485455121391785
2.6436783400125856
4.3184173331761
1.5070784803268844
3.7852002722398055
2.6171091611066917
4.687563379075212
3.3400379137997476
2.827462398399282
3.593546325999796
1.6800260215167795
3.5577515356416622
3.449382075608518
3.9818963878367146
2.815223660970311
0.4633621834417434
4.8322226581488845
1.3158813970736838
1.9702079690424112
0.16799755152521356
0.5035314782127165
1.5387590627405352
4.520296716046752
0.12257825428807878
0.2777321016185741
1.9189547011608892
4.0524925402870355
1.8073259704366518
0.12032736449112957
4.59837505986964
1.822934153504513
3.289937996159275
4.384771094504078
2.116593258306039
4.92729397577265
1.979467038867353
0.06266133508159466
2.8686955328886006
4.462112579927837
0.014863064438763729
4.252098962682607
1.5277189918013483
0.024548190063529707
4.895514158475447
4.373027249706472
0.07893790787391108
1.447500627081681
4.20195350205992
4.795657638449446
3.6008850186836048
4.608278517965166
1.5956852116894116
2.9576071288851775
3.153292944294925
2.422506028032711
2.041831487429219
0.7002683446798535
0.5503396935666482
3.797266721017059
4.118852287230542
1.6868089360167837
3.4093224129103508
4.4671938304198235
2.4814392228014714
0.5474471586876228
3.9469151205550435
0.5836896103919242
0.5465509826144449
1.6163322571565553
2.1204468741095974
2.4128758772807473
0.9887857818078416
2.8457170681159987
0.45859917925520854
4.536913475709308
3.204432009691047
2.1312582329229635
0.27771109628042856
0.23684063015210255
0.31013249789265174
0.5458064452453104
0.24536457525487998
4.6171704338143
3.390945496172556
2.9954698773940587
2.9038334576792653
0.0149373375791223
1.3663966161912793
3.699340782714528
3.854851154049092
1.311607442752412
1.3247761742088138
4.285065557378049
2.2049838375198387
4.214811660465713
0.7410159933866317
3.2076650443936066
0.09169113686143537
1.6238688122647886
0.3378379089149103
0.6833258628124467
0.8845219256598214
4.895091833600802
4.373214108050511
2.1745533763281513
0.2927944939188254
1.7075183877320859
1.2303571501068062
0.7144336828617992
2.694857866954019
3.4876674257517752
1.24245437243525
4.467155284447441
4.28354064927028
4.251423342334738
2.226596985448568
4.449955778443874
2.4210648397126437
3.0667288916346918
4.547916012878267
2.2320448522890732
1.8589263573985964
3.1495490162308593
3.8441398264411095
2.7535419433032766
4.095128255055982
2.765069911655456
3.0757007472946074
2.10633456695029
0.6365560002405612
2.457302681331743
3.159216075516407
0.8695838013728158
4.201979774331065
2.1952943633388937
1.3140691740642307
4.332110108653084
3.8782108457258953
2.5568386297362617
4.159337538757693
4.231750388940563
3.8148221945804877
4.534583314147787
2.843793035280785
4.318341998615794
2.0412619461620496
2.714046999259814
2.8984355034803198
2.68013739776293
2.5341167227334
4.315190656156875
4.466696710153396
4.644364677588326
1.4186518897114153
3.1609675350376505
1.7451129195304038
0.5002197624126931
4.734221390374364
1.2527858854414164
4.126132248409105
1.7013414094073491
0.24955310080772009
2.4348228158794605
3.3735078444238082
1.1523078561235467
3.394514218625677
0.957645382130547
3.5596746393738736
2.7131687704835277
0.3382159105830107
3.2881549800693
1.3804795769330591
4.340453336964684
3.2263183789657783
0.9401141326725465
4.639390017295114
0.2720359435329539
2.0880919574065038
1.5224080555046005
0.6962170379056976
4.652607624452243
2.710051112391292
0.04607674947205043
2.4165207023770146
1.2411429983593174
2.3595844911772708
0.6881699461599994
2.26918495259738
3.2165315403891976
2.425550122682805
1.0533964044745703
3.2536660708662373
0.5028543350534198
3.5896293338167338
2.2769721517603085
4.937372166568305
2.957124490423391
1.0240115010853885
4.590033542542369
1.3745316456137413
2.2207943244516137
0.0303389548438443
2.2037013073184757
1.1478309541549696
1.3694584208828242
4.424117613011594
0.4836417949727623
1.0163074445213267
0.7100237483636629
4.4642954830798836
3.3203961049421844
2.77082597075093
4.56252074825241
0.6906611495861859
0.8303608705965704
2.0350793899334074
2.721222919059602
3.65449582184612
4.849158808729337
3.527183481601809
1.5634596068125624
3.6415488577166544
4.8699484218972255
2.320909428175691
3.115223246866913
0.4868371361512408
3.298074979279283
2.811549589927046
3.1904689384888507
0.31493746741963424
1.9535442557569649
1.1484619783751315
4.093260012424242
3.557309924810709
0.09627543968460661
0.3765833132754337
4.976424199060591
1.0455239793092808
3.1683861693153443
1.1151175391551305
4.26504336074139
4.382951667963385
1.7308415541776894
1.5678985448580622
1.0119580924711657
1.419513762436836
2.9408780147275095
0.23469627896825107
3.696803832318369
4.251910456021721
3.279578571365761
0.20073240821675664
1.5068302983742958
3.910279636090426
4.42933955974118
3.6192969225543257
4.58967221323408
0.21269772718904734
3.5154953221390777
1.591674700460285
4.0780546270709035
3.4741929396108207
3.521765936326162
1.2626141060655294
4.701111627535184
1.6578170311389524
4.343420103084233
2.4562295590657683
4.377812620486891
1.3364118083810945
4.461394583780795
2.1852821623900747
0.7425484244723496
0.42969372790021443
3.3056173941450737
3.5892004954572783
1.6220466845342725
2.651413429873018
4.328079556652758
3.6951207818450387
2.134564564288544
2.7071873227938648
1.037152936039309
0.20609751171425994
3.936860531899365
2.577289033453723
4.252519900282891
2.8122609120370874
0.4376823534969765
1.2512269958494782
1.2405699205709282
0.2071892354653948
1.0373617526470946
0.30021079581353305
0.6702173376726528
4.235252916192669
4.977702471465643
1.8784738028123693
4.720108273300163
3.904576253191896
1.4621552645072393
0.19340837601332317
0.1419518370303252
4.099343256316029
4.250814083378765
4.72032440109323
3.2791643178468686
4.089505814283763
4.734360420127035
4.094859323968729
0.9003174476642534
2.0935063548552684
4.0954452030118
3.605052365399467
1.8954319268433761
1.5666553747876004
4.247936550873738
2.250786256525599
0.8744160783542354
3.2741272166485014
2.8164269265241764
0.2525015856508356
0.18969714777351543
3.042033821710527
1.1889740964513384
4.475623123835934
3.4120914540808007
3.209849286791861
3.735523503809982
4.7455054712390705
3.501844312563545
4.893391332823882
0.754825325249579
0.011862518328890626
4.060732708369182
2.5670310933460527
4.344508182367019
3.6470724185260233
1.7393989321586294
0.8654479273706733
2.4707454100165482
2.8965585394580513
3.8179287383070153
3.138514368905228
4.996984780923437
2.076073652635953
4.930895597854691
4.716055132450495
0.637565428510834
4.590003743741867
1.2642218979759279
1.2881611368652264
0.7100400832915105
0.4291548373616083
4.0722365206170545
1.7557073655835465
1.423832631680619
2.4215908634258376
1.9086100756465119
4.39750648050339
2.7986161635478894
4.625855788551386
0.6101044932400546
2.57015840125515
4.956238221424386
3.313216674646784
4.778080737304698
4.406185098913274
0.5492439684426148
3.334218851986781
3.6693681449401208
2.0147455297550088
3.196581208436291
0.19339117767067648
3.0570642952893374
3.812152408009929
1.879860673870379
2.351617072669253
3.3378013766309014
2.4662831037575286
2.6150076187875437
3.9480652940927357
1.7526288538294104
4.332164612711886
1.0064507970142578
1.926185324774035
3.446217028324895
1.3754165165144623
2.170960451663835
1.29478529656058
1.5487609674246454
4.594752875962809
0.9601181558938121
3.7881397503733485
4.707996333562771
3.6742385436728275
4.237702867156675
4.544238548812896
3.9338064843434095
4.2130879781630926
4.552002477725593
1.0843172888083308
2.13768292970485
2.5255194591300634
3.8841036449536324
4.864694393922592
1.5816376919587571
4.556287674805149
4.529107860680096
1.6542257226770536
0.1734914839551649
2.54044689921906
1.271081029061663
1.234646129666117
4.985417521558126
3.523915058039292
4.519922104646678
0.9010930081864188
4.885713276156033
3.0514829605775207
1.894316610968122
1.4941994039119522
3.693765070637655
3.368573489756072
0.4242583885199519
4.79956003941921
1.9514358096784146
0.1585424794491136
4.4011471133736615
1.9540007345544024
2.907751074075068
0.5925860322844362
0.6573858111563785
2.638426289726849
3.263583932308926
0.2382764235098589
0.7373862527851377
4.913008901375754
1.1629287249233455
2.1460397628264865
2.290475826191326
4.101912810326685
4.428663079690288
0.055503470759005746
2.275499786137321
2.411213865058717
4.282949767374657
2.6880617070621926
1.6262036809549922
1.5855002709461852
4.64011419481231
0.2685666023066813
2.8224248333873847
1.0996649180428741
2.509508323323007
0.9687083504295568
4.803495094933174
4.900353449222564
0.9808719854978765
0.26854055829407086
3.7658615771925046
1.1093105793072844
1.3785009717915324
4.105352839721689
4.949222062691738
4.2792949867543975
4.876850915440471
0.3643279131026328
0.5219760835287202
2.952325207034451
4.457686021642057
2.237808535691292
3.068248706739159
2.915275382869634
3.3369711901853343
4.7276549629980575
1.7928961504985192
3.997482435024776
3.829144168333488
4.577777460262308
3.579716700164405
1.562023723421807
3.2625174289585708
0.09610098863357397
2.319366550379336
3.8852149575742905
3.946612637790366
4.691369860068772
2.1732969794694896
4.635442475676185
0.7760179485510144
0.3337426980130087
0.5437677373484506
1.0852352835637928
1.1873890214004845
2.9009968273549296
1.9246763238975402
2.7100297471860246
1.8633826617652312
2.0796815716306143
0.3068928114101288
3.064012408462167
2.6855966188353038
4.695913021880681
1.734519167653969
1.0222061679936778
3.5115240425422707
3.6720831827284566
2.304292404017792
3.4955147905352235
0.968437907848621
2.029443841049356
2.713494939190965
4.858955750699324
1.2865504182687353
0.5591096182086253
4.61619096560249
3.4681002369827834
2.619412688767577
3.052517067844228
1.8061756233542992
0.35864682844497786
0.5189561431309125
2.964147785310562
1.526726428900279
0.5931897620734711
3.2015680195271488
0.4419354383287677
2.7986252703470216
2.7798374352813187
3.945846256694214
4.275889195229967
4.423068592474176
1.2446575316141435
2.2062455904842695
3.076485837909451
1.7715654739056685
1.1807467149010942
4.646357843253469
3.2470014647802192
4.087933606938308
2.7269679894252152
1.1879960898837232
0.7482325498748771
3.4361538761594375
0.8259972731854054
1.7483027561085507
0.6868929133508173
1.5577970211109315
1.935990991945176
0.8775102913965133
2.21964337037082
1.9340042737492964
0.38547495553196365
0.46881099510565793
1.8822900123144803
4.223207959098964
1.4945176976379377
0.9111244101656873
2.3476738349265567
4.085548315599618
4.406113371011783
4.134195044373266
1.1190619618359054
0.09292406916187712
4.4958626489993305
0.4878330227723593
2.2502654985901485
1.6499845214574709
1.9411924641272893
1.9194638294351933
1.18753280508488
0.7297639349194196
3.6409481206842607
1.2809410146889117
0.7470887471671633
1.8967869095240286
0.6466473070933143
0.9328605034179616
0.21696933161189702
1.7895893820273572
1.6492336198252266
0.07849337264317302
0.3338997638534269
0.5852820058985286
0.74539516421535
1.1521783773463878
4.558192575309243
1.9219392213466857
3.425844463964458
3.03357319323755
1.8962644864365774
3.4745840080724455
4.765555508611557
2.017718809166347
4.5273045257194005
3.8443970606551794
3.277745190621384
0.9061797670959415
4.317159317734572
1.7351047840470528
0.15749127573180977
3.90360695308042
1.865921019326196
1.6440722497994675
3.1868220584391187
4.539231692129956
4.1300153945876525
3.061176090559441
4.112744753418698
2.788116415118619
0.09407631965366203
2.4706888529783506
2.2052900642103292
2.225980706513933
1.3404219880738821
0.3681194669257082
4.621321804014559
1.6170022734430796
1.5446746381801313
0.5857657057362509
2.198881909857822
2.90368266191906
1.818457193674221
0.08792804019303657
4.147825938861137
1.845397696323499
1.4484366003241556
1.1380959909959265
2.0227539065823787
0.055980697615993225
2.7910222565741005
4.481759201957086
0.1726050108203503
4.250613989356852
1.8192725134247918
1.7436109730386247
3.752255945538616
4.401407849005815
0.993742961332652
2.212980880337802
3.1052710553800216
3.396280781793497
4.362321254097599
4.39572289969426
3.9662948406711185
1.504067806322158
0.2399221570422938
0.3970133544178206
0.5236986546328681
1.9869826378446886
1.7480753905422968
2.408592365020808
3.9407374417450396
4.573404849810239
4.167426895069189
3.5385480512549443
2.438790279815735
4.247726262228177
3.1468469671990453
4.703395666385375
4.459516826917238
4.333937483983335
2.7495468039455235
4.167993587923858
1.4296143008345301
1.533069187458761
4.606803313369485
1.5724912728900025
4.186701056365481
0.36589709141681914
0.8242081663626055
2.8530689179681046
2.597505042718799
1.4886072232287177
1.566557557303772
3.775384632049146
2.1875148261698807
3.3770999135017608
3.2713602534160118
0.5660209657086485
4.437097957904665
3.8331838727032546
2.4404067077102365
1.3620731215778563
1.4637536207541968
3.2033053107944536
1.4187163887809002
3.305823201570315
1.9843690377646683
2.7459869289238696
2.225734651356616
3.8989528412829424
2.5873238891252197
2.6920320514034457
0.6270977375907766
3.531103380945071
3.9452649357073017
4.175493400909271
2.422162426586682
4.790353460078598
1.0450795394508021
1.3637754724739666
2.055900770700036
3.4020313225730696
4.1252090011730305
2.4283851002842343
0.13993673363254633
3.370711069999967
2.410770684396357
1.5057449688216233
2.466550325197407
4.7714145748661165
4.4264168854779635
2.909447416869172
2.4623178360359166
3.622116798172571
1.8157603869010241
0.7975327513992247
3.006449323397213
4.71781332136386
4.117908192428271
3.3468449109562575
4.655552065838153
2.1988233575321643
3.635570199817964
3.181055804601182
3.436996217750443
0.4508187799345925
0.524411186770376
3.6152385466704446
2.9714524589361533
0.8806943503329784
4.4358128294593415
0.8292113137235091
2.8957428167167465
2.4959847605703804
2.5222320292869833
1.715937807159003
1.714107485913003
3.7690844823611864
2.7022989445436156
4.678847026970074
0.7150145997544044
0.05482926844130043
2.739768182261667
1.3823802486273262
2.1037414774955265
0.33281783281180477
4.224007761863417
4.186354042968614
2.660597057326391
3.6749954214252116
4.952940995859082
1.3488666525775255
3.656513479486578
3.0744858721088524
4.415400188119643
1.3972968788941198
1.067563761474355
1.183175754359405
1.9786133454014976
3.544767858649705
0.7824330053546014
1.2834507577613734
4.400621497241444
2.9485481252853147
3.9612845568667767
2.233826210033852
2.4427620814917943
3.767995633132325
1.769587693917405
3.287304229944396
2.337238022287831
2.329028782744906
3.2158486948753033
1.7894808291228559
0.4292393168940034
3.174919691222688
4.688523328307715
1.8095060717201306
4.387496939483329
0.8859266633258422
0.09215585280724636
4.294776866075749
4.541642146120702
4.988828458936145
0.1326298265275555
1.1112306601894506
0.34411362935750256
3.6278880066518187
3.2776368376512743
1.4179366141270022
3.637638213020992
3.68641125295897
1.7610496814966137
1.6947367816331265
0.37404162721139667
0.26338923577711615
1.7141252320223066
3.3670859853591932
4.455314688993449
0.6776003308251327
0.7048864839614333
2.1450423531597673
4.419497817487022
1.6743276141546404
1.9035871890497058
4.483724289289519
0.1346255162151283
3.7517773163011547
3.8161802750641156
0.33782964322215336
3.5931141960392243
4.916552982078247
2.033355295076993
2.7049300195055226
4.997678590230318
0.45894802559016734
1.8494955251190237
0.8099280323378594
4.454525513982655
2.981103129690001
4.538128671556033
3.623438705078978
4.443716279427901
2.4106281772267115
3.372703284055931
4.080307856836089
4.840865414922312
0.6493035612384995
0.19459250898531066
2.6847157498697953
0.17620691843892644
3.346580984600668
3.053573588255713
0.9897316996554062
0.33430655084330074
0.24653778753419675
2.7291410357580546
0.6234837429156009
1.0071975717318116
1.4848611801502032
0.6457535296802192
3.612076652560151
0.6110218110095428
3.321925719720267
4.464549272734805
3.3125372364489265
2.01017313943135
0.6354496309848623
2.932613902067127
4.738067411480759
2.2067768799076366
0.8709881946209375
0.2015492829775667
0.7638664411656687
1.1051827247942252
2.080200192117368
4.567057097866288
0.7625601762903256
1.9152910327666162
2.3300000148298343
4.979553282869048
2.5003191205898414
0.40954294583559425
2.062451410407494
3.818418440555011
0.27895883667909627
4.132950687299675
4.625808738795548
4.745880495737684
4.471336918752754
0.6268615219238094
0.5351766422391252
2.1215522886716283
4.083888006214192
3.585126613437212
2.209656502535676
1.8854956119681558
1.9764404813088348
3.2715589534850267
4.5980745242544705
1.4717597380514869
3.502326263655097
0.8117343895705359
0.9198463480797447
3.2283739064251575
4.829292330399452
0.9970975586327019
4.160786076186266
4.616171911332813
1.4985970195652853
1.7312031538863093
2.924733053187518
2.9487249042672152
4.654985340323189
3.5970272622860104
3.175444197694792
0.8882003521164006
1.5015793480585615
3.8932920378241747
0.6825330852036277
3.0628220638429005
2.8762898144794296
3.720101270288109
1.1512170340361298
3.201465961302242
0.7195670278126243
1.869774062005154
3.487815005783381
3.9701354246539684
2.831663543752268
3.0548525213666426
4.548870644178178
1.7869502708399843
1.525796893628223
0.45854374992904456
4.272042765169133
3.3676768876513794
2.940751779241318
4.047401806798835
3.6113888918947383
1.0496865421616746
0.9924131940169545
3.3975182199325697
3.5866392425427884
1.6748064104608091
3.6773819601758135
0.23148536913345286
3.727208051950078
2.3989635414984956
0.03148683030971933
1.644290976350213
4.17536665006992
0.26551899940386425
0.5246947010929787
4.536323766977409
1.0012577142126255
4.747025443317891
0.3796011347173356
3.4934525011999944
2.134689330092124
3.713490839419652
4.34881083897021
2.1532565491716187
0.8974688254797414
3.5227846507582212
3.253203800987601
1.2124492455320297
3.710329641467279
2.2642774452687786
1.4824999966140635
1.1439651843176941
2.330938930915482
1.2852796244093634
3.9951196936104694
0.14509415266436065
4.7568121999661654
2.092839077116191
1.0034268620050235
3.3013388094168654
0.18798697132034303
4.492141196615635
0.5914391451506323
4.882451637610706
4.481503555360017
3.728742806919933
4.334049176121339
4.776718226923981
2.953457920359894
0.9444984303548892
3.517498291669998
1.9998398197853673
1.333763090237317
2.4245931816674995
4.640032209451422
3.0955983103681834
4.545063718418793
2.7261804829336405
2.8076922552611445
0.5975317320658718
0.491468542615055
3.9951491816414886
0.8647801407859984
3.1832690352342237
0.3694240565240542
1.1143471077665263
2.702946693411308
4.650816060312158
0.5909562554734699
4.4236713681106945
3.9988584604496555
3.9184288528678346
2.939634746041657
3.5932355600912516
0.9324037838769333
0.6730512281160356
3.1979768936519486
1.5170085806231532
4.85009872346993
3.1328221552306763
2.047642359927824
0.8568493665758814
2.6528229423135334
0.23352007381363893
3.820477587534754
3.2204808744129765
0.585957095540155
2.9671974748894985
0.7844467526074667
3.8937387951778075
4.450823238177831
4.1671262688932265
4.3237682119648575
0.14534774188878108
3.0377018588256215
