0.14146081207260722
0.09984162407059959
0.06588989048316464
0.06418605094436942
0.26161472300859123
0.11736172634382172
0.012392638676926266
0.21082666406739975
0.0384099506344267
0.05191752675119228
0.01957177945064474
0.061833084065956966
0.5074427166578866
0.15095670075375872
0.1362024257435195
0.6025665215817829
0.43759182959038706
0.062071540148223164
0.13276173049329576
0.14931793083945327
0.2825490666482787
0.20554010557905522
0.024894623581617877
0.01337197941137089
0.11610889456543089
0.012780200330692515
0.03525632712995702
0.029765600991633792
0.1513343225767831
0.02642405374374895
0.051250944825041556
0.12611144014076636
0.1096632598037234
0.039555489131861646
0.013781635291339925
0.03181329504342589
0.4239501545270047
0.2763277734515004
0.13722703246357065
0.4107939981143818
0.06932580888902357
0.21490478887315842
0.075606469495628
0.47273102069369743
0.1403849617857915
0.015527282602019039
0.20611736815571016
0.12361936819566825
0.12400281225363217
0.09721374082789469
