0
6790
0
0
31024
0
0
12825
0
0
17808
0
6172
4391
7343
28437
0
0
30588
11698
0
36477
0
13683
0
0
12020
4359
14733
0
5745
21332
11508
5466
36225
15263
30529
0
34900
25758
0
0
39532
8985
0
25487
3437
31297
29901
0
0
0
0
0
22978
31676
0
7911
0
33430
0
12352
37476
35778
35214
25288
27065
0
0
31137
39532
0
13687
20818
0
0
29430
24875
15537
3917
0
22411
10087
22413
34863
0
0
0
6277
0
22700
38432
0
35045
0
0
38333
0
0
14445
0
14308
26510
0
7282
31299
13596
15714
0
3052
29053
33268
11895
35706
37587
0
0
0
0
5068
11734
39805
0
26911
21463
0
22607
21930
0
9047
0
0
0
0
7302
22088
8238
32146
13105
22629
0
5719
0
4081
0
5162
0
0
0
9142
0
31052
0
0
0
31647
0
0
0
31546
0
0
27877
0
0
34339
0
0
0
0
0
33859
2481
27213
8552
0
20702
28658
31873
21342
18766
14926
0
11592
28847
36599
0
18429
39661
28034
0
26230
22413
0
20425
0
0
29942
32082
0
23932
0
0
0
38450
0
0
0
0
19620
20773
0
28952
3583
14723
0
24899
31227
2695
5829
0
7253
10419
23580
0
12360
0
3106
0
6100
0
30234
14515
0
0
0
0
0
0
0
0
25616
0
0
17817
0
34144
9881
0
28891
0
36574
37386
31885
0
34914
0
0
0
0
26433
0
0
0
15207
4204
22581
35758
0
22843
30007
0
11911
23494
31350
0
31160
0
16082
0
0
30463
0
26196
0
18117
0
32276
0
0
25544
30595
31250
0
0
0
19100
0
0
0
