0.06553100401783155,1.0091738197320306
0.10341929653304906,0.3358010879203418
0.06636192366274045,0.4145477839097161
0.08388940623634736,0.3363928747113468
0.08170449459041113,0.33763034048618806
0.07536787274785936,0.3392680287044271
0.06928118129619477,0.3844121188822945
0.06653103894214692,0.3865373219755747
0.07344790822816412,0.3411878929267096
0.07083026782831682,0.36506647600107944
0.07293524278028846,0.360663828056471
0.07084876939317593,0.3611055869342733
0.08282762805036267,0.33658985513753076
0.07536030379003891,0.33958974920396723
0.07334387311147304,0.3563854293419399
0.06529740555791541,0.9800991251547471
0.08798801623178248,0.3342208303163774
0.06540563163123579,0.5202775721693035
0.06713188857524277,0.4592301917955171
0.07391363856751791,0.381047398356404
0.08188864882435871,0.3378045852282333
0.0694849178758946,0.3829404707321974
0.08395942413875068,0.33765844885056895
0.07826485442704431,0.33952796948956465
0.06863419852351131,0.3835452227722282
0.086946849278833,0.33623281002722233
0.07454281687621746,0.3546747844834551
0.07592781081104993,0.3413148555000753
0.07688229578708082,0.34021487577900483
0.08796405175963619,0.33603484851358567
0.07634945048267881,0.3403104805422955
0.06736514609302986,0.9714851936426053
0.11902580130481315,0.32818251450800273
0.06802198277344301,0.5888341788950694
0.09079464868047936,0.3283360966460787
0.07066854127457717,0.42639724070511903
0.08078676327029347,0.33154257744983867
0.08897328266229058,0.3286825284712738
0.07404780464923055,0.3446326782599049
0.07160064170348178,0.3880462909231168
0.07187600475060421,0.3665015405580145
0.07265574362651823,0.34631965855994856
0.07981920726148163,0.33312242232461237
0.059769008209110776,0.9786840701683476
0.06046582871131934,0.6178498703248664
0.0732704656656616,0.3353856353246395
0.07926905727481957,0.33513785840531307
0.06111580230984501,0.5244184967583284
0.06946098529625723,0.3562225380014202
0.06306113831002833,0.3827983406750895
0.06760829841474404,0.35936009501038796
0.06148802840902451,0.4238965603587102
0.07158858597669228,0.34197598760127224
0.06135822041935283,0.4943060299241673
0.06509912425620702,0.36494767618524177
0.06179360310400985,0.38931572380140655
0.06555132895004626,0.3593810948052144
0.072594078911238,0.3406281398777072
0.09983434631209209,0.33406257074035683
0.06863546822406409,0.40936921600701004
0.07078324044358142,0.40416745226505274
0.0719530094013129,0.356326398043685
0.08863121368246879,0.3368914139931878
0.08104769134557431,0.34374797130248624
0.08729544735863988,0.33827120611572514
0.07768112207764491,0.34888954846759657
0.0760592651848147,0.3547338244823456
0.07575986169092475,0.3560404846438433
0.09132533157105889,0.3382529444973798
0.06627566984818326,0.5305337252986407
0.06824557108549731,0.4610279331891881
0.06722646237331881,0.5283774306393203
0.06936126314810576,0.38971672077639724
0.07112945401196386,0.36221501928111954
0.08574271679615761,0.33915933157646094
0.08368201991678745,0.34256210657407
0.07992275888821371,0.3432708511107867
0.06947271353969517,0.3858560742655512
0.07704074260677961,0.35814930036773074
0.07487422951006384,0.3618502585431595
0.07838528282865304,0.34835938495177016
0.07527376212245225,0.360928222613364
0.07849411185266375,0.3482163403838024
0.10006289170379402,0.3302177032905697
0.07062512955818598,0.9929041458063289
0.08194171667899114,0.3350255493863957
0.09552958648210343,0.333124587958974
0.07149801539428509,0.8052514494948729
0.0725996245777319,0.4790143068416124
0.07147602308376909,0.9907870992190948
0.07194282877153668,0.6259494544587115
0.07155627285651706,0.6477944608854308
0.07275704007601752,0.40520514738592095
0.09759158978824556,0.3324900369642279
0.07657022986081238,0.3818190131864682
0.07519727311352087,0.39117517130101187
0.07959888377994614,0.3624127851229361
0.0792800835535703,0.36680998107708207
0.07612801567560994,0.3889324228298098
0.08808944752422442,0.33683058126517457
0.07030612191314695,0.39999628718740293
0.08293816928672072,0.3461052765666097
0.0769819549953892,0.35614410023814463
0.07531589748522803,0.3943301085095632
0.07607727823960686,0.37195285591369814
0.07685290467707531,0.36065586367065355
0.07605204797734044,0.38626490678930064
0.08579577292359428,0.344338740107683
0.08765660603723394,0.34279615325940627
0.07556642348010839,0.3864476894390751
0.08652642957023517,0.34296141622155246
0.08241921900105285,0.3382533414450915
0.06552301890830328,0.9935961481065594
0.06601400812449074,0.6133741617833979
0.0739484985889272,0.34093772976910997
0.06650951709676207,0.41837183146348633
0.07040448903947848,0.3450726182764364
0.07844573700461907,0.34045146859034936
0.06890591292203803,0.3853018826093726
0.0805147634717426,0.3399468857396023
0.06759272097946145,0.41716485685629107
0.06823113817766467,0.38753040872073197
0.07992530344973095,0.3404401222593975
0.09173955643444592,0.3361585431707595
0.0705127364963815,1.0104843347248533
0.07208831237421545,0.5106350760118779
0.07734032747995848,0.38071173376565637
0.07263247084587246,0.383417210228201
0.08780221928974549,0.3399986025415465
0.08119981240879837,0.3574887395262976
0.07931059016187655,0.37894237197063874
0.0725338996845285,0.40907374797121787
0.0917373891345303,0.33717735640313146
0.0831463352506611,0.34568566465943396
0.08661538029127949,0.34179185068303286
0.08428021415081467,0.3454388721990929
0.08539748850112491,0.3439572791854451
0.08536003621552476,0.3448245902636551
0.09475080533775894,0.33910721949965783
0.06530592270327357,0.41445504937281646
0.06895553648911351,0.3965752821096148
0.07056610385805043,0.36920603425492404
0.06856545745093855,0.4140929502163828
0.08165046386889431,0.34480831890932945
0.07451180006044361,0.3555088389112938
0.07386282739902357,0.36160347819982486
0.088480285523769,0.3415931614540521
0.07099685991545886,0.3635664592904654
0.07846980637331774,0.3471620223524833
0.0854193959043643,0.3421585780992284
0.07649986587078747,0.3502625525984803
0.0910594539122646,0.3398914109579915
0.09176101939386613,0.3393786863396574
0.08591097005730905,0.342020727895492
0.09421632766839476,0.33935446037548755
0.0708370062773555,0.3688054736103507
0.07716665740673752,0.3480707704935508
0.0769269399289554,0.3493301677130387
0.06302891996986201,0.9802417041296974
0.07878130124997101,0.33090854562678074
0.06576783393727988,0.4269689561396857
0.06554272470521041,0.9792491292830852
0.07278597411020349,0.34967680909998755
0.06856539679428589,0.3571968969797563
0.06804965907124574,0.38246432105465655
0.07481954968682254,0.3437909173151015
0.07644333292364759,0.3342691368092168
0.07593957074487218,0.3386878672044108
0.07937678300411073,0.3273665152845115
0.06222220447308859,0.994569454589363
0.06388246722243833,0.3762868785971244
0.07264355219636263,0.3451788291465414
0.06795388686527205,0.34672817289411806
0.06764065524759429,0.3477749805134588
0.07653016043820976,0.3340911003792975
0.07830612916982976,0.3338808112834974
0.07431185632540413,0.3353925756084459
0.07423558385558857,0.34277796702874125
0.07935129690490753,0.3326256795409272
0.1544019815611671,0.33409837784887564
0.07071108782814846,0.3594552107545192
0.1322495693167149,0.3359706147256081
0.08313434156008757,0.3387422313907566
0.08713893684884362,0.33616014396672644
0.07812174750402957,0.35126461728476116
0.07387663828662865,0.3552841123463258
0.07495447702451008,0.3539265036144762
0.07730281060898896,0.35178036599989165
0.09670911510887863,0.33293865310337106
0.06151187116678594,0.9984775023561381
0.06486131584903475,0.38649526401314555
0.06429785403256816,0.9882994637783024
0.08307610786345555,0.3348325971988422
0.07309657374960842,0.33988586434557017
0.06601597337626357,0.35772137542185406
0.07634517665445294,0.33533165924974917
0.08116548575240859,0.3349785105223128
0.062492182726454334,0.993965538583495
0.06226520784755997,0.997059080803348
0.08556457271626636,0.3343177589715495
0.06076017313819945,0.9909615470505114
0.06722657086847919,0.49628595638070616
0.06856598405997975,0.3874877609501006
0.07079609975609992,0.3594836906806309
0.07972053881733218,0.3410083828886425
0.07563928384748306,0.35942057124050786
0.06760816776052662,0.48008602277522944
0.07630877635639512,0.34522211043392204
0.08182318672160992,0.34046124932717825
0.08265985661134614,0.3391661520542704
0.08416178807272832,0.33644934652854513
0.07007972116206766,0.383747652319058
0.07621846803039536,0.35702459156102123
0.07075983707062841,0.38115664737897403
0.08501943052921779,0.3363466606813162
0.07045510493997433,0.3811756425393654
0.08508457592386792,0.33566871155288136
0.11342777597262937,0.32876025151476407
0.07436548721916603,0.37853142136421614
0.0895309750881423,0.3303410865826734
0.07912966054701101,0.354098744219072
0.08413088170365758,0.3540360260312134
0.07764429751690911,0.37538759436230695
0.08643164827336515,0.3355092401607551
0.08843889111841186,0.3343597543821653
0.0772792483526532,0.37764458510577753
0.07733170743884987,0.3771231953969331
0.09284932784360558,0.33357270422152274
0.0756953165606645,0.3818386450967011
0.09007876100157709,0.3405375275915692
0.08134513373275858,0.34964269676374676
0.07998850201179164,0.3760261812625542
0.08109971337173151,0.353429864162395
0.07710777288474856,0.37715262768359537
0.062321182664122274,0.6236722590685624
0.08124290085539877,0.33413284414932276
0.06333011879642314,0.4221500786154985
0.0695120897587795,0.3563460839213487
0.06436750451121312,0.39133165008140375
0.07370525155047579,0.3534301377093671
0.06623220381886426,0.3835534513769305
0.07303445756246156,0.353953801582107
0.0772225450150151,0.3424612920662192
0.08046123237092717,0.33454421703603143
0.07768232794720831,0.33664226081268717
0.06857157887373509,0.3809075084662089
0.06821526463491337,0.3830967349868123
0.07730308842704328,0.3416883866108804
0.06856621072021511,0.38243232647098296
0.06478125840500192,0.4201735173500246
0.10309885135489591,0.3337103073112319
0.0843935624746389,0.3344110353849044
0.07255544351392124,0.3571376288135595
0.06934097032486909,0.3846029131764468
0.06891075046675088,0.39492234615742694
0.06824125503883853,0.41983475382059066
0.0804425538552183,0.3384841965660724
0.07682280328847896,0.3469357512174198
0.0780245964415942,0.345410937771859
0.06613060564777426,0.6242332651606605
0.0864386449260233,0.33159847392105707
0.07915946333260115,0.34082253511043176
0.07082430801788839,0.3508290810830133
0.06900700558307238,0.4090748971356104
0.06629918571074989,0.5084902849864286
0.06821220903965983,0.483005992627812
0.06973847986882226,0.3561321453262238
0.08405924131445078,0.3345198049091295
0.06727788127451288,0.5066127591724334
0.08173930772700001,0.3361852899333644
0.08175544131022856,0.3356712345512758
0.06851625452429685,0.6824613386029945
0.08487166547214442,0.33345763205924744
0.06952894446825442,0.37926247301111987
0.06904937105603465,0.48210440843494506
0.07563060321031828,0.3602206082405065
0.07666934659404555,0.3384942873970971
0.0692436492792648,0.4815391845243296
0.08107945803664987,0.33406432081656373
0.08023971341051299,0.3351775824621437
0.07277035708529932,0.37873510889183526
0.12877802287477227,0.3382680746021547
0.11950435224263119,0.3397826654235328
0.09779695786788178,0.34663305815372875
0.08358519208464164,0.3664767707776337
0.10868049452018536,0.3419063751115306
0.09087185388795695,0.34968206519234557
0.08964639806999472,0.35301042198799815
0.08120347219851672,0.3739710394335013
0.1043701947166381,0.3455036712501429
0.08893137231358814,0.3595243139594927
0.10785727292618297,0.34401739578863155
0.07707643201960061,0.37709825083984955
0.08560281089226382,0.36400964131472685
0.07304085420206691,0.3786277598200271
0.0810324074717497,0.37511824710000097
0.08599993348555968,0.36243116601823755
0.08874592548440105,0.3621761155328526
0.07935142347953784,0.3763819697700099
0.07887290856452232,0.37686461767737145
0.08828916654110432,0.36239112188353784
0.09572039348285881,0.3326515561283451
0.07665294294612225,0.3788949348404432
0.07812195220312479,0.3558404254161485
0.0907893932467361,0.3410461541303306
0.07675334696986066,0.37746204284994483
0.08656243417552861,0.3517380702984223
0.0827809953643747,0.35482469410936746
0.09255709448805786,0.3367457158176724
0.08597348774596526,0.3535951913812077
0.08805435046533264,0.33984445960366194
0.06792181914391271,0.3876045027454467
0.07229103441118363,0.38222469558522454
0.07480388541965347,0.36382000817189947
0.077442758543751,0.3468079957530047
0.0827116325324228,0.3420674358781797
0.07688397860265013,0.36126278583176313
0.08130919303611073,0.3442343896771192
0.07591606722529572,0.36243303590482207
0.09189527837754509,0.34065480511228546
0.0681488965363742,0.4273329818997532
0.07484085472020596,0.3842937211586753
0.07064831022827753,0.3962116995455546
0.07669393479580598,0.34926491886102573
0.08594625901742607,0.3420570840863776
0.07789494216549622,0.34912442094146323
0.09062261227629245,0.34139962695438275
0.08299023497979141,0.3487857157833171
0.08348698686892927,0.3429307375938601
0.07346474072009763,0.395270803890431
0.07390341433158669,0.39182710260972464
0.08312665608742122,0.3485329111882517
0.06185546479981447,0.6071178446493757
0.11820872584641508,0.32636275190589437
0.06741415620824705,0.6031685955321102
0.06785485785006777,0.4045767171351407
0.08675695703863152,0.3314660911066376
0.1028729984646728,0.33082680771454215
0.10608311879983684,0.3299272293512802
0.06890459422476804,0.3980571660484916
0.07292558412052898,0.36170286335403007
0.08110121797069572,0.3330468525076065
0.0784120949833503,0.3386297578584321
0.06559563473512897,0.6052097922680671
0.0777664048752487,0.3579195360486852
0.07611565428629226,0.3585693831762222
0.07370351277800127,0.36034618279255737
0.0679161700233534,0.39845234185223466
0.07311235410541422,0.3604644312471491
0.0907768901332883,0.33911377319509506
0.06476204777166464,1.004672301698981
0.06508062250978823,0.495965682689959
0.08824409021367127,0.3408166902297946
0.07084726765511346,0.36758881895362877
0.06849096623711208,0.3675914741981007
0.08474617277835521,0.3410560792447166
0.08026305465929794,0.34424908980722063
0.06739539090493235,0.44199307197224197
0.06630967316166403,0.4570274187947266
0.0733386183898032,0.3666595928677419
0.07586051087995778,0.36353479837125846
0.07798099400562038,0.3449047403639469
0.08169574218989462,0.3440806663312225
0.07631672282891253,0.347614456061953
0.06816102253338757,0.4110990458918845
0.065770335654301,0.48547391806586426
0.07401024368427583,0.3644997967937148
0.06840381086154176,0.410324711942854
0.08316028320534516,0.34266279037568687
0.07751927895631322,0.3470265176415948
0.08443860574174836,0.34240302682131135
0.08257076188002635,0.34362677284308785
0.06563748994790872,0.4953217765867578
0.07380544241358657,0.3650593630856517
0.060615999709551394,0.6153931475707702
0.08255553896412463,0.32807686893515287
0.0612614897547386,0.494026624250428
0.06178886177946693,0.40631628874007797
0.06601219886483735,0.37705549330789867
0.0700559365765453,0.37660037961697945
0.0743146008587494,0.33188430616601705
0.07038311742656676,0.3511043822473993
0.07301619091091299,0.34368695534590793
0.06349437827117953,0.38284034376457365
0.07789578428356343,0.33171206299401634
0.08011488911228341,0.32986470599910855
0.06377287497567949,0.3807633184955614
0.07966504875908716,0.3307473797719101
0.07811260390675254,0.33130798717062365
0.08795018989188613,0.326013914812411
0.05868836588989155,0.4142068625196077
0.06431060279368182,0.3510676254552436
0.06186453144632465,0.375181297181303
0.06994016624667278,0.3360739756360485
0.06315604280363638,0.37216015904202443
0.08413587862087778,0.3270496070192185
0.07374282136195763,0.3310332011840997
0.08079124678979532,0.32888148780414556
0.07256813358950334,0.3358098590113557
0.07724292962061771,0.33103298600140924
0.07931711990773822,0.3290635985330135
0.07777073891151616,0.33020346621041624
0.08515124169876984,0.34102627197797303
0.05941766850293406,0.6330068741934095
0.06088392603106001,0.5030734540576326
0.06482170840726352,0.36704896314157803
0.07418027573969678,0.3459057448194907
0.06008741508685202,0.6229355909271137
0.08104910428356947,0.3451825156978891
0.06867242783114454,0.3491165093574405
0.06848678601169905,0.34967011641104245
0.06587558218580167,0.36251370886778045
0.059985657075883304,0.6307905788221128
0.0652999250854329,0.36372032975559654
0.0657600236158852,0.3634260742610234
0.08369283137680672,0.3314740248902361
0.06055275251157423,1.0024884613705696
0.06218399653194946,0.5046168337272822
0.0627867413016398,0.43773345282131004
0.07652700993266952,0.3342528259704689
0.06519742051927366,0.40365151304679153
0.08039117261299264,0.3341590153318721
0.07553812077495521,0.3364321758577341
0.07252858243379634,0.3365546403070243
0.08089976913033785,0.33218853807343246
0.07146736560588023,0.3586212638199984
0.06956041086209173,0.3740118460465698
0.06821307658490798,0.3796267771036213
0.06618241405519638,0.380178876057195
0.07219508023121692,0.3538093722183743
0.06581369800998615,0.3837170841582207
0.06885082664408125,0.3760774782285205
0.09794022280780135,0.33824532535117013
0.07305609711522497,0.5658701875386113
0.07717804771089927,0.4944427174507974
0.07859464673044636,0.39121573035155455
0.08976160915252328,0.34073798880184036
0.0831733989183656,0.36065421584766566
0.08126047826582876,0.3651376733744566
0.08002599793574738,0.39096816603714835
0.085528537541982,0.3428656938776158
0.08552068625890943,0.342962865311829
0.11545596858120687,0.32462499938680145
0.06715870573853312,0.7865345311962271
0.06957458762412627,0.3908545602179377
0.09348555058767405,0.32520405372655214
0.08024788056052139,0.35313751464890536
0.07474406795718799,0.3542494096106826
0.08611181136710555,0.32601134965661444
0.0831559593384733,0.32724763106836924
0.07122192504446857,0.36932703095023617
0.06986683403293298,0.38944575377136104
0.07107658015555908,0.3699385099935771
0.09753829631186575,0.340825908728471
0.07550795950694043,1.0572166414523727
0.07654352103854903,0.3853256211902185
0.07989899162055708,0.3760492011029559
0.09336987927718442,0.34105785031226327
0.08431614878662885,0.3436280031361813
0.08961867904691166,0.3417651098797399
0.08677181533807359,0.34213685526334314
0.07064219285636066,0.3902440312337677
0.08834469716818158,0.3373673718888805
0.07806337953988714,0.36350660114666805
0.07597238675945528,0.3861804060904835
0.07958504046984666,0.34177837044406273
0.0787483804403047,0.36131371862880424
0.08578882418083357,0.34067453935781367
0.07528462204646941,0.3877120994085687
0.08189282790603197,0.34095310962920267
0.11706370694763635,0.3350321471746204
0.06574792135502995,0.6131377568651717
0.08186582474200571,0.3361207073862349
0.06913229341262468,0.5488695628311022
0.06914882453893059,0.42503337496406174
0.06744581804427319,0.603720896377114
0.06971744691638272,0.38611804901244723
0.07201208516155032,0.36717572390051434
0.0773139257428668,0.3370410619343055
0.06941262245230374,0.42112079562352517
0.07488968792049115,0.3487497309557286
0.06980978667944038,0.3710118944649124
0.07511923489935719,0.3426236975063063
0.06858688470706926,0.6308691877173325
0.08239212366298565,0.3419836763064732
0.07030782449334887,0.3668341343117099
0.06967791236706268,0.6284844838945125
0.07729162134711762,0.3602869226105285
0.08150943576990105,0.34244373736827227
0.0749457830582561,0.36259969097284783
0.07517317051854328,0.36215755666197885
0.068923135200039,0.6306786109677626
0.0870924321543943,0.33188711173279734
0.06700212194647057,0.7080804592111024
0.06728747918061896,0.4152187325265877
0.07968287309162544,0.33540902635825187
0.07017492129132742,0.3515049513908874
0.08655292648664416,0.3337339572393492
0.06847907694844871,0.35836029257339963
0.08682709820414058,0.33274655206691683
0.06530697094855507,0.6423825400540241
0.10081416079620288,0.3341553360631302
0.06676172048470035,0.47853840742579173
0.06655609131991709,0.6329557903387466
0.08662383146537644,0.3348914548148623
0.07026271120228497,0.3962023679770161
0.07384292303839887,0.3460678770482066
0.07295623392070093,0.39015020963911445
0.07783544234205382,0.3414593621946068
0.08013029723524949,0.3405270882648642
0.08352389031740282,0.3387873221814109
0.08422172620954352,0.33667847293896586
0.07135457413850736,0.3938376323200183
0.08022895782172562,0.33189195195940446
0.0559146132992004,0.9902267998837101
0.05702531073432755,0.6210447597580715
0.06010663376375739,0.4831354748009964
0.062345068938116255,0.3712944887385212
0.07453455660836837,0.33783388088658717
0.06677643671055923,0.3629635386421058
0.07075874861513513,0.33945506320634455
0.06119520684678199,0.42084333793944256
0.07677649732879555,0.33742811664831707
0.062048156290603576,0.416014450802148
0.07864656539379188,0.33707145824511003
0.06808056505572142,0.36275275026794185
0.07871078151111033,0.33658394968089406
0.06962858757230994,0.3433909219382335
0.06941597570806504,0.3454115740540085
0.06885505590471519,0.35882896066414666
0.06186974900656436,0.41609344377315693
0.06858447988950214,0.3591831860483506
0.062445014163358306,0.6449571441774823
0.09888310015880675,0.342863443001108
0.06918288894794719,0.4076890715646063
0.08317317498823024,0.3440230065031482
0.06693734390308731,0.5459859502656395
0.06558207821354695,0.6306815389947086
0.06874154059827252,0.510111111646169
0.07226731030120082,0.3657117789019927
0.06922252486995546,0.37082208070289807
0.07620496301302619,0.3546705294598583
0.06811019362453709,0.5143616559604659
0.07944533564318094,0.3450202858262333
0.08201277533837834,0.3442855976963858
0.0780264194026836,0.3458283990781031
0.0774941862917735,0.35334065172062606
0.0943389508138815,0.32999435065292076
0.05900411653348476,0.4793353379588909
0.0645246565683088,0.4280123255477568
0.0663490559612995,0.37835192196233947
0.06518280362445286,0.4264518404349132
0.06916980074266756,0.3546926260951812
0.08683271858332967,0.33103042236664504
0.07354216484622161,0.33700827905417396
0.07930764267070275,0.33530070918140364
0.08348217872169116,0.3325006809301508
0.06658084365145564,0.35983349350778004
0.07569089674977396,0.3359159619284501
0.06121392157908538,0.9989097786249004
0.08708571706319064,0.3411499609093314
0.06310779626415028,0.6250164347382899
0.06220567957659017,0.9984681895310489
0.06449681184494949,0.4913046779090787
0.07446272464294913,0.3520805535898635
0.0709056534785974,0.37058259237775476
0.07647960767231224,0.34535006912392857
0.08033243707277433,0.34440210415909334
0.06514324339288546,0.48567674802637784
0.06887683128243056,0.37389830174354766
0.06680636361605749,0.44979277856648464
0.08461076854984655,0.34208161461417763
0.08165354159789977,0.34422787083451667
0.0834677085604155,0.3437451660844756
0.06745641915151168,0.3967832152161971
0.06725543617771788,0.4472590866637542
0.08668644255794837,0.34202150680885485
0.06814964293300965,0.39421461665126206
0.08573283333908364,0.33102366760984975
0.07466993580403185,0.6443513181541967
0.07580409358176185,0.4959970171046814
0.0770997244876162,0.44015189825430145
0.0801785214044339,0.40167497052622764
0.07495238789671232,0.6398470158551844
0.0815824740169538,0.3405705891657308
0.08142160413057835,0.38091001221348925
0.1151100720756496,0.344056468962624
0.0792057975328336,0.39209724201203555
0.09673196299946736,0.35253160936588723
0.10869406943082056,0.34574100157685583
0.10430911636597998,0.3516117777643678
0.09409287411879645,0.3575836690143766
0.09188794379678741,0.3613778809028373
0.08178872007993081,0.3826728388857718
0.10464876060810256,0.3473964398448291
0.08820560495490437,0.37574967357955197
0.09164538020138667,0.36927136964828045
0.09009705496753542,0.3729565948159846
0.08735846232673061,0.38219497040580214
0.08289238301632218,0.3823354834000184
0.08786764819408607,0.3808004482275351
0.09035480775756322,0.3700864480053235
0.08640019649206762,0.333947321806613
0.06397145292474883,0.4199847117571739
0.06421224263328314,0.38162369768887416
0.07502071750898123,0.3488496706253635
0.07092858558897772,0.37515086866101977
0.07434710427535211,0.37277790113935194
0.07949643775652292,0.34423727687816685
0.08374181431093622,0.336078373954969
0.0806239753392549,0.3393370311780874
0.08418212576508768,0.33512613152943715
0.0803043863845231,0.3396982425079692
0.06094512346235508,0.6155589729054751
0.09622702908356645,0.3315161734810071
0.06374661495800005,0.3800140191067544
0.09350266302568282,0.33222567315387486
0.07955967095360429,0.332255258964165
0.06799191151808523,0.35380792577504866
0.06781242259387991,0.3792914662430168
0.07317821598610612,0.3533568523523528
0.07507221372905434,0.3528366118649975
0.07701932885370051,0.3404437822689889
0.07829380344784252,0.3369773405021608
0.07854426165393913,0.3361041575587348
0.1008748394129752,0.32781220843709435
0.07051051372410774,0.34628497058262037
0.0818553272775003,0.32966610486269776
0.07178549312264884,0.34606069550559154
0.08901444109081898,0.32807288381627997
0.0864222384637593,0.32811630492356436
0.10333414158639764,0.3352885854457589
0.0635166439631891,0.5099848527809088
0.06440539056805059,0.43609257069691054
0.07612681778393493,0.33728058990570403
0.06434637966680748,0.5068700073796282
0.09031853115569376,0.33658925800112083
0.09168349465101952,0.33598901220860444
0.06445162426927838,0.39257943583595967
0.07220722936018771,0.3485677003191427
0.06942686259940774,0.358547802311324
0.07449544476817074,0.34623525457670173
0.06922675608041465,0.36854224093424126
0.06913041513860926,0.3830842638059172
0.06807252673724778,0.3887864257825879
0.06650613127526617,0.39096462003575444
0.06565799342622393,0.3916035674820072
0.08208724329443914,0.3422770755826316
0.057951787271389166,0.9954894771177547
0.06040683240596718,0.502773643034213
0.06751905014469224,0.36734358045425847
0.07546464467994557,0.34519474195769034
0.07289842429770921,0.3519221575027537
0.08176754554106555,0.34509532214251515
0.06701974657197356,0.4384019858512503
0.06305574333072737,0.5003553456001315
0.06498972836993513,0.45112777747267035
0.06343516897093185,0.4758246858774483
0.07366993046620322,0.347003001547516
0.06622300708359481,0.44814960837464646
0.06956414316079361,0.9771577643000551
0.08313036213859777,0.327910848311357
0.07061758825349028,0.4686462503927174
0.07659141634725682,0.3490804362825921
0.07318281143485772,0.3502640012298403
0.07206522903334964,0.3771585010428934
0.07921061024363459,0.3314555717362505
0.08104017031349126,0.32936280273696855
0.0872171444077262,0.3313927025690119
0.06703871504015341,0.38415085304242014
0.07035320838764249,0.38359964782036415
0.072296716246959,0.3557005533459901
0.07555049935244448,0.3496198627680748
0.07675999202533575,0.33623860396544974
0.08257352262559013,0.33220424778287944
0.0789866235709475,0.3351517523791114
0.08118188248234892,0.3340798319406505
0.07353269480984943,0.3515005624722677
0.07275611231711354,0.3541857575620546
0.0677819018490904,0.6228792655550381
0.0881784964303604,0.3338218722738403
0.06823051427067482,0.4022430089052631
0.0746361190903695,0.35520711158756174
0.08273042467091303,0.3404160036208117
0.07245049369026461,0.388336973968349
0.0862800078716152,0.3352969874830458
0.08405783357887477,0.33704662183694006
0.07111294872531582,0.3939131358810696
0.0709068802412032,0.39748631020120895
0.06937093571400371,0.3992092109789457
0.06907135370049751,0.40126737700967247
0.0933570441863358,0.3348868751830059
0.06644286773328882,0.6033018924606894
0.06942475665410924,0.4760042471478612
0.06818093701075068,0.6022206163696935
0.07065359368757186,0.38690020218989096
0.0699384093134804,0.4235510421725387
0.07423968828388383,0.3634505567368479
0.08866095600479579,0.33751109991096956
0.08458665736935339,0.3399537569613064
0.07757521885173387,0.3633548634386793
0.08040486975094994,0.3584281521497799
0.08218773216365793,0.3470578692762369
0.0783170377953172,0.35873853317050464
0.08206401128495995,0.3563812477391978
0.0842218222754549,0.3418784044600196
0.0844495828545286,0.34134273310631547
0.09049912331620451,0.33520375466535934
0.060345897490976595,0.996726244013774
0.061645499105098575,0.6351514598233814
0.06316085602131963,0.5112664452238437
0.08760076347883504,0.3391662579407426
0.06339237054136794,0.43169776529793374
0.08125940561510706,0.34089354509593917
0.06219031804480994,0.6206217855466655
0.06845889022602591,0.36323583086624794
0.06560906973152496,0.3690879697292256
0.07304773230536987,0.3631032629116855
0.07912283798412044,0.34099069675153
0.07363589608935922,0.3451766382061285
0.07667966376799687,0.34493809498557515
0.06635105476072793,0.36342480359206836
0.07689776592378843,0.3433877812246807
0.07320338243082243,0.3625441438530033
0.08776044363593717,0.33242462310599946
0.06398718343365613,0.44029576248208446
0.06442337012967257,0.4023433360716402
0.06963023472258104,0.39833084719260925
0.0707338040393175,0.36789173199847813
0.07759078706102066,0.33685995049034995
0.07572457319560778,0.3546559869814065
0.07986172263104195,0.33665678517074127
0.08424985777323026,0.33413243795167336
0.0669457618590684,0.39950179950570164
0.08474423679537468,0.3325179297586439
0.07140147314236858,0.3623872527400931
0.07394893046200118,0.35509087226474784
0.06624214011265475,0.401512973533628
0.07238030886693109,0.35939737195447335
0.073567987399977,0.3593309413942876
0.08768901058586748,0.3405463571684825
0.06898661507857579,0.6094493272974107
0.07019585021224806,0.42353728969237187
0.07643723289030124,0.36260851549039386
0.07326403442939962,0.38887319557411987
0.07888718143321531,0.35931751860872363
0.08493525172971898,0.34591374546421333
0.08108517462133609,0.3467991269929868
0.08193550053612439,0.3460613648593649
0.07160687583239515,0.40764920764558593
0.08653537328322097,0.34438802842133825
0.07194617693106997,0.39869759560735546
0.07438425704439398,0.38801177684459565
0.09071943911846493,0.3493837343440159
0.08105362521569807,0.3707275571002031
0.07476048146698082,0.3802613765447023
0.08870800430252591,0.3644260323703329
0.0852867194979747,0.3699009793069792
0.0879688448776466,0.3677196597024926
0.07447863311599942,0.3853390259220091
0.08695281819104664,0.3257878972770133
0.06829597530283969,0.4060215165092307
0.07113423623865023,0.34940261898797964
0.08125751266428032,0.3287017056102771
0.07267172826749259,0.34495711804150936
0.0849377867858642,0.3282545528661387
0.08615294588039842,0.32654900933387704
0.08514934406902848,0.3281791522621169
0.0636634583018896,0.6370987926700284
0.09788839059146692,0.3303536379014669
0.06397835227586215,0.3931118838557963
0.08815250678952286,0.3307860785374286
0.06871345716578038,0.3623188303016999
0.08336904790837546,0.33169443610855226
0.07337067270562994,0.35080938086211366
0.07103174367405495,0.35939528463003023
0.07989928527344733,0.33174243658452707
0.07791121844899644,0.3503315452337884
0.07875609919304692,0.33612744747105666
0.07804066591951513,0.3480230172506442
0.08665509879117601,0.3430135396011012
0.06367911617817516,0.5717032932215019
0.06524004255019386,0.39808712265209173
0.06811647860909827,0.3931666169237292
0.07440253760088225,0.3631484987003902
0.06880643843205389,0.3713087940647839
0.07883822644593427,0.35685296875980055
0.08306435338884878,0.3452092149346796
0.08601824746058281,0.3445672975964134
0.07151015735477395,0.37052579846227623
0.08252735106768896,0.34668421633532154
0.08026419394076217,0.34712290396022655
0.07988241552203207,0.34876258243264474
0.07294037027495208,0.36912718394985855
0.07383926250721964,0.3651839728625629
0.07887011927096975,0.3558812655291528
0.07216810092013928,0.37008047244503306
0.08652263263966697,0.3437652765645419
0.06553296928690483,0.6082026440045408
0.08665045952402134,0.3335454285729292
0.06689600443432818,0.39009024343690274
0.06661290456649951,0.6040767647153653
0.0801187049221338,0.3373428124096203
0.08388951072123817,0.3372853533289558
0.06815435773622647,0.3898360376243687
0.0700756768416811,0.36979213728505045
0.07572238509249633,0.3589814656626533
0.07267096389341915,0.36131742457681737
0.07026474845071382,0.3614084114478948
0.07406251148487776,0.3610031729010602
0.08488854108083976,0.3365233103605904
0.078768507947032,0.3375646846977546
0.07639388348721224,0.3412904363394023
0.07747787889204837,0.33899345132809455
0.0659723439433741,0.6060809076940679
0.07677191305611608,0.3395578753249468
0.10802710843520329,0.3348918338228826
0.07034190433444416,0.4043088700580065
0.09117275825596895,0.33631195370445877
0.08691605961645547,0.3552151049967526
0.0826038663123288,0.3596213646910027
0.08236561229601214,0.3760436783997029
0.0879574868929326,0.33972113004995186
0.08138112452179444,0.39268134794795234
0.0822522501583099,0.3845795492225887
0.07534408845820527,0.4022270545320125
0.0800555221675278,0.3999028151867858
0.07887541700109602,0.40169366892352404
0.09041464643695955,0.3376059202653688
0.08909103683888447,0.33824378310631614
0.08900435354446493,0.33913202795207764
0.09100509109180559,0.33757938918698494
0.0629451535469221,0.9707864106901818
0.08284247116040089,0.3320927491453464
0.0644369711470906,0.6324498479886458
0.06494000677889074,0.3840793603667262
0.07674661925740967,0.33932513140603227
0.07342190086375797,0.35319706785122446
0.07999772290390332,0.3392490712618467
0.07197572439057376,0.36131838011983564
0.06728375037910496,0.38323863625877747
0.06926603786075045,0.3807563840170822
0.08133310615812266,0.33891133521434563
0.07036671428806679,0.36300963349830867
0.06861773939888993,0.38183925325558726
0.08203086494138741,0.335177386165968
0.07058224413814991,0.3626924932793942
0.06752273303349546,0.38323235293894536
0.07204139665805707,0.37961027003102815
0.09490772433630504,0.3287452571265607
0.08377626651723864,0.3571380540779974
0.0873932553533566,0.33202915426974366
0.0797297598304987,0.36370365583863734
0.09092956288730955,0.33090819950000244
0.07438030949110364,0.37565858196697677
0.0772332793947746,0.3755419292367414
0.07846373577135428,0.36976964235887255
0.07805203158546946,0.37189789675003526
0.06787531631093002,0.9757007648840543
0.09518222128254022,0.3427255028753205
0.06791659241067646,0.609940190548596
0.08561227955991356,0.3432375271236321
0.07115332109059974,0.4916097075092728
0.07160563753327658,0.36441874078916764
0.0787324052122726,0.35937856310030886
0.07868277468953677,0.36279387733357127
0.07871486400938063,0.35943101885725115
0.061657784978603164,0.6325752888263889
0.08261643111773675,0.33803285592876786
0.062008610782929005,0.4232456298519835
0.07332799081315658,0.341939674768169
0.06838154463669263,0.3755608711269965
0.08073403783750732,0.34162751091812543
0.07303636322299065,0.3690767167739249
0.06481287132830119,0.3878288697823856
0.0631163549597758,0.38955653389946304
0.08187492043215654,0.340803559277247
0.08281514786396041,0.33861631219994265
0.06779495521326086,0.6082883885743118
0.07095929739340545,0.40529770588304576
0.07330986751135703,0.3859392806820773
0.07542809898713249,0.35978690762644516
0.07754820093770423,0.35749178765119305
0.08039055909569767,0.3469738804801479
0.08197313510395132,0.3467211361179286
0.08916001381026005,0.3299499454131825
0.06464500468685455,0.6416205563808104
0.06627075138293471,0.5177411466527936
0.0728938936094245,0.3542100022796417
0.07943801866693749,0.33675923382894973
0.06784683395001435,0.4640156770231703
0.06923428551260524,0.426679976998049
0.06774278560411617,0.5150830243593982
0.08398793005520507,0.33205378495397475
0.06951269413291773,0.396740170026861
0.08063455538264896,0.335929706899262
0.0838597277433497,0.3325396321021667
0.07214631107789234,0.3618092236939258
0.07004235499201948,0.364378609711413
0.06984554033901991,0.37336724255547854
0.06641581572099867,0.5161458264473989
0.08368961616850681,0.3301285770146208
0.0632680614401263,0.5905429951740041
0.06674754247995796,0.3759429794932852
0.06937413942926292,0.34477215888737583
0.07820872925769261,0.3340596139194005
0.06742207803382691,0.37469552938986084
0.08080007588367834,0.33116857300208624
0.08233068178118488,0.33109633749834216
0.07905337940131767,0.3334619960447791
0.06984117025435163,0.8386502876621649
0.0937072528768491,0.33470022206376354
0.07006565429614776,0.6924599953765029
0.0700977651890884,0.6059209495342274
0.07014396293440814,0.47745430380015175
0.07054907016647696,0.43248153626051394
0.074343542667329,0.38418494366635614
0.0887063114727625,0.3363072734467137
0.08534885407904509,0.3380860733342023
0.0813551210059968,0.3394082945441318
0.07454947192345826,0.3576699916430792
0.07749499031879616,0.35766064978121287
0.07801212386334036,0.35703599546848896
0.08080647558952163,0.3556773281276874
0.08706050180428533,0.3366787490323762
0.08662562936204576,0.33716501598603543
0.08090446381380763,0.3524904548610854
0.06551394871258714,0.3875387117951968
0.10194653794515503,0.3419243048234844
0.08472946803812648,0.3429030120439257
0.07844484732256408,0.3607129612631709
0.074197502937355,0.3645446341235669
0.07214166115732469,0.3810731254500811
0.06787343055200988,0.38396029331119114
0.06850375234816732,0.38137364082160397
0.06660613296443338,0.38741497575256617
0.08576429233169704,0.33441196699071457
0.06658402919614187,0.48164413118202876
0.06785897640274732,0.3855489095264615
0.07993366695217621,0.33850172123434097
0.07831845844874596,0.36590561089866763
0.06934284459679008,0.3821345071018646
0.07648755577107977,0.37669470990001136
0.08241341092436685,0.33497886720098796
0.07221768188638608,0.38198423831982875
0.07426848636837993,0.37863958398491265
0.07795114548843061,0.37469168210233667
0.07329045341134621,0.3818050200761839
0.08173918358914446,0.3383508683748993
0.08202436005313214,0.3373018503190403
0.08401900614799653,0.3357364484596363
0.06887101302696373,0.6204820471448292
0.07252230679562516,0.3656488995761256
0.07526448047571808,0.35860493037869806
0.0788735575873108,0.35752829921643114
0.08065474009694724,0.357182976307835
0.08140208038462297,0.3478190655001218
0.07329958380132666,0.36370461966767165
0.08311620360692815,0.3469303330360643
0.08327620576425453,0.3466567390180973
0.07325421239314674,0.36379495043186183
0.08566797275945869,0.3337721831651695
0.07171791028491105,0.38262076335445366
0.081935067148603,0.3379264540991426
0.08077883957731427,0.3535812444995744
0.07578195024071124,0.38124391342916675
0.07598025648722878,0.3609736312321484
0.07679909045600038,0.35673722076624115
0.07602985165634706,0.3577223829009927
0.06283342256292268,0.6358477933941569
0.09914429910598094,0.3332443531004097
0.06349322950783338,0.622963353158018
0.06398051400658275,0.423818984098513
0.08621423210838873,0.3371799731502294
0.09602924152537246,0.3364264203895031
0.07135010773934539,0.36540031607794843
0.08072269306210053,0.3375798739087061
0.06796080687899693,0.3851408273783552
0.06526849203703415,0.4170899361057427
0.07540536635823485,0.34392874003417523
0.07697986237546081,0.34112971483957133
0.06873905229226779,0.3738237654553601
0.06526712387193634,0.6043061927360597
0.08274396787968843,0.33436855881046984
0.065992149664787,0.40405746853537766
0.07698498017287624,0.3450800616154045
0.07299491640227414,0.3566096392928487
0.07863223915200365,0.3424194836885651
0.08161014206498994,0.33760081630373473
0.07175271640180458,0.38762758826216365
0.07230706484933229,0.3608268977498462
0.06882432239196744,0.3987976786847855
0.06724021730805406,0.4021601468094863
0.0708999885639458,0.3968115176222069
0.07011153347844956,0.3971901300217799
0.06652306140068588,0.4078832211062026
0.083395061178965,0.3339315600634893
0.06865568052574458,0.3819663271685744
0.0707277753066896,0.3610494191226865
0.07667143937025897,0.3598105416415618
0.07736708801463356,0.34355741922300687
0.0828207040928058,0.33692578402190426
0.07998269762051585,0.3400954241617472
0.07821304000206974,0.341044394205287
0.07987132192273609,0.34089806963037517
0.05981019934857001,0.39735582690890203
0.11531976417473676,0.34126211878469775
0.0936012330627961,0.3425904677878676
0.06472915346431894,0.3947107822335999
0.06671002468895634,0.37335503611188253
0.06912416426646742,0.371433070029527
0.06933572720006848,0.3511651615220069
0.07978533501916006,0.34339251590583414
0.07352749397694865,0.3510967362316269
0.07355465322031962,0.3481509767341666
0.07571266536155892,0.34679295658906256
0.07835872467239828,0.3461697886638117
0.07865076990379417,0.34371236925838805
0.07812628589547314,0.34672724161602725
0.07909498739844949,0.3434597240261639
0.11857756182687601,0.3271212190321889
0.06470806690362636,0.9794247964086165
0.06767491411913844,0.5128986008783502
0.0834783493164655,0.3278133334792962
0.07006309914236414,0.35310612720756845
0.07177559169410601,0.34837186305233403
0.07842516955914307,0.3353317224194641
0.08184683690217855,0.3283136901908757
0.07853259191035881,0.33317033526828915
0.08471687850830922,0.3401961308948714
0.05706077442151762,0.515728467017398
0.062155476461042546,0.4040345976708994
0.059950477564014205,0.4899966134194098
0.06663816205126684,0.36230050104806294
0.08201951236119231,0.3416153721175802
0.07311523381841155,0.34885540324774206
0.07528912113251959,0.342670234064004
0.058848131079683966,0.508098418571548
0.07442708922240808,0.3434063568966562
0.07320055713069791,0.3442830461431519
0.06744052196846938,0.5013858736839155
0.0850226268378564,0.33733567678509535
0.06908627954647122,0.39242160894882683
0.07007454802809919,0.35225180774397746
0.0769386782061619,0.3496958831223502
0.07292928895445304,0.35080902139917397
0.08278186519261854,0.33955536402216213
0.08090928188584058,0.3451664797983877
0.07929806269674514,0.34816982369516813
0.07193748943663296,0.35208046797016807
0.07966186073000502,0.34573377614560064
0.06816110290813711,0.508356896723544
0.11177788729937191,0.3387811410601518
0.07746118519716476,0.34007740802184394
0.06860391617282109,0.427176828437216
0.0695073975552729,0.39168737683729093
0.07685915643387371,0.3622311492585645
0.07346607426980359,0.37365343334522055
0.07256865905308683,0.38904057940465564
0.07432589537356232,0.3654395923417413
0.07073836266096582,0.3890640961090955
0.08000973476342212,0.33661737569096917
0.06528458962819801,0.603473193116763
0.06674383718987566,0.47159257546360434
0.06851186177040666,0.3839604459468858
0.07629248334146761,0.3580944198788578
0.07259450119844794,0.35917925124387085
0.07458336461438173,0.35822197224738694
0.07168172703322678,0.3818172584214096
0.07764968197251998,0.3421100725475809
0.07871637521573614,0.3406484047049788
0.07199862085175261,0.38161558263288065
0.07973352459452417,0.3389032555710306
0.06570488183659222,1.0502954512049658
0.09109272154053398,0.33603629094926557
0.06627037201965112,0.5087720644906941
0.08319371894119262,0.3367104178516787
0.06741490336539169,0.43832648008465486
0.06881352267746917,0.38890395952907875
0.07469849105037568,0.3837667749566403
0.07086627829657927,0.38487309058463
0.0748747228130259,0.36700496004638644
0.07819720657097111,0.3643325002257355
0.07968615100307987,0.345959377347496
0.08091653659545878,0.3435706303020193
0.07040168829517163,0.38849327960026436
0.07866180208373195,0.36417919632842294
0.0821347137246644,0.33704131227295964
0.08161383468695019,0.33826614567483987
0.0650803556009471,0.9952215206631597
0.08587373745636032,0.34154169929735384
0.06648202328574625,0.5151713417204252
0.06773626266601278,0.5078871844181932
0.06942942547006554,0.37178473233811005
0.08306097706465132,0.34314344948162195
0.07421035318182272,0.36492775457593424
0.08060573147885672,0.34652030907463766
0.07731549653376323,0.36346992009316426
0.07259140230667367,0.3654786588413378
0.07923980109179066,0.3486340154786299
0.07752897532170326,0.3491491074165116
0.07087007395092502,0.3669027987170546
0.07037642729027822,0.37007478670883653
0.09110261907434986,0.3341281236540261
0.065462336308372,0.6316610658669595
0.0692235623653705,0.42855453280004446
0.07435764979965391,0.3620766060705271
0.08072216875565928,0.3454111705166694
0.08550617336324079,0.3389359426941313
0.07563573521461767,0.3466633897065218
0.0837307767847889,0.34129296746698917
0.0597044446899213,1.007645394524402
0.09385006705798121,0.3312710281642552
0.06064123060152491,0.3796919840320134
0.06734588089113328,0.34334675453066804
0.08231716740215601,0.3338526556916735
0.06905944312358381,0.34205758601386743
0.08941474548774214,0.33131285374353103
0.0744477962942561,0.34171693657625984
0.07847537580534461,0.33436049168686377
0.0863254283317236,0.3334197374166557
0.08678129557502096,0.33267948873814607
0.07635859428957224,0.3361489781092494
0.07506508030595495,0.3388012942670671
0.0758999123659723,0.3366183940639966
0.08914379549607693,0.33981149450386433
0.059987666550132775,0.6462737843081465
0.062083259415819055,0.4959911930716564
0.06134327427266187,0.6155952747662788
0.07590626222154227,0.3614925757606507
0.06301031990530709,0.41914813744218266
0.0813758300787841,0.3413369448995165
0.06842582112240134,0.36301561937437815
0.08709736650703133,0.34074265151206495
0.06683860365177398,0.3832758523575809
0.06407542730051385,0.4173612431239622
0.07811478975472909,0.34517101940070566
0.060532847648206684,0.6276869501590627
0.06557310286366273,0.3970733871937075
0.0786057095237447,0.34342283822462416
0.06777861836871098,0.36367515530807215
0.06606657216514042,0.3961047218407461
0.09111803687370255,0.33121887428208496
0.06536045837613236,0.4921188342041511
0.06743977709835672,0.38502103232164514
0.067153337507228,0.4500868385071619
0.06946011035845544,0.35464860210506455
0.0748450986707054,0.34532243999627477
0.08826521982484532,0.3358799372132181
0.08026712912887761,0.33665816393652814
0.06685237906192092,0.48874558911920446
0.07913605877825045,0.3417468837256541
0.08953130859664904,0.33551857919492056
0.08002436397769415,0.3413034902716413
0.12513411016710232,0.33313486987947716
0.06918665418078916,0.607798202176072
0.10821582762417718,0.3353231527211038
0.08205757391168676,0.33941641920222304
0.0712633095514413,0.40288023559439595
0.06946298458073967,0.5115416148539738
0.07125389846055522,0.504753358584823
0.0753676054693679,0.3555254223951548
0.07173454885578187,0.3908200010839968
0.0786647808566682,0.3449608975939601
0.08160417929849223,0.34056173795207734
0.07110684695607894,0.5073140801893715
0.08169882740743967,0.3361800583700426
0.06577617829539423,0.6430910861740046
0.06724262488480856,0.41810299824870345
0.06722913262279741,0.641129950245142
0.0739529360347157,0.35414912915528224
0.08024985777475825,0.3423852896950743
0.07066079978962286,0.35475017348722093
0.06840658992291289,0.3955671668017393
0.07010418422115305,0.35880534738755493
0.0698114585422609,0.38370101637331
0.06935476473538119,0.3847764127665862
0.06711214403152882,0.6418321877215838
0.09180663990480864,0.3376107104540692
0.06539330823438483,0.6201006138357107
0.06698840479843414,0.5123816066829071
0.0817471777230056,0.34032520299206703
0.09142954728304815,0.33971455283981145
0.07065079806142274,0.505434212423529
0.07118313889786153,0.45211000591824135
0.07294124976031381,0.3609935429745738
0.07283437607689319,0.41968134438406146
0.07149039777482827,0.4217391529094779
0.07736134573612619,0.35920043973160437
0.075014352269426,0.36091445963611135
0.07590251347641981,0.3606079586727322
0.08031947266268397,0.342426876328321
0.0778167924096727,0.34687909859000804
0.07867765786290791,0.3434386584624469
0.07959956441054344,0.343128741172556
0.0780192385788487,0.3457528669949663
0.0798992155827816,0.34295948622464223
0.09196424893466078,0.3311888333979399
0.07129372184835715,0.45316852064449303
0.07487972452909486,0.36237261394808223
0.07229710915556602,0.41051100932166545
0.08004792974226038,0.35743999714024804
0.07466117449033502,0.4088808947451471
0.09018896297565142,0.3350071370177935
0.08619319508513393,0.33629818055998484
0.08124498887388533,0.3441277114546737
0.08330557752092621,0.34379749579687796
0.07449348891150899,0.40963804687504146
0.0848135181359118,0.33857868749458914
0.0846957287134216,0.3428327951234629
0.06424469034345871,0.9978110249508343
0.08835500533463037,0.3321493810958303
0.06426406877952141,0.6337884957617959
0.06881007081568484,0.39275305732175186
0.06635481719305619,0.4974209374434033
0.07916519722802226,0.33974745951753055
0.08376776037540895,0.33686573347327226
0.06544167800059741,0.6067265906430691
0.06587647227417015,0.5013781845546661
0.07421626725202676,0.3545827396533995
0.07110760682398559,0.3556743671270359
0.07761814044852658,0.34500227177055454
0.07552277754158958,0.3466079761931879
0.07018632191629999,0.3575203949422435
0.08549358012462017,0.33518609115446246
0.06430632386141646,0.6105308829424886
0.08464073441625293,0.3365680842112228
0.0850794386238549,0.3365434870721397
0.08531574914323559,0.3364040905353216
0.06451640792793448,0.5149714166092338
0.10440806747868583,0.32864861824665614
0.06516181145950968,0.4998987104040628
0.06661158107382,0.4079961604455443
0.07879479818557905,0.334501895515058
0.07194458729791177,0.35698361459566214
0.09126359575323906,0.32944028398955194
0.10306284610805855,0.3292643515701625
0.08409222814144454,0.3341947899914862
0.06710757038515484,0.3886080629227094
0.0699811556855295,0.3840730712872292
0.08826592347209455,0.3311706960682115
0.0716997936751868,0.37443346334161653
0.08718331646599528,0.3336569277448589
0.06710275388978483,0.40644949046714113
0.07116136458903873,0.3809452031751691
0.07135569020471891,0.3768574228804263
0.0702505608522762,0.5942935884938643
0.08374336165912839,0.3221524466420874
0.07388056389013392,0.34986440430909305
0.07161265646764083,0.3988641742575235
0.10494097601841483,0.33739856680628144
0.07121322219298541,1.0125314434647101
0.07178669983841555,0.6322458228109163
0.08782052358433591,0.34216179940198865
0.07453138059775449,0.3982207628765689
0.07431045740483998,0.6125580183006286
0.08499469859483333,0.34631282951565046
0.08046280459023823,0.36350858142357195
0.07813683759322625,0.3820526743244024
0.07497675706833667,0.3891554856747938
0.07347405780495972,0.630579295416304
0.08678034803835676,0.3422325212999384
0.07875769296096874,0.36853104682456606
0.07999064394553321,0.3666456996963719
0.07403589514004592,0.6129488513044327
0.06512100153736196,1.0108089146814503
0.11405121268689195,0.33997697651422687
0.06791365971390356,0.6099275420568362
0.06621855315175941,0.9767798630209371
0.09693794641347639,0.3417101175553112
0.06866446678303693,0.41312314484455426
0.08646138406348139,0.3421211418218889
0.09147937642520271,0.3417715196356181
0.07052972646701117,0.3645178752459572
0.07515860479125511,0.3616820780470152
0.08100422186667938,0.34431318343634415
0.07795038889564251,0.36161057414512393
0.0803399908573012,0.34748461933430635
0.08058412012604967,0.3468235250541969
