0.24202053049629413,0.14930341811523185
0.2524236753126251,0.14801843292232653
0.21461964190691643,0.16296782220053074
0.2476963093966337,0.14854149025232494
0.2415243041926238,0.14980581313944377
0.21425771581613184,0.16312771218504252
0.24743935261859246,0.14875436244919393
0.2208163293457362,0.15713810354759225
0.2540482530514003,0.14765050998358784
0.22519902353759605,0.15430034003714851
0.22574516301671552,0.15409968986984376
0.2686538356091153,0.14592319569289347
0.23072444289163582,0.15194917055269486
0.22790632300651414,0.15360460425194594
0.2757867286653968,0.14589532711963485
0.23247271961104005,0.151103913779893
0.24805407130596716,0.14812148130871938
0.21828339531453184,0.16172350557202095
0.23585732695413952,0.14987864852263386
0.25456831556075527,0.14622189936745314
0.2773676895577079,0.14583776590716485
0.21848506169046453,0.1593465935857323
0.26323190105393146,0.14616427784244992
0.2740326228631715,0.14591496128970438
0.23035542298070386,0.1529182004638399
0.21842263553079783,0.16167272121335097
0.21970445659323454,0.1592344747113017
0.2251143533556369,0.1557853151955823
0.22440930221032743,0.15671643001333527
0.22886397313612383,0.1535038139395736
0.24396166599790728,0.1488196352837333
