0.24399847232925054,0.14676442477220425
0.22050262407651022,0.15692672586022713
0.23663073279592178,0.1483443777663766
0.2224673345169468,0.15340593694696372
0.2506463213327064,0.14547964272162694
0.25815659475774927,0.14528650512473715
0.2394226578181565,0.14772132593149406
0.27373515484929645,0.14431827451898985
0.23344385448159233,0.14848057581578483
0.22204368381263082,0.1541018588931139
0.2404572102763618,0.14708277211871368
0.22973630254079952,0.1503455584380471
0.27076721354089733,0.14433108451669507
0.22274336170640655,0.15286054552845116
0.23058740738072162,0.14986413904824436
0.2694204137850488,0.14466718881036675
0.24489516186206206,0.14643558398992873
0.2671467406794886,0.14477477611881462
0.22594662704970603,0.15227273816285458
0.2646376469980591,0.14506744054359844
0.22728527000371487,0.15218507284136218
0.23804092076873312,0.14829911025004255
0.24906630798107202,0.14639904348481037
0.22759105339983543,0.15108196368162316
0.24296048755110872,0.14699997127221573
0.22946204606343806,0.15060751487577098
0.22572803782808665,0.15235978936793157
