0.2457434667570966,0.20717118597317744
0.3130920387065032,0.19475093866209717
0.2533001642250258,0.20109023170797186
0.24884047978165724,0.2042336373539556
0.2489100114675795,0.2035976897246146
0.2609557084829225,0.20081854291623646
0.27439657926157374,0.19898017030149778
0.27819173410495607,0.19729221930479857
0.2996012730825043,0.1956734701381276
0.30749926218315216,0.19555905775063717
0.2941014405951085,0.19572928588245647
0.2781806764242874,0.19883574711754642
0.2651007896564632,0.19937513052848982
0.2651363608552318,0.19927834885452772
0.3121782775152879,0.19552111938146535
0.2834941262893021,0.1971096045545853
0.28577663078569493,0.1968884887734206
0.29254393243611626,0.19681635171097364
0.2916967695678441,0.1968445132333301
