0.32382913722654244,0.19604689657883975
0.2434802581585509,0.21581929672076489
0.27315353127016434,0.1972131562153525
0.2955954099146248,0.1970442520935041
0.25896697995894696,0.20313397924919926
0.2679679154863005,0.20177508869508276
0.2682937513887793,0.19944627678063045
0.31267820306522853,0.19637454020529474
0.30523494741930407,0.1964181993361977
0.25059762979034467,0.2104212513789805
0.24918823812298604,0.2138701214065335
0.25105197596964857,0.2092153495598914
0.24937845736271355,0.21305242073968564
0.25856139333799877,0.20549259932146746
0.2520460336641941,0.20678670807250332
0.2552358545786704,0.20589926334843814
0.25295677421354673,0.20647327691463754
