0.15584263357375405,0.1770820537204309
0.14512931790204692,0.18385770233892568
0.13938594849757568,0.19725333006042187
0.1394018925640617,0.19070140456382875
0.13886347772518978,0.19725362993369347
0.1696782459406715,0.17505338432585804
0.16613235679716942,0.17577428926483982
0.14251927100672446,0.1866632457802582
0.16997473814740294,0.17415275461916083
0.16146791375280878,0.17586745158785866
0.15028881826638987,0.1810740826041497
0.1554612924326231,0.17726112223978963
0.15208580977645686,0.17891575749539504
0.13679345678889157,0.20435430542438007
0.18005909729745348,0.17217502318371444
0.14749823991847613,0.18156475331803495
0.13770886893183193,0.20385600961301759
0.13981711360746776,0.1887252797033914
0.14851583293664639,0.18138827918741016
0.14575800543982825,0.18325904373185192
0.1586088799931473,0.17678160732555304
0.14234249433215015,0.1874993059783409
0.18808844528120647,0.17367032279338654
0.13213200155357396,0.209356572392274
0.16909539283750466,0.17683189657269843
0.1770455356409109,0.17677240577970388
0.1328671510590396,0.2023649958977213
0.1557333014200094,0.18197050270526002
0.13259472352216867,0.2061076521047668
0.14254913126213548,0.1897399845667495
0.1372673175950226,0.19486670405982606
0.18321503773563755,0.17477537678715074
0.15273826070479066,0.18469364962177873
0.1823741381778824,0.1761716538920974
0.1362127727528721,0.19929124078249016
0.13851288322247768,0.19120045507210348
0.1655419110247129,0.17926369241067003
0.14542585851460832,0.18732358510076189
0.1498576325094965,0.18611739832366067
0.16436086265709143,0.18062142554984834
0.13863014334531215,0.18995509300457888
0.145938114102934,0.18620899600240326
0.15964145177126798,0.18132126310533186
0.16059028713239648,0.18121477227412852
0.1370946612809228,0.1967433055227955
0.15261213071293453,0.18594349139839764
0.13638089875208115,0.1980027035530066
0.16553279677631041,0.18030883597200245
0.13636553336125476,0.1987683988427967
