0.30981691548843876,0.20324435272320407
0.3441141984968514,0.19933843186836003
0.30276146209187266,0.20929313269323466
0.34498371523360977,0.19867428015181404
0.296005817102009,0.21240512391894412
0.3195777428420415,0.20025543504456012
0.30670600705185674,0.20884510711341453
0.3190717768238023,0.20243580431466393
0.29563533344027565,0.2132510057722453
0.3413676788589576,0.19948012731926446
0.3326814205986309,0.19981842823622079
0.3531513471490676,0.19738918267653963
0.38129255629414704,0.1968057162472123
0.3309528548865456,0.2001981261011645
0.29073288979987255,0.2069703607056948
0.321855849488377,0.20200261907322525
0.31331341767309623,0.2034726598300379
0.2913200752042177,0.20460996184199623
0.320183357937725,0.20324064609101256
0.28300912935607114,0.2083569927610333
0.33254473675901225,0.19964760145850877
0.34337034554333323,0.19950813564755768
0.31219780557304383,0.19992112793134817
0.3344855216497543,0.19681767752746382
0.3249961580876004,0.1991498326218817
0.2874875233932156,0.2131412195073656
0.2900703084937289,0.21062288310199284
0.2925277181258396,0.20635997123401048
0.3081233688184564,0.20141880489167427
0.28309670006707877,0.21536774070533837
0.29158569157098063,0.20982450440922587
0.32924679987975514,0.19764621033468416
0.28572394701179565,0.21402134506634243
0.2828859556287386,0.21783440983697483
0.29946524938870384,0.2048142632048599
0.28830533736395353,0.21150706349956494
0.2814410426432027,0.21852237004844172
0.30674464510699834,0.20224107459535168
0.29348923554801787,0.20487332402085426
0.31963290354925766,0.2038169724909602
0.2765677487037024,0.21580307998137285
0.28979329772217555,0.21235040588790255
0.3404390507589891,0.20073982873821053
0.3237678270138615,0.2020313068554608
0.3365107263548467,0.20086333263237427
0.3496725538712055,0.19824878622370012
0.32169488229778664,0.2029264739177318
0.3127911196959863,0.20614256468740097
0.2935497678852234,0.20710928483127924
0.33059809110050514,0.20099025855021593
0.31461290473972175,0.20605800042461844
0.3171150809685155,0.20471303499336974
0.34727168132608943,0.2007282850385942
0.28776302902639045,0.21373122151375365
0.27849678970568303,0.21147389770229927
0.3180515661018698,0.19888225812528565
0.3108361154665732,0.20224917607797993
0.3508317991645524,0.19694452967542292
0.2827048321952379,0.20778655973872537
0.3069920336316006,0.20226313061138457
0.2885626447044105,0.2052627127751892
0.2753114033558662,0.21641848093742988
0.31601825449023274,0.201080381926806
0.3018211034445,0.20248869799261346
0.36343470293117136,0.19986555115130053
0.3182288998828007,0.20682015970722378
0.3125693594327807,0.20755328372419604
0.36762576034227584,0.1998528116771251
0.3209601411456998,0.2059811399482412
0.29850825215917137,0.21853667780401834
0.34641243966891866,0.20161157178468833
0.2989905175960707,0.2151694927806784
0.32568320700351056,0.20269759490583555
0.35410345020739276,0.20129454008233433
0.35713145508355226,0.20100076824835778
0.29813286487819785,0.22025359726858737
0.3111416719548184,0.20907671682007833
0.2980194690176243,0.2208353434870498
0.298883780981124,0.2183795244930229
0.30399042745445115,0.20970737694664168
0.3177282455610237,0.20693323683884965
0.3393355563643467,0.20232139080910766
0.35741511177445384,0.20044825987500306
0.3003291867406679,0.20864465962410705
0.2965964587910548,0.20878554689681061
0.32036062177271557,0.20450984375900969
0.3100467922013991,0.20661583211565301
0.36930664179108313,0.19961899752961101
0.28282660767558054,0.21871096788518984
0.3059342917469436,0.2086388394681903
0.34310593762479996,0.19974159723515816
0.29390368604013134,0.21331304540175436
0.2946293014341103,0.2124685250114997
0.30888807057266854,0.2068423401459896
0.32144116539761636,0.20449360888134172
0.3227340292484913,0.2028129321470539
0.31811606572274675,0.2054880278526825
0.32164013061885566,0.2039323732715662
0.31522100094934563,0.20582469771719195
0.3324317942225674,0.20031186608078158
0.32006922997982323,0.20522322950398364
0.28877787116951853,0.21419596221668302
0.3184932387514632,0.20523148318192241
0.3562543108778333,0.1985677586581042
0.2849705693883758,0.21396229879781767
0.3317256199526403,0.1986734655554742
0.32352073338699977,0.2011189519749499
0.2902431406741491,0.2115227656223308
0.30521305711103097,0.20733833928558248
0.292018286864892,0.20819369973810598
0.2902701642757549,0.21078412344143443
0.3576246178854457,0.19843010410342218
0.3155214883392799,0.20246490177208293
0.2910812819438917,0.2103229444055983
0.31249344712472427,0.20440274222228152
0.2847723389368048,0.2158771781967132
0.30306047345517445,0.2032420952022683
0.2933759931492254,0.20392992811474303
0.3358776744226444,0.1974829957742717
0.2749941596452806,0.2182119180097027
0.2841098974434568,0.21118922795556397
0.2820070748233825,0.2131651280467379
0.29250630986447285,0.20556781643149225
0.27744743419060414,0.21649146985482207
0.28687227221580297,0.20850164777197
0.28029914078613616,0.2162544971709134
0.31340768074456415,0.20105927794276507
0.32074391815876785,0.19832803885172565
0.30673203657903275,0.20321766039751896
0.29100472937584,0.20831526200362288
0.30835920512168025,0.20261590550058672
0.31079787212650295,0.20218359639878034
0.3276892035079514,0.20187305514142997
0.3045359716515193,0.20398557611374626
0.31019437043542636,0.20249228941690775
0.2946908727562909,0.2064653478866934
0.2908162829030081,0.20759349293284174
0.29576538166550265,0.2064482551074023
0.2977984481644781,0.2055981020898742
0.2892174700270055,0.2102738933365557
0.28368165293248165,0.21103898235469443
0.3342553454064811,0.20083878761534268
0.2794421724039013,0.21224810177487466
0.27974686247508485,0.21201755491495958
0.2786548833235471,0.2134779011503201
0.27861673010931876,0.21933759001510295
0.30409251643720997,0.2055424925180032
0.32957332382867255,0.19869282582877956
0.3556983748091637,0.19623782286911975
0.2990976346670842,0.20209412784670266
0.31733612598397937,0.20021944117135643
0.29645833275775463,0.20448673857823033
0.3109750136489967,0.2016000898224305
0.34571138884881514,0.1967640371010442
0.2833412319478672,0.20990625048985825
0.3323595930197567,0.1986166782290173
0.3330233112893379,0.19763440644330696
0.32424340030408627,0.20004140808250778
0.29035021676896133,0.20751980456528027
0.2810954969027404,0.2131371721296928
0.3130011181751658,0.20158827904135718
0.32439917061979245,0.19950181128779476
0.32159324680485696,0.20223147008414186
0.3116678945359233,0.2079893798231487
0.3051628469077453,0.21179330923604983
0.29275673672441194,0.21931069255970456
0.36721641800500865,0.19743357873763193
0.3653978105755279,0.19748187238884743
0.35399606879900775,0.19758847790715786
0.31200761376610986,0.20262308635046544
0.39645965947172584,0.19717642096766325
0.3480593992974071,0.19832006240337172
0.29797491204186066,0.21268638568978285
0.32642433789037817,0.19977976643094553
0.30626562733185286,0.20877102946380754
0.2960494622721706,0.21927981251425457
0.30061443550044903,0.20451195610913717
0.2994067093316808,0.2052510385355459
0.2890697009491044,0.20916295495249973
0.3472322195566897,0.1988652200473348
0.2945300405363313,0.20727573371150823
0.2940955310054654,0.20826743397086625
0.2840037949484215,0.2128469667680193
0.2987746824378744,0.2064575623719092
0.2816849067490875,0.21679443383836852
0.3250130519359422,0.2002012158293866
0.341138316446023,0.19894426011934796
0.31196765798695797,0.20096290897602373
0.323889462243264,0.20079394975641568
0.3262220546900657,0.19971022258587862
0.28361630187406195,0.2136380031640086
0.30887347105249197,0.2027107972918028
0.2886010731881511,0.20918148909592074
0.2878429983437786,0.21044766282726665
0.3320434977576121,0.19750377343561118
0.2969010179277134,0.20127022248482043
0.29296579925937705,0.2063366017279876
0.3091319572819036,0.2008606503923743
0.2886614700203828,0.21038457447666456
0.33804934456699093,0.19730083329658615
0.31244776503553334,0.20029735661195916
0.2955491936612861,0.2061410023459086
0.3205715220100699,0.19785478119463282
0.34500358728038877,0.19690679741868553
0.312868044109788,0.20252423862547095
0.3053166906655113,0.2068157011070816
0.3094302517856361,0.2042626092147294
0.29847564428516254,0.21047570819424913
0.31278975686978033,0.20264813789293848
0.35056793589317015,0.197623410472003
0.32048623507187507,0.20198154221816217
0.32449447567731454,0.2006783472842207
0.3089095397514533,0.20554808591389434
0.3245957811030471,0.19847036445218486
0.30989715085531233,0.2035025452946486
0.30177401541057597,0.2083934047023184
0.34844341842412796,0.19813177850690367
0.36667234436022256,0.19651222834952442
0.3327648610731141,0.20081105777044841
0.33873567198688725,0.2001309857185946
0.33367729533721296,0.20047801838069562
0.31109520791600687,0.20571452150472358
0.34213300994150303,0.19932620676417057
0.3183724970186079,0.20237822810342468
0.3067381516945502,0.20608692861896027
0.3044956780200708,0.207121883128091
0.3315430046318479,0.20220079770998364
0.34467155161256674,0.19858466210245931
0.31682736447405185,0.20317328100845303
0.29997812827115183,0.2129935180762736
0.3421106083513202,0.20008379200229195
0.3466923454428757,0.1981729083841645
0.363969417913526,0.1975115670031688
0.3527278184425768,0.1960907634033065
0.3190288687223299,0.1983719879419794
0.3064114088019787,0.20505546246100873
0.34510721989239834,0.19739930280272042
0.3378737245719878,0.19755668326114914
0.35353980360573856,0.1952285843104578
0.3003561679965431,0.20615202586533227
0.2879512126937049,0.21251179249108376
0.3497501873386056,0.19682227704373745
0.3001935009238526,0.20720416410011974
0.2956857237679393,0.21058624379873764
0.3060127101354796,0.20518396278212883
0.30800706837258784,0.20213725569350866
0.3453087930191426,0.19707492542927374
0.2945209272168721,0.2105964233126198
0.3354231440100827,0.1982919670719643
0.29197384833239115,0.21197729101846932
0.3478686442310742,0.19686752674891886
0.2983253135055843,0.2090067782379165
0.3007253671847526,0.20547272229366
0.3086651741673526,0.20407636536579407
0.2967237309917937,0.20791393579539857
0.29618845399602745,0.21179957570228733
0.30618065852164844,0.2048536985657619
0.285965638614609,0.21766284620145498
0.29984289816258086,0.2060698646489907
0.29151443855970494,0.21228474111087817
0.3314412508075541,0.20107732209019918
0.34668606641868943,0.1988260582266693
0.3054859804073374,0.2060025491383447
0.33313698902795663,0.2000186964082089
0.331525056346358,0.20012785606445913
0.3184493707916979,0.2024244136129088
0.29135378322882666,0.2126117923551548
0.3501036722874081,0.19873452142432194
0.31829048001567223,0.2033827387818393
0.3140025574670234,0.2039841988252939
0.34170792992988036,0.19908570944239556
0.31870763384675754,0.20067888456776864
0.35729601413753354,0.19720898410346274
0.3048048179594044,0.20209386811462562
0.30170404569512177,0.20526429904927182
0.2866911683137639,0.2113903614024393
0.29236040069964614,0.2075492014604222
0.287328221101801,0.21042979213599206
0.3219992343384283,0.1999557166102781
0.30619423223299663,0.20077682882138304
0.2950797854500361,0.20619577388309815
0.28970572695782226,0.20967930695677603
0.3421691382989278,0.19787651967536704
0.2956012449945629,0.20564751913366147
0.3033371706080723,0.20446494174979138
0.3349655180437676,0.199327868346207
0.2856211690717606,0.21180808155945083
0.2767322409017039,0.21591702511850946
0.2922321248593179,0.20881677468827445
0.3257123766738319,0.20479936972719612
0.34152160743269955,0.20190716809570836
0.341417238182849,0.20212155113455338
0.35879450575729516,0.20003793089574093
0.3263254568851035,0.20249026785133326
0.3209319589056277,0.205844195758675
0.3121333377367268,0.2084690778995543
0.3328835995565452,0.2024465048061895
0.3059779954345128,0.2122201220496446
0.2993896729210453,0.21395511176680096
0.3421482000068511,0.20059680934581603
0.3084777569718944,0.21083336075660614
0.31070275781607387,0.21056681342504086
0.3223428188710287,0.20552177011782713
0.2984353060614681,0.21552811899036511
0.29198723971238494,0.2182644125359107
0.3337326630972326,0.2021368409548241
0.3506814820939028,0.20029641525629674
0.3747063347182902,0.19868238572785982
0.3107037047957489,0.20971094291271505
0.3602201243615876,0.19950139783462548
0.38450557747955766,0.19833713333801764
0.3059258232699773,0.20112858056341532
0.3217922832891418,0.1949732400636401
0.3063889488633555,0.19914982689773797
0.2989548555363112,0.2025298297697435
0.32013485589302665,0.19865782628243484
0.2960975794458606,0.20837136045098684
0.3489362598443386,0.19497257522199005
0.29408797525448926,0.2076725095652625
0.3157066853736233,0.19867846755209834
0.29256398568698755,0.20963548625144574
0.2870332299460735,0.2133816267273588
0.34647476117724646,0.1969135888185171
0.3226326519343738,0.19865064866171867
0.29014964373294694,0.21137786000098877
0.3122954195157502,0.19957649804975996
0.29272303643202313,0.2092620840264724
0.3048499635482896,0.19959272277027257
0.32601197460842335,0.19841179696931685
0.2945907857268503,0.19970684668776145
0.33303488653156915,0.19830521573921595
0.2943484225828,0.20663192008272774
0.3050888483309691,0.20290033373462818
0.2876626758097677,0.20900038555023465
0.3149120160808381,0.20004130263925088
0.3043556215347847,0.2036864206088134
0.3120567650899164,0.2026097002979276
0.31987583856328783,0.1979405215631368
0.2921631089913688,0.2088734182708251
0.2855312964579362,0.21198706808672538
0.2941434030509611,0.20734198963167177
0.32899962960421725,0.1976121095756737
0.2990420859812787,0.20496109032343665
0.28549737056713914,0.21279350754044069
0.36156984549234295,0.19689004663202278
0.3121773868471677,0.2009095025338633
0.29658510226180645,0.2068566058412765
0.35990266395983805,0.1969887744587421
0.35524379550952107,0.19739946264053332
0.3022776666824349,0.20394662838328645
0.2958316951556779,0.20969659346119082
0.30529427688009586,0.2056599775161711
0.287386632378013,0.2171794622416621
0.3040762421901703,0.209290601182254
0.2934679347837568,0.21642455929231053
0.2946876089691515,0.21376111901808498
0.31870940703777745,0.20392390733016605
0.32808956395140093,0.20096625310122687
0.29273042116239056,0.21645847899058848
0.33952797428073594,0.20072441300566482
0.31183485631133395,0.2042275801886215
0.30374473008356817,0.20319085465025188
0.29396974966106265,0.21098482772833724
0.34258519632940376,0.19802606610807336
0.2855222738334158,0.21788533380102204
0.3017046744465176,0.21053001950691208
0.34512273866008547,0.19640850277470107
0.32075847466218466,0.20167458339834363
0.32610187020789955,0.2012755376987512
0.32782007475438485,0.20117819609674878
0.3027002419321446,0.20935144759521032
0.3324256068809919,0.19870590274494537
0.2900527510265753,0.2164492465410892
0.33945771580338774,0.198532313054177
0.3726720357699672,0.1958529198690983
0.30509324059567305,0.20757223084349893
0.30552301291743944,0.20664954508257694
0.3065245302640564,0.20370578140552167
0.2927035671953325,0.2088816900371505
0.3438770964491241,0.1971296437618389
0.2782708332516333,0.2153547566509972
0.29087570795875134,0.20956288905845552
0.34062523168424536,0.19802320479192248
0.335283079473958,0.1998456080764699
0.29457687197378934,0.2079726854803714
0.2880118807039709,0.21109033334686197
0.3055161411822581,0.20689967483386756
0.32496990736912856,0.20103881980451152
0.3225101605631214,0.20267721000520802
0.3067767050393355,0.20292421001332658
0.3095321158717672,0.19986685365618453
0.28969924677482617,0.20762975171152
0.3174434795660429,0.19631328144769863
0.28652465337312943,0.20806044215955077
0.2931781100460896,0.20160891545699247
0.2903660981981973,0.20751868496613982
0.2753245060543379,0.21573282504516406
0.30014471777856067,0.20103870512688185
0.31504960455804704,0.1985652498126595
0.31190909415789986,0.19965682112625835
0.29239217564685227,0.20265150480699573
0.28221069172634566,0.21507446305358716
0.28610025906795417,0.21053333756526504
0.33041876094534456,0.19572212403238662
0.35029319516726937,0.1947118731766956
0.3039188118156504,0.2005558146775226
0.3167826308203167,0.1981232379954201
0.31339202582026576,0.19947048022466324
0.2866039682321837,0.22031923316560567
0.30343490815160784,0.21156067765974676
0.2904545507165621,0.21892773761049275
0.3396136974458013,0.2026833323281132
0.2998445066792008,0.21175873239169554
0.3155681821335825,0.2054120675474798
0.3455098271251642,0.19989194914317218
0.36545627505796874,0.19820416509198088
0.33588541868815064,0.2027902432257483
0.36455338933735104,0.1995512928324366
0.3053707650778517,0.20563430305531888
0.2763240705618887,0.22180609434072981
0.29351973409695414,0.215674134188797
0.2842334587974122,0.22090965431599754
0.3690536916049895,0.197841536487677
0.3035902040902164,0.21022527405850558
0.32076690693069576,0.20423402957096617
0.33110358042514776,0.2030499636006569
0.32963045588098416,0.20316574698980386
0.304497910800055,0.20900225225623506
0.3263218698795606,0.20352962002850508
0.294704437221647,0.21279950080726343
0.2920242943180119,0.21570046666360793
0.3189568270172367,0.20439432749803912
0.34092580316705745,0.20255525974872576
0.34226849596124415,0.20246964085142072
0.3156672026538587,0.20070506599475427
0.31784960469604334,0.19684023016599064
0.31023797882490717,0.20286123226591696
0.2902939038626969,0.21627131519002055
0.29427355477485256,0.2093755046639664
0.2942751702083233,0.2074744504780604
0.3817174688804209,0.19626721344066006
0.29701505164490044,0.20729656783506079
0.3150815367565305,0.2025250235555388
0.3025309994108416,0.2029386913799892
0.3016123634014567,0.20666596259275455
0.2934363440429889,0.20968693555463772
0.3966032960563124,0.19623864968549892
0.29039606733755324,0.21567181711921127
0.29113408402109703,0.21160075246116256
0.31278638914502666,0.20356062191461688
0.30101305007558565,0.20660935412272916
0.3335135242741303,0.19777301336322048
0.3261389872962561,0.19964605894168455
0.3518652379163405,0.19724143796077365
0.2994042723458479,0.2143091890297061
0.3538531710458891,0.197166413828825
0.30842995229225684,0.20427620845528557
0.31612096945933643,0.202216846040347
0.30102883484723425,0.20510371411405062
0.30981691548843876,0.20324435272320407
0.3441141984968514,0.19933843186836003
0.30276146209187266,0.20929313269323466
0.34498371523360977,0.19867428015181404
0.296005817102009,0.21240512391894412
0.3195777428420415,0.20025543504456012
0.30670600705185674,0.20884510711341453
0.3190717768238023,0.20243580431466393
0.29563533344027565,0.2132510057722453
0.3413676788589576,0.19948012731926446
0.3326814205986309,0.19981842823622079
0.3531513471490676,0.19738918267653963
0.38129255629414704,0.1968057162472123
0.3309528548865456,0.2001981261011645
0.29073288979987255,0.2069703607056948
0.321855849488377,0.20200261907322525
0.31331341767309623,0.2034726598300379
0.2913200752042177,0.20460996184199623
0.320183357937725,0.20324064609101256
0.28300912935607114,0.2083569927610333
0.33254473675901225,0.19964760145850877
0.34337034554333323,0.19950813564755768
0.31219780557304383,0.19992112793134817
0.3344855216497543,0.19681767752746382
0.3249961580876004,0.1991498326218817
0.2874875233932156,0.2131412195073656
0.2900703084937289,0.21062288310199284
0.2925277181258396,0.20635997123401048
0.3081233688184564,0.20141880489167427
0.28309670006707877,0.21536774070533837
0.29158569157098063,0.20982450440922587
0.32924679987975514,0.19764621033468416
0.28572394701179565,0.21402134506634243
0.2828859556287386,0.21783440983697483
0.29946524938870384,0.2048142632048599
0.28830533736395353,0.21150706349956494
0.2814410426432027,0.21852237004844172
0.30674464510699834,0.20224107459535168
0.29348923554801787,0.20487332402085426
0.31963290354925766,0.2038169724909602
0.2765677487037024,0.21580307998137285
0.28979329772217555,0.21235040588790255
0.3404390507589891,0.20073982873821053
0.3237678270138615,0.2020313068554608
0.3365107263548467,0.20086333263237427
0.3496725538712055,0.19824878622370012
0.32169488229778664,0.2029264739177318
0.3127911196959863,0.20614256468740097
0.2935497678852234,0.20710928483127924
0.33059809110050514,0.20099025855021593
0.31461290473972175,0.20605800042461844
0.3171150809685155,0.20471303499336974
0.34727168132608943,0.2007282850385942
0.28776302902639045,0.21373122151375365
0.27849678970568303,0.21147389770229927
0.3180515661018698,0.19888225812528565
0.3108361154665732,0.20224917607797993
0.3508317991645524,0.19694452967542292
0.2827048321952379,0.20778655973872537
0.3069920336316006,0.20226313061138457
0.2885626447044105,0.2052627127751892
0.2753114033558662,0.21641848093742988
0.31601825449023274,0.201080381926806
0.3018211034445,0.20248869799261346
0.36343470293117136,0.19986555115130053
0.3182288998828007,0.20682015970722378
0.3125693594327807,0.20755328372419604
0.36762576034227584,0.1998528116771251
0.3209601411456998,0.2059811399482412
0.29850825215917137,0.21853667780401834
0.34641243966891866,0.20161157178468833
0.2989905175960707,0.2151694927806784
0.32568320700351056,0.20269759490583555
0.35410345020739276,0.20129454008233433
0.35713145508355226,0.20100076824835778
0.29813286487819785,0.22025359726858737
0.3111416719548184,0.20907671682007833
0.2980194690176243,0.2208353434870498
0.298883780981124,0.2183795244930229
0.30399042745445115,0.20970737694664168
0.3177282455610237,0.20693323683884965
0.3393355563643467,0.20232139080910766
0.35741511177445384,0.20044825987500306
0.3003291867406679,0.20864465962410705
0.2965964587910548,0.20878554689681061
0.32036062177271557,0.20450984375900969
0.3100467922013991,0.20661583211565301
0.36930664179108313,0.19961899752961101
0.28282660767558054,0.21871096788518984
0.3059342917469436,0.2086388394681903
0.34310593762479996,0.19974159723515816
0.29390368604013134,0.21331304540175436
0.2946293014341103,0.2124685250114997
0.30888807057266854,0.2068423401459896
0.32144116539761636,0.20449360888134172
0.3227340292484913,0.2028129321470539
0.31811606572274675,0.2054880278526825
0.32164013061885566,0.2039323732715662
0.31522100094934563,0.20582469771719195
0.3324317942225674,0.20031186608078158
0.32006922997982323,0.20522322950398364
0.28877787116951853,0.21419596221668302
0.3184932387514632,0.20523148318192241
0.3562543108778333,0.1985677586581042
0.2849705693883758,0.21396229879781767
0.3317256199526403,0.1986734655554742
0.32352073338699977,0.2011189519749499
0.2902431406741491,0.2115227656223308
0.30521305711103097,0.20733833928558248
0.292018286864892,0.20819369973810598
0.2902701642757549,0.21078412344143443
0.3576246178854457,0.19843010410342218
0.3155214883392799,0.20246490177208293
0.2910812819438917,0.2103229444055983
0.31249344712472427,0.20440274222228152
0.2847723389368048,0.2158771781967132
0.30306047345517445,0.2032420952022683
0.2933759931492254,0.20392992811474303
0.3358776744226444,0.1974829957742717
0.2749941596452806,0.2182119180097027
0.2841098974434568,0.21118922795556397
0.2820070748233825,0.2131651280467379
0.29250630986447285,0.20556781643149225
0.27744743419060414,0.21649146985482207
0.28687227221580297,0.20850164777197
0.28029914078613616,0.2162544971709134
0.31340768074456415,0.20105927794276507
0.32074391815876785,0.19832803885172565
0.30673203657903275,0.20321766039751896
0.29100472937584,0.20831526200362288
0.30835920512168025,0.20261590550058672
0.31079787212650295,0.20218359639878034
0.3276892035079514,0.20187305514142997
0.3045359716515193,0.20398557611374626
0.31019437043542636,0.20249228941690775
0.2946908727562909,0.2064653478866934
0.2908162829030081,0.20759349293284174
0.29576538166550265,0.2064482551074023
0.2977984481644781,0.2055981020898742
0.2892174700270055,0.2102738933365557
0.28368165293248165,0.21103898235469443
0.3342553454064811,0.20083878761534268
0.2794421724039013,0.21224810177487466
0.27974686247508485,0.21201755491495958
0.2786548833235471,0.2134779011503201
0.27861673010931876,0.21933759001510295
0.30409251643720997,0.2055424925180032
0.32957332382867255,0.19869282582877956
0.3556983748091637,0.19623782286911975
0.2990976346670842,0.20209412784670266
0.31733612598397937,0.20021944117135643
0.29645833275775463,0.20448673857823033
0.3109750136489967,0.2016000898224305
0.34571138884881514,0.1967640371010442
0.2833412319478672,0.20990625048985825
0.3323595930197567,0.1986166782290173
0.3330233112893379,0.19763440644330696
0.32424340030408627,0.20004140808250778
0.29035021676896133,0.20751980456528027
0.2810954969027404,0.2131371721296928
0.3130011181751658,0.20158827904135718
0.32439917061979245,0.19950181128779476
0.32159324680485696,0.20223147008414186
0.3116678945359233,0.2079893798231487
0.3051628469077453,0.21179330923604983
0.29275673672441194,0.21931069255970456
0.36721641800500865,0.19743357873763193
0.3653978105755279,0.19748187238884743
0.35399606879900775,0.19758847790715786
0.31200761376610986,0.20262308635046544
0.39645965947172584,0.19717642096766325
0.3480593992974071,0.19832006240337172
0.29797491204186066,0.21268638568978285
0.32642433789037817,0.19977976643094553
0.30626562733185286,0.20877102946380754
0.2960494622721706,0.21927981251425457
0.30061443550044903,0.20451195610913717
0.2994067093316808,0.2052510385355459
0.2890697009491044,0.20916295495249973
0.3472322195566897,0.1988652200473348
0.2945300405363313,0.20727573371150823
0.2940955310054654,0.20826743397086625
0.2840037949484215,0.2128469667680193
0.2987746824378744,0.2064575623719092
0.2816849067490875,0.21679443383836852
0.3250130519359422,0.2002012158293866
0.341138316446023,0.19894426011934796
0.31196765798695797,0.20096290897602373
0.323889462243264,0.20079394975641568
0.3262220546900657,0.19971022258587862
0.28361630187406195,0.2136380031640086
0.30887347105249197,0.2027107972918028
0.2886010731881511,0.20918148909592074
0.2878429983437786,0.21044766282726665
0.3320434977576121,0.19750377343561118
0.2969010179277134,0.20127022248482043
0.29296579925937705,0.2063366017279876
0.3091319572819036,0.2008606503923743
0.2886614700203828,0.21038457447666456
0.33804934456699093,0.19730083329658615
0.31244776503553334,0.20029735661195916
0.2955491936612861,0.2061410023459086
0.3205715220100699,0.19785478119463282
0.34500358728038877,0.19690679741868553
0.312868044109788,0.20252423862547095
0.3053166906655113,0.2068157011070816
0.3094302517856361,0.2042626092147294
0.29847564428516254,0.21047570819424913
0.31278975686978033,0.20264813789293848
0.35056793589317015,0.197623410472003
0.32048623507187507,0.20198154221816217
0.32449447567731454,0.2006783472842207
0.3089095397514533,0.20554808591389434
0.3245957811030471,0.19847036445218486
0.30989715085531233,0.2035025452946486
0.30177401541057597,0.2083934047023184
0.34844341842412796,0.19813177850690367
0.36667234436022256,0.19651222834952442
0.3327648610731141,0.20081105777044841
0.33873567198688725,0.2001309857185946
0.33367729533721296,0.20047801838069562
0.31109520791600687,0.20571452150472358
0.34213300994150303,0.19932620676417057
0.3183724970186079,0.20237822810342468
0.3067381516945502,0.20608692861896027
0.3044956780200708,0.207121883128091
0.3315430046318479,0.20220079770998364
0.34467155161256674,0.19858466210245931
0.31682736447405185,0.20317328100845303
0.29997812827115183,0.2129935180762736
0.3421106083513202,0.20008379200229195
0.3466923454428757,0.1981729083841645
0.363969417913526,0.1975115670031688
0.3527278184425768,0.1960907634033065
0.3190288687223299,0.1983719879419794
0.3064114088019787,0.20505546246100873
0.34510721989239834,0.19739930280272042
0.3378737245719878,0.19755668326114914
0.35353980360573856,0.1952285843104578
0.3003561679965431,0.20615202586533227
0.2879512126937049,0.21251179249108376
0.3497501873386056,0.19682227704373745
0.3001935009238526,0.20720416410011974
0.2956857237679393,0.21058624379873764
0.3060127101354796,0.20518396278212883
0.30800706837258784,0.20213725569350866
0.3453087930191426,0.19707492542927374
0.2945209272168721,0.2105964233126198
0.3354231440100827,0.1982919670719643
0.29197384833239115,0.21197729101846932
0.3478686442310742,0.19686752674891886
0.2983253135055843,0.2090067782379165
0.3007253671847526,0.20547272229366
0.3086651741673526,0.20407636536579407
0.2967237309917937,0.20791393579539857
0.29618845399602745,0.21179957570228733
0.30618065852164844,0.2048536985657619
0.285965638614609,0.21766284620145498
0.29984289816258086,0.2060698646489907
0.29151443855970494,0.21228474111087817
0.3314412508075541,0.20107732209019918
0.34668606641868943,0.1988260582266693
0.3054859804073374,0.2060025491383447
0.33313698902795663,0.2000186964082089
0.331525056346358,0.20012785606445913
0.3184493707916979,0.2024244136129088
0.29135378322882666,0.2126117923551548
0.3501036722874081,0.19873452142432194
0.31829048001567223,0.2033827387818393
0.3140025574670234,0.2039841988252939
0.34170792992988036,0.19908570944239556
0.31870763384675754,0.20067888456776864
0.35729601413753354,0.19720898410346274
0.3048048179594044,0.20209386811462562
0.30170404569512177,0.20526429904927182
0.2866911683137639,0.2113903614024393
0.29236040069964614,0.2075492014604222
0.287328221101801,0.21042979213599206
0.3219992343384283,0.1999557166102781
0.30619423223299663,0.20077682882138304
0.2950797854500361,0.20619577388309815
0.28970572695782226,0.20967930695677603
0.3421691382989278,0.19787651967536704
0.2956012449945629,0.20564751913366147
0.3033371706080723,0.20446494174979138
0.3349655180437676,0.199327868346207
0.2856211690717606,0.21180808155945083
0.2767322409017039,0.21591702511850946
0.2922321248593179,0.20881677468827445
0.3257123766738319,0.20479936972719612
0.34152160743269955,0.20190716809570836
0.341417238182849,0.20212155113455338
0.35879450575729516,0.20003793089574093
0.3263254568851035,0.20249026785133326
0.3209319589056277,0.205844195758675
0.3121333377367268,0.2084690778995543
0.3328835995565452,0.2024465048061895
0.3059779954345128,0.2122201220496446
0.2993896729210453,0.21395511176680096
0.3421482000068511,0.20059680934581603
0.3084777569718944,0.21083336075660614
0.31070275781607387,0.21056681342504086
0.3223428188710287,0.20552177011782713
0.2984353060614681,0.21552811899036511
0.29198723971238494,0.2182644125359107
0.3337326630972326,0.2021368409548241
0.3506814820939028,0.20029641525629674
0.3747063347182902,0.19868238572785982
0.3107037047957489,0.20971094291271505
0.3602201243615876,0.19950139783462548
0.38450557747955766,0.19833713333801764
0.3059258232699773,0.20112858056341532
0.3217922832891418,0.1949732400636401
0.3063889488633555,0.19914982689773797
0.2989548555363112,0.2025298297697435
0.32013485589302665,0.19865782628243484
0.2960975794458606,0.20837136045098684
0.3489362598443386,0.19497257522199005
0.29408797525448926,0.2076725095652625
0.3157066853736233,0.19867846755209834
0.29256398568698755,0.20963548625144574
0.2870332299460735,0.2133816267273588
0.34647476117724646,0.1969135888185171
0.3226326519343738,0.19865064866171867
0.29014964373294694,0.21137786000098877
0.3122954195157502,0.19957649804975996
0.29272303643202313,0.2092620840264724
0.3048499635482896,0.19959272277027257
0.32601197460842335,0.19841179696931685
0.2945907857268503,0.19970684668776145
0.33303488653156915,0.19830521573921595
0.2943484225828,0.20663192008272774
0.3050888483309691,0.20290033373462818
0.2876626758097677,0.20900038555023465
0.3149120160808381,0.20004130263925088
0.3043556215347847,0.2036864206088134
0.3120567650899164,0.2026097002979276
0.31987583856328783,0.1979405215631368
0.2921631089913688,0.2088734182708251
0.2855312964579362,0.21198706808672538
0.2941434030509611,0.20734198963167177
0.32899962960421725,0.1976121095756737
0.2990420859812787,0.20496109032343665
0.28549737056713914,0.21279350754044069
0.36156984549234295,0.19689004663202278
0.3121773868471677,0.2009095025338633
0.29658510226180645,0.2068566058412765
0.35990266395983805,0.1969887744587421
0.35524379550952107,0.19739946264053332
0.3022776666824349,0.20394662838328645
0.2958316951556779,0.20969659346119082
0.30529427688009586,0.2056599775161711
0.287386632378013,0.2171794622416621
0.3040762421901703,0.209290601182254
0.2934679347837568,0.21642455929231053
0.2946876089691515,0.21376111901808498
0.31870940703777745,0.20392390733016605
0.32808956395140093,0.20096625310122687
0.29273042116239056,0.21645847899058848
0.33952797428073594,0.20072441300566482
0.31183485631133395,0.2042275801886215
0.30374473008356817,0.20319085465025188
0.29396974966106265,0.21098482772833724
0.34258519632940376,0.19802606610807336
0.2855222738334158,0.21788533380102204
0.3017046744465176,0.21053001950691208
0.34512273866008547,0.19640850277470107
0.32075847466218466,0.20167458339834363
0.32610187020789955,0.2012755376987512
0.32782007475438485,0.20117819609674878
0.3027002419321446,0.20935144759521032
0.3324256068809919,0.19870590274494537
0.2900527510265753,0.2164492465410892
0.33945771580338774,0.198532313054177
0.3726720357699672,0.1958529198690983
0.30509324059567305,0.20757223084349893
0.30552301291743944,0.20664954508257694
0.3065245302640564,0.20370578140552167
0.2927035671953325,0.2088816900371505
0.3438770964491241,0.1971296437618389
0.2782708332516333,0.2153547566509972
0.29087570795875134,0.20956288905845552
0.34062523168424536,0.19802320479192248
0.335283079473958,0.1998456080764699
0.29457687197378934,0.2079726854803714
0.2880118807039709,0.21109033334686197
0.3055161411822581,0.20689967483386756
0.32496990736912856,0.20103881980451152
0.3225101605631214,0.20267721000520802
0.3067767050393355,0.20292421001332658
0.3095321158717672,0.19986685365618453
0.28969924677482617,0.20762975171152
0.3174434795660429,0.19631328144769863
0.28652465337312943,0.20806044215955077
0.2931781100460896,0.20160891545699247
0.2903660981981973,0.20751868496613982
0.2753245060543379,0.21573282504516406
0.30014471777856067,0.20103870512688185
0.31504960455804704,0.1985652498126595
0.31190909415789986,0.19965682112625835
0.29239217564685227,0.20265150480699573
0.28221069172634566,0.21507446305358716
0.28610025906795417,0.21053333756526504
0.33041876094534456,0.19572212403238662
0.35029319516726937,0.1947118731766956
0.3039188118156504,0.2005558146775226
0.3167826308203167,0.1981232379954201
0.31339202582026576,0.19947048022466324
0.2866039682321837,0.22031923316560567
0.30343490815160784,0.21156067765974676
0.2904545507165621,0.21892773761049275
0.3396136974458013,0.2026833323281132
0.2998445066792008,0.21175873239169554
0.3155681821335825,0.2054120675474798
0.3455098271251642,0.19989194914317218
0.36545627505796874,0.19820416509198088
0.33588541868815064,0.2027902432257483
0.36455338933735104,0.1995512928324366
0.3053707650778517,0.20563430305531888
0.2763240705618887,0.22180609434072981
0.29351973409695414,0.215674134188797
0.2842334587974122,0.22090965431599754
0.3690536916049895,0.197841536487677
0.3035902040902164,0.21022527405850558
0.32076690693069576,0.20423402957096617
0.33110358042514776,0.2030499636006569
0.32963045588098416,0.20316574698980386
0.304497910800055,0.20900225225623506
0.3263218698795606,0.20352962002850508
0.294704437221647,0.21279950080726343
0.2920242943180119,0.21570046666360793
0.3189568270172367,0.20439432749803912
0.34092580316705745,0.20255525974872576
0.34226849596124415,0.20246964085142072
0.3156672026538587,0.20070506599475427
0.31784960469604334,0.19684023016599064
0.31023797882490717,0.20286123226591696
0.2902939038626969,0.21627131519002055
0.29427355477485256,0.2093755046639664
0.2942751702083233,0.2074744504780604
0.3817174688804209,0.19626721344066006
0.29701505164490044,0.20729656783506079
0.3150815367565305,0.2025250235555388
0.3025309994108416,0.2029386913799892
0.3016123634014567,0.20666596259275455
0.2934363440429889,0.20968693555463772
0.3966032960563124,0.19623864968549892
0.29039606733755324,0.21567181711921127
0.29113408402109703,0.21160075246116256
0.31278638914502666,0.20356062191461688
0.30101305007558565,0.20660935412272916
0.3335135242741303,0.19777301336322048
0.3261389872962561,0.19964605894168455
0.3518652379163405,0.19724143796077365
0.2994042723458479,0.2143091890297061
0.3538531710458891,0.197166413828825
0.30842995229225684,0.20427620845528557
0.31612096945933643,0.202216846040347
0.30102883484723425,0.20510371411405062
