0.122683997449389,0.39954306885128676
0.13117759874263307,0.3855732090273605
0.12569613309846042,0.39031160139272575
0.12100113513111313,0.40049406614634375
0.10868614778252626,0.39388293442113326
0.10990296044629291,0.39678944434666363
0.11050678086070559,0.4061445782015402
0.11846702685635625,0.4042066302994931
0.10582226090694506,0.40882061363655214
0.13021866164295623,0.40623387971433733
0.1171078814471583,0.42669812605313695
0.10685473968291816,0.43195980347982366
0.13411125099276575,0.39999933043632996
0.1267251378530386,0.40079894973693986
0.11492408417316309,0.41763301345817117
0.11398962691287531,0.40159483508667826
0.10040943044568743,0.4090662313482886
0.12036530789355124,0.4025698625399296
0.10278094862300505,0.41386839079923726
0.1292525218890773,0.4051219673831179
0.11097203894699166,0.40310065469670586
0.1262148552508071,0.4029913930602611
0.13387280097336085,0.3969393238942852
0.13553825514620588,0.3773294009339872
0.137727460960149,0.38381422132699256
0.12339127940354062,0.40145892320467025
0.12837691164738693,0.3995025141132886
0.128188985914519,0.3992369130210718
0.13659440488076308,0.3953613797459556
0.12081971009532284,0.4059735369253621
