Cost,ResponseTime
1075.1093792889228,16580.34620347665
991.5621570126913,15991.603638189941
1050.2682976572207,16852.583184972027
984.7896712426917,16371.90246112954
987.4758996481272,16186.265453622847
1072.3408450795212,16447.68344666131
998.4506294035081,16157.036142853618
1086.6415170131702,16709.496368586133
1066.1374220912373,15778.027787569414
998.4298453355252,16542.83579864292
1071.9696195944557,17067.787973377246
1161.276167899995,16486.390449062168
1041.3338208515847,16479.105923214225
1014.1087126890545,16392.992413050808
1097.4510433977582,16049.290928663946
1033.4763524300572,16864.396311425036
1100.082047995432,16045.874281389619
1012.5918454438244,16230.398715466485
1037.3789359863574,16566.227080913148
1044.9285375445288,16539.334220281315
1125.3417772284022,16666.51355725128
1060.85269790363,16044.141045850367
1063.7130195700122,16096.677935010992
951.9803328353802,16215.305601248421
1010.8224191491917,16399.30585881457
1067.2621938211512,16305.19726294787
1020.8059507393131,16449.848565251123
1035.4471978956672,16366.023707527798
1094.5948408071988,16534.89096354709
1052.9097829498503,16834.628133435577
