Cost,ResponseTime
2379.7715712018944,30256.726615236286
2334.2556262861476,30634.05413092775
2301.525055274896,30325.924845946603
2444.111313700112,30116.468394643933
2436.4425659735643,31226.399917740637
2281.0485882367384,30608.21244169996
2220.1143468402934,30586.069482949493
2375.003968822187,30163.668487630388
2310.379536754483,30900.548245394093
2339.60007000463,29984.502679508325
2197.625556809554,30649.37642914763
2439.662256739541,30419.578632648456
2406.967694827556,31010.46959132803
2348.5705216086385,31170.07081049383
2373.842049652256,30268.460003503787
2492.893896473632,30607.126864435475
2406.8886430569246,30106.006508871822
2515.395198992203,31294.740985494627
2206.02670786687,30833.3194864508
2400.0598971166232,31306.58278113491
2358.7968889773515,30769.263187036606
2462.7962696046343,30814.428232483246
2326.1073341790243,30240.366901154157
2352.1209994412975,30802.560563681625
2399.1265839818175,30790.84517896749
2372.5113839557657,30436.20735590658
2442.0335226727,30188.98804776225
2450.994687161195,31278.81667749746
2206.682234894599,30897.451381977935
2351.366147511778,31162.43054903302
