4.164471834
3.994475469
3.9580116100000002
4.1188769590000005
3.958128641
3.974924703
4.0253420360000005
4.207466851
4.108497082
4.043272509
3.9663444730000004
3.9725001300000002
4.193119908
4.123750244
4.218803713000001
4.2213661270000005
4.031801926
3.958577421
3.9744698560000002
3.9793096140000004
4.002392298
3.9567981930000005
4.014841245
3.998214555
3.9132429400000004
3.970442674
3.9577136910000004
4.009008392
3.9568798720000005
3.9259137820000003
13.625301230000002
13.394374879
14.064894104
3.865100576
3.7521987880000003
3.7646806890000004
7.746018246
7.462928758
7.796018943000001
4.0765945850000005
4.097909919
3.9309069520000004
4.25141438
3.86117947
3.8062170220000002
4.27668555
4.117622137000001
3.973824909
3.9718775390000003
4.155488532000001
4.0080874490000005
4.111995156
3.9967621770000004
4.223459546
4.120570129
4.287962283000001
4.116673055000001
4.176110955
4.071257587
4.034489262
3.9769649940000003
