2.267144901
2.171466755
2.088213751
2.07978826
2.11466779
2.101154824
2.071418874
2.121522059
2.100915049
2.1113131860000003
2.096848753
2.08774922
2.109223623
2.090429163
2.088770625
2.110158705
2.107810271
2.086853822
2.099142885
2.1081180610000003
2.1140431410000002
2.100428511
2.095042561
2.082016444
2.094724273
2.092146372
2.097209566
2.09331424
2.095745844
2.163034352
2.283658145
2.187302524
2.279284122
2.13334026
2.099762849
2.0805932460000003
2.258701101
2.070435777
2.025550853
2.0308167800000003
2.278085416
2.095588947
2.0936653460000003
2.162083472
2.276978993
2.08768819
2.12000206
2.104506106
2.097977244
2.094773408
2.099746971
2.1149607980000003
2.0805813360000003
2.115761375
2.1035373390000003
2.098453409
2.260707935
2.0879895210000003
2.290414845
2.0956539370000002
2.118859204
2.4412098230000003
2.2368423710000003
2.387284906
2.159180069
2.172997859
2.291927417
2.0975650420000003
2.1102492930000003
1.986353309
1.996812601
2.095261636
1.9144987720000002
1.966833097
1.9093167610000001
1.9746498060000002
2.074205462
2.0090255210000003
2.07142405
2.043128616
2.025863443
2.043840763
2.0374191070000003
1.9894246160000002
1.9906532250000002
1.9383455170000001
2.090095625
2.081095952
2.0467500260000002
2.064489592
2.073544033
2.086681338
2.112108468
2.007069968
1.998181385
2.0515821180000002
19.584361609000002
0.464476113
0.444267193
0.384347294
0.36021057300000003
0.36069939500000003
0.456839981
0.453060803
0.372917812
0.35232027600000004
0.37906850400000003
0.5604298600000001
0.540926423
0.51834015
0.5023342390000001
0.5353215010000001
0.490568418
0.5115625580000001
0.515121273
0.540736799
0.5099542770000001
0.554951321
0.5869919060000001
0.565551252
0.541534438
0.49557366
1.013377953
0.9572534450000001
0.921645763
0.9415959020000001
0.965475084
0.881150274
0.958872464
0.9012138940000001
0.9506092060000001
0.9178587800000001
0.899229362
0.9412106880000001
0.9371134170000001
0.921734751
0.9487601130000001
0.908870744
0.925413106
0.9378917400000001
0.951715967
0.9124716450000001
0.919959984
0.8981458370000001
0.9031259030000001
0.923377993
0.9861136600000001
1.3232637070000002
1.192560587
1.128620117
1.10410958
1.0833168050000002
1.106249247
1.0937685480000001
1.1076499050000002
1.120195893
1.1251607670000001
0.693586675
0.6008969230000001
0.6027509990000001
0.6796045340000001
0.627851111
0.593634336
0.560320645
0.578491225
0.576355418
0.562248963
0.5820959130000001
0.571437686
0.577076648
0.557138857
0.566167251
0.562554827
0.580718264
0.529939888
0.49902434
0.936014699
0.9987127790000001
0.9419412650000001
0.953399945
0.935815786
0.942265674
0.9349631650000001
0.936174904
1.15881096
1.088759875
1.038994591
4.311889646
2.186983161
2.139359165
2.147782936
1.7815177430000002
1.527335745
1.491541615
1.5125259770000001
1.533591922
1.519200396
1.575846977
1.4956172620000001
1.589209555
1.5369437510000001
1.513112354
1.493780063
1.4717783640000002
1.572458471
1.4852032030000002
3.8322487260000004
3.818689651
1.2628340470000001
1.207898828
1.3047270990000002
0.941460861
0.8941795880000001
0.912909571
0.871717484
0.866950643
