1.580889444
1.5241498770000002
1.499142374
1.4271911320000001
1.4608964240000002
1.476980849
1.460640599
1.457677139
1.45691191
1.471365655
1.453603341
1.4598349670000001
1.400674408
1.481134481
1.458866012
1.4686377400000001
1.4534526840000002
1.4227738380000001
1.458723435
1.420554047
1.4415511140000001
1.458802744
1.414935277
1.4387074720000002
1.457549339
1.4473618380000002
1.44587628
1.471457943
1.487525849
1.476209039
1.5603706430000002
1.465333511
1.447093025
1.4881193620000002
1.459895595
1.499832802
1.4614997
1.440212437
1.487958087
1.4505510730000002
1.4356646510000002
1.4018378930000002
1.449066831
1.449149558
1.459442388
1.4324334440000002
1.481571489
1.4974288310000001
1.474313192
1.421974383
1.4549457780000001
1.472596008
1.4493604210000002
1.4505104800000002
1.4909762880000001
1.45736236
1.488994294
1.412335474
1.443228873
1.4849198570000002
2.139888872
2.079686704
2.063250552
2.1371770270000003
2.030168842
2.0518818640000003
2.0557618360000003
2.083461686
2.028812947
2.0563362510000003
1.982285842
2.042199267
2.098620539
2.043993515
2.0167129310000003
2.0787272910000003
2.036094109
2.088878493
2.135810663
2.055341759
2.060132699
2.0578576010000003
2.031466823
2.0739354260000002
2.1191411650000003
2.041098959
2.132111516
2.0697212190000003
2.074959322
2.021630677
2.105525928
2.04806576
2.042812283
2.028065123
2.063800852
2.022381794
2.0525194030000002
2.01600941
2.041579058
2.036132959
2.061275435
2.0473125690000002
2.094398464
2.062787219
2.0082119720000002
1.9885176340000001
2.091156561
2.022218831
2.075577102
2.0428679400000003
2.0041210400000002
2.0756826150000003
2.005734127
2.067003402
2.0856962560000003
2.0436031150000002
2.0638729600000003
2.0314937470000003
2.0512242510000003
1.9811377440000002
4.344474821
4.427652295000001
4.278265613
4.121747041
4.1523125830000005
4.223296065
4.14318223
4.303717987000001
4.198146394
4.251024950000001
4.225193327
4.187950358
4.180064348
4.172037003000001
4.2390252
4.229053228000001
4.150242422
4.184412039000001
4.1516578200000005
4.216557215
4.284183143
4.126422657
4.119894732000001
4.191472119
4.180797639000001
4.220135742
4.127580226
4.148293388
4.302306987000001
4.2471165840000005
12.365074672
12.163700977000001
12.531964557
12.183895527
12.197630229000001
12.215649745
12.339401006000001
12.376654048
12.868286179
12.300785354
12.798956377000001
12.25624383
12.284763434
12.217918357
12.320354977000001
12.514385301
12.212579359000001
12.047253476000002
12.40069281
12.628157942000001
12.463126781000001
12.400904061
12.322770948
12.501794929
12.368929539000002
12.345405248
12.415375283000001
12.414501925000001
12.589655297
12.448828352000001
31.201566134000004
31.131331203000002
31.031299575000002
31.485462114
31.898006433000003
32.603097055
32.937207865000005
33.113884199000005
33.293284279000005
33.746070735
32.862221021
31.794877500000002
33.151629898
33.203375406
32.176722883000004
31.962422975000003
32.951946122
31.942049713000003
31.879857104000003
31.796910420000003
32.314080164
32.011124371
31.687485477000003
31.669871358
32.389906197
31.305214543
32.531035422
32.130337217000005
32.293677636000005
104.100293417
104.40794891
104.220783295
104.089641372
108.241804574
106.253715647
105.528303174
106.387681708
109.10205617400001
106.194386808
176.964305571
177.70064925900002
176.76905840700002
178.25822230400001
182.07284700900001
175.82157121
178.142990915
178.00279294900002
180.99206751900002
178.52403298200002
179.39209953300002
