0.29152268116490154,0.3268383556962741
0.37931579983476477,0.2985445484633668
0.3271594044706893,0.30350020274846573
0.3602493277840816,0.3034882204171601
0.3187264304450858,0.3120005052645398
0.3142570331144234,0.3194691213411675
0.30255026783485384,0.3240643099252009
0.3070404846113524,0.32158425943527974
0.30595450448845785,0.3236327888014687
0.2865624304899105,0.3468543580448705
0.3630673554068879,0.3015748990779772
0.30225267866529765,0.317648215346815
0.28678439783931414,0.3434762638816746
0.2930030729341417,0.32858031136561056
0.28990432334177796,0.329388140326224
0.3148361989348568,0.3169813835547359
0.3442843934611721,0.3096153504166869
0.32637093418609475,0.31454109854034906
0.35970014090321817,0.30512185497604544
0.3566444350194521,0.30860271069115036
0.33640450150156104,0.3097879876637317
0.3305548577517028,0.31192254314034124
0.35698947620070776,0.30833109150326504
0.32833240684723086,0.3145310111477046
0.334792540845957,0.310921284458896
0.33225885506273334,0.31138403185723684
0.3572297485261688,0.3004191421726943
0.2883692659857837,0.3468447249326587
0.29983911102723465,0.3294780905490391
0.3160025083783573,0.31860230092341973
0.3003026643345717,0.324121765837537
0.3496348044228,0.30749921266195734
0.3450767192327849,0.3122693994444179
0.33083161497457325,0.31404929566510764
0.3326121613586992,0.31352948434176087
0.4134257219855552,0.30244165520015015
0.2788962802549986,0.3592072100262875
0.2860703321618444,0.34028215955952384
0.33186712295470416,0.31061421656670724
0.36072358442077695,0.30752987141497407
0.3050451017391575,0.32421282082312125
0.3804858864137196,0.3043065527353337
0.2994785894790242,0.33704240519605827
0.32100054298489655,0.3198748400308573
0.39397787900097103,0.303536701107182
0.32898781552122724,0.31809292016354
0.36979881242070606,0.3071207494598018
0.3031788422130679,0.32999199606534607
0.4064341778802558,0.30321038778240816
0.30153527445024964,0.3335405076841439
0.32457222846923917,0.31939661335436786
0.3650364939462023,0.3040708057890372
0.27312809371409946,0.34894495291152167
0.2786842418748298,0.33485002232872196
0.28137841491006993,0.3265610598309874
0.36196764619130783,0.30514586883774186
0.32332745874676955,0.30810029392945426
0.29725088709322206,0.3147975005222999
0.3413235698269835,0.30719258869548105
0.31362682585854973,0.314587358942808
0.28543616814488654,0.32312766516903213
0.29390243146164363,0.31762998827899264
0.3411745100309464,0.30738766374431303
0.29356489757152143,0.3227510808520306
0.31690337841221444,0.30995767826278614
0.3150045795030887,0.31359392226375093
0.3829912090729661,0.2989598205157552
0.28108666716238995,0.3449474758466774
0.28364259168713696,0.32958105968844653
0.3527189535339898,0.3011868157767843
0.3158416320439391,0.30772862907252824
0.29830160231984243,0.32332168077448814
0.37968593889114094,0.2993101079661976
0.3377947032430685,0.307150060645607
0.33863673086269397,0.30479032866039213
0.3040314772933085,0.31306049281732573
0.29920639038662433,0.31643853154260143
0.3013355293908037,0.3134792158359626
0.27792200851079935,0.3337376895933569
0.3452228613959968,0.30516845562935374
0.2882332239716343,0.3231086656769067
0.328594471534247,0.3068697043539025
0.3159288349435835,0.3102976190197527
0.2919629875615299,0.31710706123066845
0.3116612193403486,0.3149357631940413
0.30298885009184573,0.3154656997934637
0.2853712948905153,0.3374647930502587
0.38745161264620026,0.3015918826339439
0.30167869134994896,0.3206851739916234
0.35875522897490636,0.3036635294217471
0.335143977371961,0.30522245071986437
0.30910932107419226,0.31528299078158345
0.2968644803012907,0.32576656933551584
0.29424610332087386,0.3323496542565171
0.2960413081324632,0.32851153671206046
0.36985414657924204,0.303557831844313
0.31343849863447704,0.3124901319890814
0.3304285448386731,0.30848165836050834
0.33017048912270863,0.31011205919229623
0.3812905280927806,0.3027994781042981
0.32286558795528647,0.31093966963146447
0.3321889327700973,0.3055400498265752
0.31903871830748665,0.3111957793536088
0.3754067762516052,0.30353867832118864
0.29446765077636344,0.33189614852969923
0.31273337284486435,0.31466994716639596
0.38516153401690867,0.30193436763782905
0.37103281252107373,0.30076303773687074
0.29602322453685165,0.3235248726967773
0.33879887975992773,0.30691284693442655
0.3160914839487544,0.31881197009122414
0.3169773040429072,0.31046579971329563
0.3225290269814454,0.30997908863927826
0.35403513707001183,0.30392146283272525
0.30827367971674074,0.3228921495885306
0.3098206056834027,0.3210399255635775
0.3547523064693757,0.3029996763455487
0.36937444419330523,0.3027793297906568
0.370546347120066,0.3025327739910215
0.40407154969434006,0.3009004070612203
0.294999611699316,0.3380600618509206
0.3244152365167349,0.31791574269122297
0.3900987903517228,0.3042493915152532
0.36174784430679263,0.3044627595917349
0.3376394422723742,0.3131802945172627
0.30596379080281194,0.33407327117370167
0.31550594878875454,0.32494500385557784
0.30955191008899047,0.33099225582691955
0.35492113848548373,0.3064117323984871
0.3127939980655802,0.32537697676738064
0.3483607584700881,0.3125965960175013
0.3543485936142845,0.3104305091076518
0.3522589478065804,0.3116705008980217
0.2958830201513067,0.3503064833682038
0.3750633902814325,0.3006445270328241
0.35520597664202447,0.30384845121558607
0.3460041199108062,0.30971432559746226
0.3321787500510222,0.314996653981676
0.3133237033000696,0.3237051579623805
0.30808061788145996,0.3319037111014237
0.29721220791689823,0.34477333406174737
0.30065106108109957,0.33948500527359515
0.32396067294305647,0.3192265176457082
0.3172852140409728,0.32145250796272457
0.30475407113903236,0.3358124304865812
0.33005995053100295,0.31728960158800285
0.3058035411887961,0.3343936378514035
0.3305686562316688,0.31710942993386554
0.3712702177528281,0.3056687987085395
0.28661278894126774,0.3327377600604789
0.34038126951834363,0.30693985586462275
0.3238194013927053,0.31350594661971853
0.3224213839088913,0.3210221098311317
0.2913868949492697,0.32866618824377575
0.304631851335618,0.326409104315412
0.312118813539752,0.3239668545658616
0.33753418940879804,0.3121957496421422
0.29872014471001196,0.32765290681709924
0.33958497946411587,0.3101576772039231
0.31457004547749234,0.32202109609670676
0.3185747155827657,0.3217813370297325
0.33761511933397964,0.3109255592192872
0.39587311117155766,0.30454526645894053
0.27331133655384615,0.3366372239489041
0.2834439072850094,0.3239874302183143
0.37122832307099785,0.30498040897102197
0.29278447934590274,0.31768192316665084
0.28302025665852837,0.3334891407023007
0.3392150522973014,0.30515546834710794
0.30683277590529096,0.31474242886098813
0.32553117213447547,0.30803274341635833
0.33248412182948106,0.3058133902639184
0.3230648830338619,0.3116486851641834
0.2827236068762289,0.3353830776278021
0.315515694353217,0.3143163786612194
0.3159395007663404,0.3138393107100897
0.31832247087221094,0.3128839974701464
0.31966893265249535,0.31248126355592076
0.3192114736375681,0.31254526992807957
0.38779623304291844,0.300697561966616
0.2821195631197131,0.35774333671077124
0.29232211278992987,0.34761603253235246
0.31121446721172263,0.3215497844040445
0.29682482009643557,0.34295982291438665
0.33493374049218544,0.31390052092699533
0.3283532227645396,0.32131004721268297
0.2990483935038423,0.33466575450812996
0.36482857813694985,0.30652086883713403
0.34635551201335674,0.31058099277522644
0.37812379302585125,0.30596768290349385
0.3297595032504545,0.31723260431761496
0.3058518311303891,0.3270246238701854
0.35571718876120834,0.30781092234716245
0.3027446241558492,0.3320740195113004
0.34908438036323,0.3081121245745478
0.3041980767872489,0.32830063976018636
0.38217369704002374,0.3033909543367907
0.3833042354500428,0.30259483400065645
0.2866080678511886,0.34935230685921637
0.3843748541968813,0.30213202358652275
0.3435807111677342,0.31047367896873035
0.36115927934109826,0.3102509470749738
0.2871496724355991,0.3467453470286709
0.2897253458010773,0.33900977424837503
0.30665741133259583,0.32764510852378265
0.378338422023083,0.3077564264192069
0.3180594284225812,0.3197136259777237
0.31406031009720137,0.3260937218319052
0.3032201921523088,0.3317470790340713
0.3653313734789152,0.30810107305627493
0.31451737673736246,0.3223913560150791
0.3371243556260626,0.313811950839963
0.3286192224096024,0.31966502425058535
0.30063177538196323,0.3335959531325535
0.3741915022056696,0.3077859221864915
0.3341906308442137,0.3177056349358401
0.2934039098955459,0.338335299310051
0.336264064024294,0.31523776226441674
0.2954559393550559,0.33477072195116603
0.3315715031590754,0.3189072716201043
0.2943509209721622,0.33547181399381504
0.41130860293492905,0.3004740564439281
0.29052157811778756,0.3537205574928724
0.31117720374824226,0.30940266283566964
0.30272451421392266,0.3239552500460514
0.37895668735497584,0.30168338743880135
0.2941458949107624,0.3431938863384976
0.3295000385423241,0.30895360941857664
0.36266024370660266,0.30314169150313436
0.3919784678636228,0.30155966848850535
0.30001300212373916,0.3287175673108754
0.33695577750380623,0.30763732728810556
0.4047035625990947,0.30063864766880166
0.2956450760830545,0.3344694829983029
0.2948930094897477,0.3412437725846764
0.34777536846066515,0.30664769201083664
0.2984410176911585,0.3333853865454788
0.35700091579141496,0.30449867670590636
0.35336614718268844,0.306200934860796
0.38787907689893486,0.30668233515830284
0.2912616553730773,0.33924523816102137
0.3813257924513217,0.31272708803705973
0.357746847331241,0.31360649840521
0.3358166773727958,0.314211927239358
0.32798544259458257,0.32032602964618384
0.3078363504965017,0.335146210380453
0.32231451124741134,0.3254845643551442
0.3217545592777291,0.3293409421347061
0.3154875900007201,0.3299645144055549
0.3107611847196634,0.33230082455193627
0.3093845826516933,0.3341204762106803
0.3857151788780911,0.3028275366345197
0.27585905618664497,0.34441518202341176
0.28787123588820107,0.33084464361381133
0.35366552203354185,0.30336886003436625
0.30248965147720763,0.3227035220340899
0.34243936133991054,0.30804201438536394
0.33255171182656784,0.3102431736792342
0.32260906231550235,0.31312133809807785
0.3280594879370304,0.3121940498823238
0.3198520270665335,0.31656548081389246
0.3160861369003839,0.319763190510665
0.3194069851120166,0.31759113535768735
0.30861765332077984,0.32239711929605436
0.3116861158473927,0.3203729245832208
0.30954790393147785,0.32202653975349954
0.31251779567898996,0.3198606229589946
0.2993512164694377,0.35417090877033897
0.3963247427814703,0.30192695440465006
0.2995713967180148,0.33385531146382835
0.365550907815985,0.3060831146480717
0.38519666079981535,0.30567605392159136
0.33043367601698603,0.3091152525786669
0.34940730515580415,0.30752967752624466
0.32295485330879964,0.3128437937593518
0.3536461606744514,0.30720273696391104
0.39069272856191717,0.3045852540390305
0.31486816672556744,0.32289447990476183
0.3216417868837286,0.3199821754298947
0.3227276869971419,0.31851656991455235
0.3276615275832282,0.3107668184581579
0.3065677376061352,0.33032184258156766
0.307434002508413,0.32702980592937847
0.30375752140549445,0.3325739261830706
0.3088013957356726,0.3249881973000416
0.30134523109008465,0.332809795952244
0.3110991689360464,0.32341875196995296
0.3108535964489959,0.3237146125135496
0.27029956188690546,0.35327251907226126
0.34841281187584955,0.3129103813486531
0.2730141633751141,0.3496291194166945
0.2795779926056838,0.33221790278893987
0.2928087528292373,0.3279355804689035
0.3383063451502202,0.3138863631757366
0.3260293797536267,0.3163873484854767
0.28207234010684024,0.330839181993289
0.3100745859108904,0.31961375075218323
0.30899027322050165,0.32336974010993286
0.30240873094169446,0.32630194125445355
0.3191495114982864,0.31918187391723557
0.306234771075822,0.3255188333865171
0.32121699683278615,0.31771513188012435
0.30246580201673456,0.3259282117463847
0.3211424973300899,0.3187697488253251
0.39923339694256493,0.30175143480490846
0.28682504050675633,0.34544218208623306
0.3479457713221888,0.30181963213234847
0.29277263013742605,0.3371804853843498
0.30556491433535876,0.3280913045034878
0.31140936440195044,0.3203196520342503
0.34638943862138977,0.3059767101501912
0.32240375018582357,0.3137169134764181
0.3162635508073457,0.3146171918055067
0.3381628321518141,0.31206805048813624
0.3399825597420922,0.3104300135057886
0.30788604652968526,0.32402098636575444
0.3058424752618671,0.3243236476673794
0.3399789164477337,0.310703780889634
0.278127170590667,0.35211116740757825
0.34293641453273704,0.30311015911600364
0.27927702762756096,0.3390314219245533
0.3341375527162609,0.3066657885142903
0.3161091914819775,0.31567460621474525
0.3051595988206881,0.31664387808348365
0.2878746173756957,0.328505151939682
0.32377147041382986,0.3124580763670527
0.2825202238756896,0.33386907459534665
0.3250136899997433,0.3080594029123524
0.29210785079754376,0.3252170535571903
0.30508795453675147,0.3224183195472448
0.28480909608386956,0.33216634740287004
0.3011711792387217,0.3234529507266557
0.29587433750959957,0.32447614966046634
0.32417597520008684,0.30933320961037414
0.39589486800482293,0.30144900396293767
0.27404314492036436,0.3450426708167562
0.2789923455583136,0.3311944939030621
0.3631903085117976,0.30189617311110967
0.3535794876876819,0.30380793450297766
0.2877345014175775,0.3234756970165732
0.2963962636863113,0.32061582883441975
0.33869612093975665,0.3064842040573671
0.28632043813967073,0.3286598955609716
0.335085809716232,0.3078774607313292
0.3199873528118364,0.3089663383123479
0.31177026148706566,0.31186379494496425
0.30721912635998183,0.31977791340052136
0.3186420934421335,0.30931109451691313
0.3625728510188894,0.30298308568966476
0.28043504527155994,0.3290988677268043
0.3110868644787652,0.3129921593642306
0.3101575310040216,0.31594606975709166
0.30967439549230175,0.31819831554676653
0.3366906248476446,0.3075395816430534
0.30958251418879,0.31927875952526774
0.30987917858901637,0.31601600745294084
0.3750311469519086,0.3050926910749191
0.28442661294574495,0.3404122922902989
0.2930065867523017,0.32129593503622467
0.29145200462410537,0.3359321984421235
0.3135498482223018,0.31857254294981113
0.36261910190145236,0.30746608052017127
0.3471530051281355,0.3102606731975353
0.3320245380997288,0.3126568551975908
0.32611526989050504,0.3179970516008317
0.3527332876085594,0.30942219310555313
0.33065162803602016,0.31478480255501934
0.2657747090530481,0.3687876036349054
0.3970432332224812,0.3035368436830188
0.2868451083416769,0.3625998344933688
0.2928609735853408,0.3357409367846769
0.2917024859562887,0.3471433731941528
0.3281164619203555,0.3123523372270468
0.3005053811371539,0.32528739394204415
0.29920049852477704,0.32991151619944403
0.29090082390288213,0.3556040682385171
0.33802713865253337,0.31091487891985936
0.32381076362530725,0.31650103174125904
0.38530823963113664,0.3051191045849565
0.31293049889013447,0.3224367625259542
0.36073819419931163,0.3067038491268896
0.2908426594913421,0.3579888455838046
0.3738354293602446,0.30623886793583716
0.3933241667711708,0.30408727445904193
0.351613500726754,0.30937694529643656
0.36009741632301917,0.3089099375182376
0.37536552285803043,0.3053053115624485
0.3176770772856723,0.31924409426812644
0.31821272777250725,0.3179390493611729
0.3459962592512206,0.3106013931285486
0.3133623917815714,0.32205573311007196
0.30001201519359816,0.3277069198791581
0.3470817557158279,0.309752793043042
0.2851801504828437,0.34401330859191864
0.3705903264348113,0.29958600065993973
0.30027493062595056,0.3223402217389858
0.2853087744432067,0.3308493058789618
0.313124820610743,0.31153678238989874
0.35622350174873174,0.3039104458202122
0.3266682779691127,0.30809540350233644
0.34212496953582267,0.3076821047212932
0.3243516119334857,0.3113933274451949
0.34787640015961346,0.30752374091701706
0.35420829389624503,0.3053712238443891
0.27221502464504865,0.3433125567953118
0.3697568747061872,0.3056960097473352
0.3242249692192316,0.31416801682538864
0.33806036820180996,0.3114674151994619
0.27732389353899195,0.33946948608913985
0.342598184880867,0.3073888036797596
0.29776949503598515,0.31994118285326906
0.36011119489877136,0.30691267580556025
0.2802605914063493,0.3332596531813392
0.287849094565308,0.3298911930535877
0.2942959509536551,0.3245175984516278
0.31229253901469783,0.3177734709989431
0.3142037606090791,0.3167917491995892
0.28312433922659763,0.33063989372611313
0.29676236121353167,0.32407072425032646
0.31373823198536155,0.31714368138026133
0.2801514100653768,0.352475332420076
0.3884395656917636,0.3035505710717082
0.36831158222106697,0.30384677355463413
0.330615808841887,0.3061973409773594
0.28244886094963784,0.34933616977952076
0.28334786242777305,0.3368564048845202
0.309490315621758,0.3226202526554239
0.29233081742104317,0.32959946277607066
0.31492061823069,0.31019077491176866
0.32816532504325713,0.3095208117344032
0.2879435878230787,0.3350889320044937
0.3100887824362356,0.31698272257675586
0.3147452923867125,0.31549279093247456
0.2990823114312748,0.32451783975545906
0.29742929582791405,0.32715585821438936
0.28712229194018557,0.336853222985555
0.29902581280998647,0.32658347713075914
0.34816234545700664,0.30232976315979365
0.27234458020730395,0.34116228270381277
0.3310356119341686,0.30775679371582776
0.29483879665647683,0.3203285689248708
0.3460580834295328,0.30478006127669327
0.3129018356316411,0.31334110565647455
0.2864018729574682,0.33387775415946336
0.3270111582245317,0.31206705193646544
0.291735222036976,0.32648873243211124
0.2869826958386602,0.32900646454805155
0.3230004019136484,0.31292224418900827
0.3075124423769727,0.3202953170676449
0.28002994100568435,0.33636413037843327
0.3098470462203871,0.3190424132422569
0.27702834917707875,0.3389181290710086
0.2906121887343626,0.327383109146952
0.2796387475946866,0.33883512198128285
0.30894201028660845,0.31912185673424454
0.37757791201542346,0.307171490751035
0.2671458013901524,0.3563975610552312
0.27665431737437274,0.34546392106192425
0.35335671552334086,0.3126371950444355
0.33491037768444976,0.3139165538278411
0.36235042781415505,0.3106288504039275
0.29534343045896105,0.330034060630465
0.323022063529207,0.3182461607498786
0.31369079229125907,0.32106651501029404
0.29239405231353116,0.3342678513659058
0.37218974777913205,0.3081714438148973
0.3332520933257574,0.31794854049666343
0.28041826183005686,0.3420103845026709
0.30241788585520335,0.326244972307645
0.287646918435614,0.3376508717623536
0.31284578196235513,0.32480326106255486
0.28274026303824323,0.33889174460892507
0.30623301362763505,0.32567853244911543
