0.40621708714317967,0.1702531010035267
0.4345725944771001,0.16441807357979984
0.4273448995786047,0.1652011015362199
0.43224550488032093,0.1647824048494343
0.41667020234418156,0.1664692041845221
0.4229219381702724,0.16538773956346053
0.41974139927144216,0.1660159084780117
0.40889472190280657,0.1698250967560373
0.41663589734777523,0.16742498618366647
0.4220276553025676,0.16588354607014297
0.4091912427868669,0.1690570886213532
0.41356253251631164,0.16745099576797756
0.4121605884392887,0.16847708254204188
0.4067888321255312,0.1701982453909806
0.41236546412903496,0.16800898532108688
0.40997932219637884,0.16853645376228515
0.41322223744398934,0.1677625057437062
0.40962921407039143,0.16882523351908776
0.43882690194440843,0.16182531055196206
0.4060826142230367,0.16655134210444988
0.42771360725036117,0.16209571963282088
0.4242962461335985,0.1630360773824634
0.40874958275081114,0.1648484136270309
0.43362037465462133,0.16209281087158234
0.40803015052385627,0.16609069301362092
0.4178568588779208,0.16321768211521043
0.41554676697303744,0.16380144612088368
0.41080882700228366,0.16448636640756514
0.4203930582906649,0.16316834719071865
0.4140307637357448,0.16438346803321227
0.41531523919555197,0.16409604354630944
0.40692198639943467,0.16622875545083796
0.447848163686455,0.16250932930877296
0.40996394472363873,0.16735420677547103
0.4225742104931154,0.1642579580869809
0.41346333591078727,0.1664894756756667
0.4375041624808607,0.16309829040764767
0.4246222668841998,0.16344647138258409
0.42114109687516227,0.16522404259777995
0.44548434232967365,0.1629982656900384
0.418240740717628,0.1663317576056178
0.41832414689029407,0.1654777865360113
0.43013219615326403,0.1634425500606883
0.4338718298807707,0.16333023620326412
0.4478137002113181,0.16273908897508468
0.44430285601542957,0.16182180499837548
0.403399646284307,0.16758677229808633
0.40712310333783946,0.16650993677744974
0.4111182011971736,0.16542860427478917
0.4187268935668674,0.16322829003279676
0.43399538083372985,0.1619882384428331
0.42590017407159814,0.16321408843614815
0.41353409204796643,0.16455305312863805
0.41538279791222255,0.16372319697677284
0.41320086420513624,0.1652799521973538
0.4326414673142611,0.1625138673136994
0.4149343601640885,0.16397699472585497
0.42860613315431345,0.16258836382227582
0.42672903837184245,0.16271629301535673
0.43373711375023083,0.16210301612500222
0.45164221434897955,0.16247782487453236
0.40563825721752794,0.16908883060049337
0.4322421428022435,0.162927466076113
0.44325036383296024,0.16261377423410256
0.423950327067508,0.16343588174857987
0.4072944652923059,0.16764519116343046
0.4136932547175816,0.1649442683678284
0.41297816911187446,0.1662761948637392
0.42120201500661103,0.16402835007515798
0.41832855470005625,0.16422521846155583
0.41673163816057707,0.164922824591075
0.45078311589730696,0.16260296336899333
0.4099853025397134,0.16698023410088383
0.40764344879138587,0.16733583825897305
0.41092048043434903,0.16655664967160694
0.41291450604247604,0.16644941831822352
0.4371971190670973,0.16299370810460934
0.402115518037277,0.16925922828792248
0.4253497279577098,0.1638931862483757
0.40370796736979186,0.16815146083083782
0.4346718749950561,0.16355799086446762
0.4328317331648664,0.16386052887926922
0.41627411287711785,0.16537232925425532
0.40460206879964544,0.16728628742780932
0.41782109092188036,0.16499913554875642
0.4109477423270185,0.1664355809288692
0.40846512856124645,0.1669392333258984
0.4120267187226208,0.1662502849802837
0.4068800167203757,0.16693978832132786
0.4044922506042075,0.167850409414691
0.41339934678093715,0.1655601139239138
0.4121918864161922,0.16559145972645006
0.4219898068271195,0.16460295534484617
0.4207128738119556,0.16483409565775728
0.42482534200741734,0.16448219631464736
0.42528447322560997,0.16440519083171043
0.4329186555937116,0.16382353445006384
0.4213668322579329,0.16476167979807185
0.40854557464810065,0.16715279382918447
0.4431118391856996,0.1624971583356457
0.42657689195963083,0.16296067483933319
0.43613193915738896,0.16272685887060298
0.4251112861212413,0.16404970367837465
0.41105203712067157,0.1661827289750197
0.4090500207973191,0.16666750827553353
0.41653153481215033,0.1653864177225771
0.41338166746138477,0.16558559168895015
0.4126177566286641,0.16581957891305707
0.4209031012855063,0.164768461369107
0.4238522591330891,0.16447338437449716
0.4189078383555854,0.16493761722387693
0.4175289105668734,0.16509340801063843
0.4226295320889996,0.1645382175214967
0.42080511369471696,0.16299405240085235
0.39504656265347,0.16814435308703957
0.41505808605318656,0.16328240510277398
0.40504757002646646,0.164552054470885
0.41004104989619444,0.1641957004631216
0.3971439134833944,0.1670649222401085
0.4000201453510184,0.1665144940031149
0.40435293550432727,0.16524135167020848
0.4140212153213152,0.16382916616629908
0.41322159519048157,0.1641407872352781
0.3962709461326999,0.16756644405657836
0.40354948193104895,0.1658836355223973
0.39535394103864197,0.16773710136957973
0.40369788849175764,0.165513657964796
0.400659182775792,0.16646724967802384
0.4019113086321655,0.1661899069768906
0.40201649053353267,0.1660573243072054
0.4241094540695884,0.16399325241649135
0.3994154560872335,0.16824493093314952
0.4013558237412139,0.16655035154377323
0.40883134834223717,0.16549135710456017
0.4070527285596335,0.16623427340576669
0.4124456945285342,0.16513995106724408
0.41899104834312295,0.1640406687900575
0.41573603272184095,0.16505714558201803
0.40411856841130067,0.16637421461513507
0.4176304136235487,0.16448804784837065
0.41783637536566437,0.1644791765477479
0.4242475123877284,0.1634843932566068
0.3990883875727832,0.16937497541751984
0.39927031747724023,0.16831743051902212
0.4221679494404922,0.16359720005656833
0.41623060165709347,0.1640982440106924
0.41210669650422777,0.1646317930570896
0.40472316341708414,0.1669907513917328
0.40685642190908017,0.16646724301863794
0.4024926979848759,0.1675750791490149
0.411131402246676,0.16515476557390205
0.4078452138636551,0.16586272492342952
0.4159622477671352,0.16429013751388372
0.4106778488326505,0.16585447980278212
0.40324842184679344,0.167531990663667
0.40021406068235876,0.1715210141074146
0.4432767297833158,0.16452392155099616
0.4263238613567001,0.16474016122958984
0.44076064399159026,0.1646924572208014
0.40530315540439915,0.1682360959440346
0.4232052465320421,0.16524248708491363
0.4072202733029692,0.16736882744507284
0.41342511508507035,0.16693244030216023
0.4018254578975268,0.17028521431355184
0.4004141954886979,0.17075304047127063
0.40801520906613775,0.1670135986228322
0.4214832221488226,0.16564421970548582
0.40185983016312404,0.16946913022248872
0.4031733920183809,0.16859148935121848
0.40259246514498614,0.16910002438772406
0.41921079188547744,0.165921691321215
0.41561328958804855,0.1666397540046184
0.4183159494338014,0.16608303040957484
0.41713405697335226,0.16638766944125058
0.41595831980577913,0.16641452943583174
0.4054918931700834,0.16675122050549482
0.43706745728356305,0.16363384451999272
0.4127990718851295,0.1649504414583502
0.41082238093640655,0.16599859810439263
0.422245289476476,0.16394844339266013
0.4198585309831827,0.16470769461501902
0.4318478204563801,0.1638755780360766
0.42134189088843227,0.16416706157518532
0.4336819574697879,0.16386707658160013
0.41496238613697023,0.16481517646414043
0.4166715244598277,0.1647340460346827
0.40923764165009724,0.1663940562267993
0.40969767400860446,0.16612168312025316
0.4073663063684072,0.16667093374720515
0.40859120315070324,0.16658363616316157
0.43186966038240177,0.163870655928151
0.43940235198517047,0.16347038203422562
0.4080157082310406,0.16849571488804296
0.42983233493236367,0.16409177415171902
0.4175684324602249,0.1661921595545614
0.4295265336912176,0.16482234271820473
0.4257854380197351,0.16496776649189884
0.4143134117535907,0.16693762594361813
0.4130591546013454,0.16791236746370447
0.41235762484493615,0.16816996698313863
0.4137490963170832,0.16700710923072865
0.42422634149649296,0.16548586392896814
0.408330239833968,0.16843135726211741
0.4227342379277649,0.1659225033163392
0.4198579395525697,0.16603087272850997
0.42397393702822117,0.16581919387116428
0.4192140753307536,0.16605033476424153
0.40325293510716465,0.1671734684183602
0.4410226033898003,0.16382406228582905
0.42046050455139233,0.16481567622409135
0.4095265519780651,0.1664252083854406
0.4091503247491529,0.16709050148973684
0.4177013668051374,0.16562439117661837
0.4400569326191259,0.16395906655415743
0.43043434093712163,0.16402370014431095
0.4262814146081583,0.16449901070629944
0.415316129775685,0.16629887116134193
0.4294634114473214,0.16413481117583018
0.42486313391421926,0.16481265585825383
0.416644125483226,0.16603451968070848
0.41693886379444267,0.16580561782261238
0.3980533977727184,0.17190771885516162
0.44519169361720917,0.16415864400636673
0.4300919994631329,0.1647395666913308
0.44059537362816026,0.16459761125335187
0.41539312044923377,0.165661521834732
0.4214588669643517,0.16486195125899925
0.3997176816122702,0.17025279817548014
0.42057413419662965,0.16543410968574263
0.3994722600524237,0.17152966913026788
0.4112972203885745,0.16622670778015847
0.40387370040855824,0.16854513498328724
0.4098414332409755,0.16702840692853185
0.40032598452003587,0.16969834750656373
0.4071334352361209,0.1671383255622383
0.40396681729505585,0.1679016453031588
0.4030963992601647,0.16915981601281327
0.411233521562456,0.16643482768642429
0.4018042117158069,0.16925875475607727
0.40524372326716124,0.16748119148652255
0.4052419331181335,0.16770237105324165
0.3982002147197166,0.17172688696240773
0.4019400845431422,0.1701690641446748
0.4323301439117509,0.16415667524865465
0.42671089241933535,0.16477542031996797
0.42099682269236627,0.16506407891881122
0.40613356057405975,0.16791774574887605
0.4084206294870698,0.16734716375025385
0.430642562233576,0.16476604490383173
0.411687366419416,0.16681605147429257
0.4187175962755491,0.16525435238930325
0.40288805435937775,0.16941180129233557
0.4085305008577932,0.16694156420577022
0.4143912729732475,0.16673711929764884
0.4031772194710212,0.16862741800343817
0.417904761766543,0.16592884850290837
0.4020537412003615,0.16961932118198614
0.43206405374580625,0.16445308839836553
0.40610301134089233,0.1683845654402141
0.41595756157051667,0.16654885746616604
0.41599380223649524,0.16624408679096
0.4168508690364711,0.16594169754237645
0.42088817810345286,0.16519006646962336
0.4046598993183144,0.16848229206183854
0.4040362312344692,0.16853405596310259
0.4321302813220841,0.16298325748303952
0.40195166770247437,0.1682094770400064
0.4061110332406331,0.1665896097266846
0.41316192510061184,0.16541031748603646
0.42200273278427886,0.16438604869496423
0.4114215734093091,0.1662102164053689
0.41121643727045526,0.16651435959892316
0.4207041259997188,0.1649198651239641
0.4307427441415077,0.16334010972793392
0.42506034650486785,0.16404781087502393
0.4165527670191877,0.1653677197247499
0.43035092652059886,0.16373436454336568
0.4189929983990607,0.16503441144583555
0.417861939174414,0.1652795688840006
0.42553624305654303,0.16394537977006712
0.4269177953652156,0.1638295930434604
0.4279614263235245,0.16374570649778988
0.42751564766184996,0.1637620157616017
0.44106196672860754,0.16142269729759592
0.4072831685199908,0.1680857240661646
0.42092751787588967,0.16293553862307097
0.4123781212932304,0.16579681679644165
0.4272200458606722,0.16259097887702856
0.4321992494770963,0.1619104997086975
0.4276894549608207,0.16221895015435275
0.4132387657253927,0.1646672474304736
0.4149186983775091,0.163940744026088
0.4354137106084467,0.16180952195306933
0.40781937959837533,0.16740688117063746
0.4183385560921202,0.16374850627641438
0.43811168982640075,0.16173014333946395
0.41147425432924317,0.16648750368628837
0.42009185986270875,0.16357483733356942
0.4093921735984938,0.16717673056486426
0.4401887618193757,0.16153303404255046
0.40973678230141825,0.16685970001827463
0.4133537926394795,0.16423392624528735
0.411435308953091,0.16672041676949442
0.4199677441288203,0.1636745216608773
0.41332227253502624,0.1644146756434271
0.4005367938002875,0.17015623829719786
0.44493422332952104,0.16379635344608678
0.40325551768323087,0.168796929294238
0.41366507972315303,0.1660769620368842
0.43641781244438854,0.16457706484946436
0.41141453967176445,0.16703008851097842
0.4080264454900882,0.16726629745936503
0.44258619033716085,0.1639530208091078
0.4218340297240311,0.16599168569058037
0.406535060577636,0.16803097685195903
0.40626350289714597,0.1684343713341993
0.43174380889684205,0.1646209533063596
0.4272542141857882,0.16511237387198632
0.4304597780310056,0.16486868699098728
0.4266635824973209,0.1656046207530113
0.4235357083223392,0.16597849832993622
0.4289553371461787,0.1650701420865946
0.4254370798102827,0.1657858300169467
0.4431847486766931,0.16395273891821577
0.42631450171128266,0.1657556773445876
0.4323804567475003,0.1635744607139052
0.40296744897251663,0.16990878952272312
0.42578255561178785,0.16439866603883502
0.4200749134231501,0.16453481698445221
0.42963675514161725,0.16360987539869318
0.4033994077485764,0.1684886251204532
0.4183493698468981,0.16575401217288305
0.4148477249023163,0.165786370068015
0.40674989989372945,0.1675317956851446
0.41388456746563457,0.1663827011448616
0.40496066131774217,0.16812185544445715
0.4084152639339058,0.16693578088399053
0.41035638035823374,0.1668831952769667
0.4176062495744303,0.16576936484221622
0.4045661349783548,0.1682433063244123
0.41219355845422384,0.1664515223826355
0.40809355231176697,0.1673995016907495
0.41105629287829315,0.16665314335240852
0.41108851161188836,0.16648102940034176
0.4079387059320582,0.1674189779223472
0.4302160317094828,0.16329096777109556
0.4059644548329786,0.16893975070192316
0.414431386164897,0.16498521657459245
0.42020347970639815,0.1642959656529177
0.42786206075621486,0.16419137921579738
0.4241700149901981,0.1642405592634011
0.40710798909790985,0.16779562105546253
0.4297701133487389,0.1636221829022061
0.41393244035160753,0.16591707750620865
0.4080822562348567,0.16730789948159022
0.4098096843389318,0.16672299513097097
0.40926203892672536,0.16689165192826366
0.4113556004256133,0.16637002991449473
0.4119461686054854,0.16631479661799717
0.4134646679573835,0.16598973843292888
0.40754297386014837,0.16753558557007683
0.4074439394814788,0.16779015452052598
0.4341288230388653,0.16492445511110476
0.3990662286290213,0.16959531630743732
0.4038091326211307,0.16793850331233445
0.42820602261635393,0.16507800794988187
0.40040795937889534,0.16870048835533277
0.4037600480315839,0.1685222315765711
0.409101487645729,0.167719008674425
0.3991304628836152,0.1692613339566677
0.41521761029010984,0.1663780960410469
0.4102553939442383,0.16714562963416785
0.4182797934765112,0.1662319718806984
0.4136445157926679,0.1670034902256837
0.42568113969895494,0.16523265110313973
0.4252732010187889,0.16547853672942528
0.4223862546519776,0.16603030591133233
0.4151065546055344,0.1668378621675439
0.4198378208530132,0.16612985942586328
0.40985997242137906,0.16742133973040804
0.42430443653877364,0.16581692911428736
0.4245259632259926,0.16578467782548098
0.42187264809905217,0.16612744722285855
0.4097238687621201,0.16764381032624978
0.41428961394399544,0.1668483317906526
0.43809336496132223,0.16329805358688732
0.40743500002730065,0.1682291616885195
0.407530314862281,0.1672348091373417
0.41388967653261705,0.1663356109372446
0.4354497147288467,0.16356444276817994
0.4227632372130681,0.16471189848035242
0.43046179682870384,0.16407375075016703
0.4225304102567194,0.16568717770126923
0.4267678563394629,0.16453479677346988
0.42832402975360534,0.16429778960874578
0.4196235405029222,0.1659054624036116
0.42049839002583966,0.16574065491167486
0.43045566804323326,0.16421050993677394
0.41678272791675974,0.16622525894024784
0.4146385544898498,0.1662899982340911
0.4179331087721886,0.16603724769678688
0.41627904242175734,0.16628850430725364
0.41789414333915936,0.16605684498127593
0.4011645455668503,0.1687607117881222
0.4312698398288529,0.16304306210661465
0.4104440734306832,0.16411973140098035
0.40187268521692915,0.1663093031183237
0.42280167679545483,0.1639739522258395
0.41015402097380477,0.16552364799827352
0.4054213348198245,0.16570343667687318
0.4261979676932867,0.16345534082054541
0.4291194588783352,0.16345311086994566
0.4267954642497616,0.16345335902087596
0.44056770651734833,0.16322568049344288
0.4021859882851769,0.16992900457465338
0.42962411625274344,0.1633603973648235
0.4197196356659239,0.16568522702482089
0.4265053339447739,0.16374013912371108
0.42331171553492997,0.16446144894440298
0.40271539542737605,0.16877638125383307
0.4203524651803468,0.16479389414507192
0.4131723728814433,0.16577491143490705
0.40710916905098365,0.16759834808979068
0.40971798416204797,0.16700320796053633
0.41286809827360865,0.16649646764055714
0.4069621016908705,0.16843065725822381
0.40695938713928087,0.16875321193447274
0.40932589131737357,0.16724829019268644
0.4129441298115783,0.16631091923443822
0.4004324500386647,0.17223907270122293
0.43162591323743965,0.16495507263733397
0.4270134975183398,0.16556082242117515
0.4006323351797332,0.17172447416763598
0.4014123420172797,0.17026647086670327
0.4295074318610411,0.16523692993969002
0.4037795175963238,0.16835826589162892
0.40179477667907704,0.16902080103095127
0.4007671238723609,0.1705293676861091
0.40942167197896984,0.16721238970799643
0.4083544849670693,0.16789727502511284
0.4057834611510437,0.16796576333890292
0.4223274303957937,0.16557594880122736
0.4142146878627129,0.16696901951446902
0.41604084321569157,0.1661944389228378
0.41131652045152445,0.16697640768767943
0.4193130010923602,0.16607015188457158
0.4142394261697833,0.166249881706547
0.40283823309512085,0.1689503030684722
0.4199168575764936,0.1657819787878352
0.42083992158405914,0.1655869048058063
0.4344498153443598,0.16345316346490718
0.39978316780508255,0.17006428857619213
0.4279964480090128,0.16361398541731761
0.4002355320541784,0.16839271985375526
0.4059495785658812,0.16823878381630206
0.4068237666853372,0.16688121533205763
0.42493847047393624,0.1648500566851855
0.4093769867602627,0.1666199710012664
0.40019498953594024,0.17003877803687353
0.4144795456946043,0.16647854730976452
0.43441864265275865,0.16354107109304494
0.42390796790364116,0.16504782492995687
0.4205942740904259,0.16521549704566735
0.41859597583790115,0.16571645523179215
0.41663303868926604,0.1658756760609897
0.416013709650858,0.16609632106935027
0.41563861691205917,0.16638891298414585
0.42007979628706615,0.16554535282169655
0.420592603233422,0.16551542632688018
0.4382977587701204,0.16407844913573982
0.4027516182090576,0.1705408321881521
0.4297882496174978,0.1642458905570062
0.41509570825135583,0.1664849271559252
0.4040236620744781,0.17015421205886178
0.4061579208553085,0.1694093327189101
0.41684526363249685,0.16547054241508866
0.4281814538018619,0.16478817323743952
0.40965353376171026,0.16896089156144503
0.42105275482691185,0.16516011259863383
0.4136943706976857,0.16677069878023085
0.40836981010144713,0.16931741413806517
0.41717360117241414,0.16533323285108417
0.40998233855825683,0.16830618965442284
0.41302800934231637,0.16733331867010423
0.42527722925985645,0.1648099801801243
0.41053305207871293,0.16819176474151598
0.4219340401127188,0.1649145113460127
0.41144207902837315,0.16773316627162202
0.4242499645032974,0.16491445796567322
0.41212071305652714,0.16737706361763802
0.41187162098128555,0.16766752883337863
0.4334332048578409,0.16432953964567232
0.3979164263835476,0.16917461926998534
0.4217530536573892,0.1643732271767796
0.39882482472573666,0.1687289435382051
0.3995148198148113,0.16727716697951017
0.4204996482234662,0.16485867806214147
0.41194093483682714,0.16504036259298283
0.4078707630698367,0.16567585538579024
0.41107952277453635,0.16540590582794726
0.40555416299216374,0.16630904169749022
0.4034343714934366,0.1667073986607603
0.40230359026315987,0.16711678010783587
0.40541081513604155,0.16633948192197082
0.40336621373690784,0.16702418131224506
0.4030044227119722,0.16706244126155378
0.39851788033358004,0.1707452605653754
0.42687045085845965,0.16403174476635704
0.4115145346607093,0.16503408564185454
0.41808792112975635,0.16463475343770212
0.42413490247986113,0.16441402458296642
0.41074213168110435,0.16652075858340112
0.40263469663097473,0.16800635243868237
0.40148493807395547,0.16901238223485926
0.4002389140870477,0.17030454980601054
0.4082580051370345,0.167149823883523
0.40930793948642,0.16673261395741076
0.40531206034117295,0.16773337930209953
0.40668216380800315,0.16737389726428584
0.40052200119961573,0.16963550699882277
0.40062564486689495,0.16953347268579866
0.40607092331892775,0.1675385196002803
0.40552983845327073,0.16754155948841565
