0.4519809875085039,0.15530965379292275
0.42522086760638667,0.15955904588294917
0.4426247902310093,0.1554729703154813
0.44059754475807544,0.15627642081694018
0.43223371794238885,0.15752331099264344
0.4290971579877343,0.15814433945012646
0.4267821640108174,0.15894911942857953
0.4285596882883994,0.15852527182227322
0.43816716074684847,0.15666574598334457
0.43426654136485326,0.15730682510456404
0.4374464926676174,0.1568110174063073
0.4367353067575112,0.15723580912371446
0.4371701052061068,0.15714360949059933
0.44660021863663574,0.15509911320751107
0.42054736460805936,0.15872010384346383
0.42220485777006833,0.15755938802597413
0.42952613887191243,0.15644746499085355
0.42142885678668335,0.1584619678357415
0.4271836373767711,0.15746920387998217
0.4367385651672703,0.1560720658196721
0.4287766100361691,0.15719681240191152
0.4439361084212483,0.15544865849931597
0.43201028067374747,0.15625097296287435
0.4340849852686589,0.15619047014910264
0.43994274895983854,0.15594296914997452
0.4285755385012701,0.15734942607383834
0.44330945473822614,0.15560500741059238
0.4427496432690593,0.15574091387448571
0.4412787470439394,0.15577529333662343
0.42127701806741097,0.15867479680270366
0.4406066276158055,0.15587109102004817
0.4406712872242451,0.15585042492214315
0.44056619023259286,0.15582350333106618
0.4185662485733745,0.15989407057460167
0.4214798607950242,0.1581369606779943
0.4205914990260615,0.15951600643107816
0.43207712621718136,0.15611076161177445
0.42574020554082365,0.15757356173164103
0.4268829956729083,0.1569205291896996
0.4374069992187153,0.1559467109170605
0.4308508759757222,0.15679204384048684
0.4312269273793785,0.15655576696992218
0.4262945899868062,0.1574400712970062
0.43867590716478844,0.15590966796846675
0.45400060449067636,0.1549396630832191
0.4216592954421046,0.15849454594420367
0.4329196376836817,0.15647591737392205
0.4271956723889537,0.15725495053158778
0.44610705452404814,0.1552764663072064
0.4353198267767435,0.1559913420791717
0.43999118087885614,0.15551645231489097
0.4535540729379314,0.15508468722351518
0.4266134214669463,0.15774543908580566
0.43966129012485583,0.15578994685502467
0.42647823942483076,0.15848058940639442
0.42655673764597835,0.15819133507680835
0.44952316404226134,0.15607239627102087
0.42263488934680093,0.16052777397430884
0.42374541542803196,0.1595912977827364
0.4376440494544183,0.1568084512601554
0.42495934513571765,0.15855076185496375
0.43242442609689913,0.1569026502810936
0.44211638950602083,0.15609681608692866
0.440208573425871,0.15620860288570068
0.4271428131521259,0.15834340867769703
0.42967937165831466,0.15795436750976685
0.4320018386521996,0.1576357644430534
0.4311359663464842,0.15784458878766386
0.42083880458556383,0.16136708060590582
0.453278096727116,0.1566402712886995
0.44148044594971936,0.15708809850882682
0.4274923374099119,0.15815855108731558
0.427169299614983,0.15881727739408266
0.43581125980339375,0.1575220801883435
0.4214139907817107,0.1604816169555025
0.43430328893302916,0.1581126745152018
0.42695931481829535,0.15981356780429057
0.42178842094729313,0.16023898026693983
0.4264350838629764,0.1601122927138819
0.434341712118764,0.15790214860706392
0.43550317608741507,0.15762859330911605
0.42689480070586044,0.1599644408649609
0.4266279377775051,0.1599931158088523
0.41944143277451107,0.16018488494836594
0.45368798177480807,0.15543044061745137
0.4408843916821633,0.15634047894558378
0.4505581372133259,0.1561994816677717
0.4216065975008768,0.1599409928047014
0.4357534279675208,0.15692026196091408
0.42407276389338255,0.15886132562629435
0.4341184636196602,0.1572871600144909
0.42565112598944477,0.1587797162285858
0.4261446931338003,0.15811885474167944
0.4301526633179355,0.1573642328459766
0.42793493511128233,0.15784129954457543
0.42663078608449684,0.15799129829947953
0.4282238714331126,0.15753035162777385
0.42933334746672297,0.15751911342331215
0.4210583750557417,0.16061257878294743
0.46195708176317835,0.1560148385107553
0.457505218108228,0.15621814600913447
0.42736431111459416,0.15848269682409966
0.4299024406345671,0.15809763389289133
0.45146437067192374,0.15631272309366157
0.43233370701996676,0.1579534249545711
0.43727286836900586,0.1571031889294953
0.4351995406398995,0.1573867204508469
0.432691493543714,0.15749594207989412
0.44423577635274425,0.1565639815641552
0.44920136712138636,0.15651045843054148
0.4264841662471222,0.15882390126449153
0.42165941839579,0.16028950625189414
0.4598297934102832,0.15613732012719644
0.4237257318642972,0.16011827056764594
0.44002526752424115,0.15701852919562453
0.4263699936804723,0.15917498391826987
0.4240406043398668,0.15969923949021642
0.42405094957618683,0.15935471973058102
0.44380777628949775,0.1567869762330071
0.44166194234735706,0.15697942500364995
0.4238721674813546,0.15988594526235153
0.45078348404370755,0.15647223135977323
0.4256713265263919,0.1593316413834872
0.44260559178931186,0.15684950200123576
0.4210822526804463,0.1605469663027344
0.420723319031171,0.1604590547158729
0.44333455880872535,0.15611407558297832
0.44003927140345067,0.15638466121536082
0.4349850325259885,0.15658641784382782
0.42954545282366463,0.15733354150355006
0.4256868569898662,0.1576969592974979
0.4232485077118702,0.15795413176803655
0.42248743883480483,0.1586840365441042
0.42099756071817984,0.1599753370272795
0.4318000822465708,0.15702549063063043
0.4330446013513779,0.156919879354632
0.42168709767742063,0.15922895990284172
0.42148522781568704,0.15949640695089157
0.4185396573619069,0.16177219656271322
0.45777163319468134,0.1566339884128436
0.44020678736141333,0.15688353820384782
0.42239034015023336,0.15984239315547624
0.42339238420294967,0.15884873857093854
0.420464078870665,0.16096672312482077
0.43129322617587973,0.15804258170826482
0.43503104100363865,0.15711062178109136
0.43443799769905167,0.15756170108435766
0.4210270693480723,0.16036930296868845
0.4288389578484133,0.15849652131931682
0.42605672615834655,0.15854319490790403
0.45159340951890703,0.15566986182234555
0.4207680931226236,0.1623772478890117
0.42164532601523996,0.1597605955442479
0.43417869325482944,0.1571700356341268
0.4234585079249663,0.1591054543940152
0.43012409766210524,0.1580329773616055
0.42535463404541757,0.15860501406929753
0.4401401683843754,0.1565652161050514
0.44383299467750814,0.1563519611721814
0.4381709270135689,0.15704932459369758
0.43300098884325844,0.15767340308516886
0.4227959656593443,0.15965259994143788
0.444105048216422,0.15621573450284418
0.447831418260097,0.15577966488359832
0.45028922160216533,0.15572658469925602
0.4476363283043725,0.15620754540825535
0.4290722393158852,0.15817542555788786
0.4282026370845562,0.15848181844861103
0.43333344661216083,0.15765191651591268
0.4268711380447493,0.15856001395101285
0.43974004208723744,0.15672482132987436
0.4385869119245615,0.15696233523326206
0.44781165244904175,0.15614404677905477
0.4169770421429254,0.15922282296636303
0.4368196379192678,0.15579538155959793
0.42793570819736093,0.15630620229948494
0.43335589653588913,0.15612832836070598
0.41926992388012235,0.15766809026806283
0.4247651154301997,0.15709125009893257
0.4182479169957106,0.15889706812160295
0.4261688939560666,0.1565818624673943
0.42300325567761754,0.15743049798255887
0.42163482506465644,0.15745865819495802
0.41870393546025486,0.15831744871719353
0.4352862188621008,0.15598520859045986
0.4252127885359252,0.15679122778802584
0.41923781656610787,0.1582191598613262
0.4178621741466414,0.15916758271837547
0.43676744240252724,0.15590742885198688
0.4245540079630479,0.16070419369539418
0.44961683985354317,0.15627125158852678
0.44192534830215124,0.1570681685818418
0.44744329102236885,0.156481306062773
0.43193620321887066,0.15806984743394586
0.43686692789031256,0.15736193559861616
0.43502902272000266,0.1575991915595326
0.429207565102882,0.1588082391400872
0.4285102943436015,0.1596586108163613
0.4313675866800663,0.1587397370329664
0.42624503272529946,0.16036721372227858
0.42727537766886076,0.1598440869142318
0.42686908063715523,0.16017861473317158
0.4488028442696486,0.15645087672418623
0.4363985187222434,0.15589323654013665
0.4198509152017234,0.1604654299198109
0.4224884150365657,0.1589833151850045
0.4341287214663035,0.15646876277872415
0.4306390613417215,0.15712450910315887
0.4271936665484116,0.15775568545622565
0.4257880870034706,0.15798886985654137
0.4254507352022619,0.15889565537712144
0.4296029175733731,0.15758063388113186
0.4250379579129643,0.15896560276627258
0.42979970279236934,0.15752427258915408
0.4259880482877872,0.15781388044982025
0.41696372725456976,0.16178109481786207
0.45599047277793087,0.155912509608639
0.4305785596344755,0.15696078787717718
0.4272740813467271,0.1575408471962475
0.44720543097245496,0.15603689324064993
0.4193609960414327,0.16113274982582557
0.42693029122824117,0.15869379718886453
0.43717457229865614,0.15638217513118793
0.44192853010455113,0.15606294812228744
0.42556856429737555,0.15916816649563903
0.4229862931918874,0.15960431310736134
0.421333781418346,0.16019721432663966
0.437920238231903,0.1562048105276713
0.421888513781402,0.1600749349348302
0.44007542060729793,0.1566459018985734
0.4205269466428541,0.15947437421793778
0.42598236559208985,0.15778421068673062
0.43658079326113913,0.1568771395286024
0.43118543184067054,0.15767244649635115
0.4256907802393722,0.15861681766813152
0.4346186317393967,0.1572028653897559
0.42282834492748705,0.1589182187619648
0.43381243564485084,0.1576590821735258
0.4217027826994841,0.15943239894053773
0.42552820913243417,0.158903686736429
0.4469539576485159,0.1559606059164663
0.419708435965231,0.15939716476942423
0.4381986767050847,0.15600025524335764
0.4220717509057874,0.15809471251216659
0.43358946864792397,0.15682100583900557
0.4287181567905517,0.1576475414013889
0.4208773116321108,0.1591305260154669
0.4240704908349034,0.1576957504410694
0.4312672683091047,0.15703304009867014
0.43235527178502514,0.15688977490331973
0.42017817035770505,0.15921821172768605
0.45823488798065715,0.1558849432953476
0.42429868849359964,0.16076353771910196
0.4481882068667845,0.15608765292327573
0.45588600562264486,0.15601180959269256
0.4448316625910215,0.15617361237298896
0.43994896154085866,0.1563011527794064
0.4245939547752529,0.15989860925133856
0.4295016763971549,0.1582724420346244
0.43953974030733034,0.15677355831557965
0.43236178508998335,0.15789300405990353
0.42706427712967127,0.15943980862333096
0.4271519521671895,0.1589854028908125
0.4263705782168682,0.15981552617665498
0.4338907550084046,0.1576485657475685
0.43572115399252404,0.1574397184967121
0.4386442321008722,0.1570986511073718
0.4293672349365184,0.15860424753830177
0.42780056775193886,0.1586575339462599
0.4575793729616859,0.15588910336198716
0.43638795538877034,0.15735617607767316
0.43663735429728473,0.15714176056307344
0.4378149227836404,0.15713829807194424
0.4334532158002348,0.15784790538475618
0.4278262824054298,0.15860635523703653
0.43334760724415544,0.1578691367184581
0.4473146898462688,0.1564379937176173
0.4133022620233373,0.16151649026750867
0.42040091366099447,0.1596502579942985
0.42831615571667886,0.15867359992584834
0.4287424093443022,0.15783894270997187
0.41854645694897186,0.1605297006537644
0.4383433884720452,0.15716124206841914
0.4351074279022209,0.15742247712927485
0.43227293976549697,0.15779403136374226
0.4440026838608341,0.15682416983583577
0.41645874677966077,0.1612652552570384
0.44692265798259856,0.15659284772542262
0.425087199239132,0.15882440609257198
0.4234303578641386,0.1594624359084293
0.4174862868528625,0.16119668501948622
0.4409102998992991,0.15709686292498393
0.4176017772656696,0.16059065570924722
0.43313017524155595,0.15748021891889014
0.44208269137193307,0.15687540380643067
0.42503083793728336,0.1590513559598375
0.4241684178640723,0.15936287459557677
0.45157737173456763,0.15631737166808396
0.42274779570990934,0.16116896589970395
0.4478851326631755,0.15664053156789517
0.4319339435994835,0.15767791866143738
0.43687940146869836,0.15742189508722332
0.4460669072931132,0.15699134915194002
0.4246774727107129,0.15992773638746705
0.4418483728862611,0.15701926034957292
0.4236967889675861,0.16061760231853817
0.42585697973329756,0.1597268346725914
0.4289887023274547,0.15845064700410247
0.4312969107043023,0.15834075531446434
0.4398341971550379,0.15710190618638992
0.4383372020052292,0.15730445739311022
0.4267466828086938,0.15930436968527847
0.4314633129406448,0.15797495643909706
0.4232217149419507,0.16078820709685795
0.42794388922786286,0.15927138239533423
0.42859900646187726,0.15885348152010254
0.4284136426749596,0.15895175788573762
0.4362135681666848,0.15620429035492325
0.41238526170012685,0.15923419173859737
0.4157109899706835,0.15847316827666494
0.4178794526834973,0.1576537952076268
0.43180917121272155,0.15622176500740953
0.42269339920956955,0.15711692903333324
0.43021690068927404,0.15686523444703118
0.42236209300850847,0.15761860056931623
0.4284937183690532,0.1571157236717525
0.4141876578129643,0.1589420392879979
0.42872025794875124,0.15710761477071875
0.4137292753953935,0.15898873259607565
0.41276736043996654,0.15917861395575808
0.4455202985098045,0.15584677416246584
0.4200411911903767,0.1608442672110449
0.43876985966883164,0.1560309181233321
0.4263428411398708,0.15798685974999147
0.42072753233953725,0.15989514748792547
0.4213389027759906,0.15940681261369577
0.43130431682992065,0.1578723723697751
0.4262902022099169,0.1586252900959088
0.433261374922651,0.15689564065692693
0.4234559881988881,0.15878554358004274
0.4378530553990685,0.15659968671798316
0.43226685495446215,0.15731455287449178
0.43588904711494075,0.15681912030254275
0.43192423356656007,0.15750971072183867
0.42346122830340455,0.15875297307929018
0.4364146196316954,0.15663826132417055
0.41561698298692124,0.15999634107643043
0.4381625150872583,0.1561604598353043
0.4350316444875248,0.15674220688567253
0.42585473776185745,0.15774044264361842
0.42250836709499245,0.15815593588609453
0.4194992273226042,0.15819135604967602
0.41929237160906313,0.15911861291072163
0.417750627851921,0.1594106411939408
0.43272974807776055,0.15691909172232973
0.4315587737465456,0.1570328668503977
0.4280575353791739,0.15754100192882156
0.43055659471949165,0.1573278714915163
0.4185755619876951,0.15936948393644623
0.4281160698713228,0.1573578636959712
0.4299390817638701,0.1573334390012004
0.4233658164421222,0.15929794957987323
0.44905047592801545,0.15579783237107983
0.43969169714188544,0.15608470792893162
0.4373092463395865,0.15688214748309742
0.4470080665278904,0.15598473977472516
0.4297236713369715,0.1579412848452483
0.4336222498048835,0.15690388849929945
0.43049273390981135,0.15747966938885805
0.4312068817866237,0.1571192896340494
0.4294665369984827,0.15852862815471605
0.4255105555482038,0.15913493745406634
0.427848329966546,0.15860797751868386
0.4257915065292603,0.15870200064874906
0.4256020214218058,0.15884938723065337
0.4415355838621704,0.15618692456595593
0.413177450183701,0.1610536148669245
0.4142597709874494,0.16066397826233014
0.4389161495707662,0.15632334024113886
0.4190796563405016,0.1602626453661366
0.43522901982494105,0.15743973322352448
0.43084046372935514,0.15759594243755182
0.4364598494270765,0.1569159387152462
0.4215726738877291,0.15935003834499786
0.42340502583753686,0.15883275234287925
0.42816272498036123,0.15807835539880383
0.4204672646814428,0.16007289018864607
0.430106468653234,0.1578479417631763
0.4355618563262596,0.1569933972358964
0.4252219975152519,0.1584748993855149
0.42729451406133256,0.15837209090134705
0.421992210306045,0.1589303327857207
0.4218804876178341,0.15913229072279594
0.42023547447329723,0.16009781094955644
0.42673217535203023,0.15840454328859488
0.4254236878455728,0.1584620477504414
0.4500405718544389,0.15540468316905146
0.4236198498420548,0.1590182055060314
0.43331336853141433,0.15622662318732436
0.43245594184818503,0.15718841550138804
0.44155283117345207,0.15599287677430088
0.43823759336270596,0.15622513961489032
0.4248308156107164,0.15828946245942943
0.44576785801163393,0.15566003735749664
0.4446646940420422,0.15571928037306684
0.42885523849048984,0.15740430285759907
0.4269759234881865,0.15788254669890478
0.428957508404867,0.15724688928299327
0.4261711250050221,0.1581794649157796
0.42639742838021044,0.15793294844558706
0.42478660374810384,0.15876082203867106
0.45203754080043684,0.15556003012218048
0.44310068518061235,0.15619278980794543
0.42777607057116407,0.1576755108409501
0.4350176261294847,0.1566326623027539
0.4407089625401958,0.15652851542064358
0.42931032044560596,0.15761928635719746
0.431376864203887,0.15711929547190942
0.4271132935084968,0.15844341638109155
0.4466442081058272,0.15582300308628294
0.44983678453538206,0.15568005905726615
0.4340260811135166,0.15678938399884346
0.43228573931038505,0.15699604833903089
0.4424730404618707,0.15649412764217324
0.44682530029473994,0.1557371365825334
0.42694159402016674,0.15865162080760886
0.42699817607697027,0.15853908645079234
0.446466870805956,0.1552925442910015
0.4165849571501542,0.1595524151421652
0.4397823487899385,0.15541345260375347
0.4184326045378709,0.15896167687228918
0.4316672900218296,0.15607096612351257
0.4363334150507714,0.15597959846031234
0.41965813756879256,0.15864346693799952
0.4387199661768475,0.15590798011143805
0.42006689644541645,0.1580701866024215
0.4312883221583383,0.15643173115271258
0.4252360773957093,0.15712744520685767
0.4263095596998994,0.15687190782095656
0.42451385348826615,0.15764806223673655
0.42167245012141574,0.15777312966053256
0.430013581523782,0.1566354332951005
0.4251068098747119,0.15749089745251135
0.4205670989802231,0.15779957895204058
0.4280423469992117,0.15675210319457947
0.4284047011448842,0.15666245039307825
0.4207813895119331,0.1615299502692388
0.44796417717183973,0.15620923372250084
0.42334035366964445,0.15875560174888334
0.4323516712584998,0.15762012888614127
0.4245127933218993,0.15845402942608816
0.42281857979883203,0.15990796436402283
0.4211872024177455,0.16032736173555504
0.42949338708076307,0.15807508207271792
0.4293333284786573,0.15844914167708346
0.4209441015387591,0.16120108749390988
0.43972802542663764,0.15701816398895102
0.43422395094481736,0.15729340721873558
0.4364402653292405,0.15718747858996135
0.4453689671730414,0.15655191673961386
0.4413920794844192,0.15698665472541284
0.4428780341619131,0.15684390575998933
0.42213593141322736,0.1599851060592667
0.4472043550113521,0.15647341378311186
0.4355730851460945,0.1572005208468753
0.44394579954120494,0.1566513056288972
0.4477727341771435,0.1564088495390929
0.443680641872946,0.15665256713303524
0.4197479834210829,0.1614747391290565
0.4426100705953796,0.15740222672605927
0.4290474566933747,0.1586590498592965
0.42368616867357684,0.15906195322776895
0.42309126112098455,0.16017250352476178
0.4231975608283221,0.15924920616625735
0.42104357450982155,0.16061685041852494
0.4410471371398512,0.15766511174634654
0.4363405422288475,0.15827965152019483
0.4314985850861182,0.15857767938836265
0.4382582931196694,0.15775741787748648
0.4215551363289748,0.16019449417868534
0.4208797386662046,0.16122460316872955
0.43332372267450575,0.15842082786126999
0.4371485340901091,0.15803444561677235
0.4332771130535157,0.1585236251195776
0.43774340041137705,0.15790920110356885
0.420338467210014,0.16129823985264513
