4.220228856
4.0445019
3.906787951
4.004162204
3.9261075940000003
3.9945787650000004
3.989813691
4.08020591
4.107644989000001
4.0673180140000005
4.0826532890000005
3.955991731
3.9224716
4.019577288000001
4.149934105
3.9805803830000004
3.971723775
3.9070952140000004
3.895713041
3.8975475740000003
3.9148569920000003
3.860425461
3.909482923
3.900717032
3.864998846
3.8888411560000002
3.851599944
3.916344973
3.8822939400000003
3.873588235
4.259323006000001
4.0221647670000005
3.9771342790000004
4.196559486
4.036796101
3.9141323590000003
4.171590561
4.072855835
3.994651713
4.224420261000001
4.002917696
3.9201830550000003
4.54853107
4.087252638
3.911569152
4.333662875
4.27500545
4.029459834
3.9842378650000003
4.207692085000001
4.076765113
4.23880584
4.07434015
4.299917292
4.159593861
4.364111212
4.220044926
4.091491219
4.239104188000001
4.034965446
3.95627407
