0.8329468050000001
0.6123397660000001
0.5854004190000001
0.5031050730000001
0.45909073100000003
0.48484643200000005
0.459038288
0.50358298
0.462645144
0.46586359800000005
0.46244997400000004
0.46133771500000004
0.470197273
0.457169294
0.464485727
0.494115876
0.465346596
0.46537395600000003
0.45974578000000005
0.45825353100000005
0.45401982300000004
0.458230515
0.483563732
0.460079852
0.457874791
0.46205734600000004
0.45748083
0.46363247
0.462542088
0.455795559
1.106415355
1.070097687
0.900469362
0.686126992
0.7038537290000001
0.709220909
1.157670341
1.095445277
1.105576084
1.132149134
0.889856348
0.89653216
0.8785974440000001
1.089141681
1.202340285
1.15268879
1.8803871310000002
2.5429540960000003
3.159097853
3.7436862140000002
4.263530092
4.719171431
5.170057681
5.612560537
6.046561936000001
1.106304235
1.8191632190000002
1.0831028420000002
1.786532298
2.4408522130000003
3.0523737850000003
3.6500785270000002
1.0551592140000001
1.7768795970000002
2.447080134
3.0969376040000003
3.7510482350000003
1.1286098800000002
1.8754716720000002
2.54635766
3.1732808890000004
3.8046806230000003
1.239316211
1.96658909
2.669244479
3.323088717
3.9446368560000002
1.1049077
2.6483817370000002
2.596304233
2.5782807780000003
4.743181894
6.687394939000001
8.609946204
10.502683596
12.414956680000001
14.312654302
16.203684545
18.097007889
19.999159284
2.5476447170000003
4.828515813
6.944125935000001
9.017310058000001
11.003813941
12.884693899
14.792470148000001
16.674176211000002
18.550354914
20.492459666000002
2.630763899
2.8348425440000002
14.451027618000001
14.633205677000001
12.225182728
14.434181343
12.169209143000002
12.815201211000002
11.892397240000001
11.795572675
12.998561918
12.581736366000001
11.915769752000001
11.259469081
11.377815768000001
11.205723787
11.173808389000001
11.543680753
11.595162004
11.679217763
11.700505427000001
11.868203942000001
12.025159496
12.048715663000001
12.015707107
12.139587684
12.297659083000001
12.678589639
1.195283496
0.8638515370000001
0.669989901
0.699541892
0.679406437
0.680816772
0.677706908
0.6810355720000001
0.6951299830000001
0.680373541
0.672949683
0.67053415
0.6878208680000001
0.673519897
0.6687066230000001
0.673931021
0.666260672
0.668540577
0.673602201
0.677862763
2.091299914
1.5891175100000001
1.4852234670000002
1.462076345
1.49090754
1.504364078
1.4644187530000001
1.456824519
1.4732416860000002
1.5008030010000002
1.4974884270000002
1.4802294
1.48502353
1.4926930760000001
1.471011424
1.4803750070000001
1.4977087930000001
1.46236224
1.518893987
1.502245105
2.167402349
3.6734396780000003
1.562291461
2.720910641
1.4887514270000002
2.661941594
1.491682253
2.66869535
1.4892906190000001
2.65156259
1.47499281
2.6600602710000003
1.477143655
2.6478585910000003
1.4840593480000002
2.6666266540000003
1.4897410880000002
2.674651234
1.4825422810000002
2.6739140740000003
1.4681509780000002
2.6445280380000002
1.478859812
2.670272982
1.4808040850000002
2.634725329
1.5090473420000001
2.680747434
1.4666042700000002
2.650540271
1.4814100060000002
2.6714163810000002
1.5006709420000002
2.6824210820000003
2.034793676
3.515326935
1.7247018360000002
2.955807922
1.461038105
2.686622786
13.428590459
13.273991676000001
13.63415874
13.260670071000002
13.912613756
13.887842126
13.916936143000001
13.336993213000001
14.149615383
13.323358989
13.543675251000002
0.08876043800000001
0.025289322000000003
0.134143224
0.069255359
0.023579324000000002
0.021690127
0.053381314000000006
0.025436621000000003
0.024268314000000003
0.036972878
0.030861358000000002
0.034077718
0.07442856
0.19471354700000001
0.044805401
0.045863052
0.02493534
0.024101064000000002
0.025980052
0.025591159000000002
5.91606159
5.59148416
5.654413774
5.815094919000001
5.43298838
5.768991049
5.398826732000001
5.855270636
5.721540028000001
6.111212769000001
1.099952384
0.891931639
0.706041197
0.6906493260000001
0.700546977
0.699945985
0.6951054090000001
0.713549863
1.167742035
1.8724389270000001
2.521827119
3.1447339810000003
3.732790018
0.735469598
1.344940987
1.8980544480000001
2.403939867
2.903232575
0.7000995400000001
1.296440732
1.849196725
2.3786031430000003
2.8793674200000003
0.7042256440000001
1.30376788
1.846763643
2.354562027
2.843646253
0.688298332
1.2736319520000001
1.808704533
2.31950768
2.80920088
0.712990949
1.290342885
1.8237990370000001
2.331273441
2.8290886630000003
0.7087060030000001
1.307378329
1.8580397290000001
2.373334664
2.874168306
0.6881077710000001
1.263575517
1.791972015
2.2992757960000003
2.794867693
0.69823508
1.282332695
1.830180785
2.342742379
2.830799224
0.702122506
1.2952117170000002
1.852289976
2.3699628400000003
2.8831425960000003
1.076963794
1.8172578240000001
2.525797535
3.221808676
3.8314949200000004
4.343631794
4.806086811
5.272198047000001
5.72366929
6.161432792
0.7324706780000001
1.346371656
1.8992661910000002
2.409198961
2.900806804
3.3760685280000002
3.8393538580000004
4.2967405020000005
4.747295844
5.191685769
0.701921762
1.2787133130000001
1.815633671
2.3257248710000002
2.819680827
3.300316666
3.7787975250000003
4.238929241
4.695214388
5.145552161
0.6864730990000001
1.257256846
1.7926894960000002
2.293737897
2.786566338
3.262847551
3.7267232330000004
4.186463085000001
4.634195498
5.083981855
0.6962205300000001
1.2715139910000002
1.808938273
2.3136837370000003
2.803046832
3.282365137
3.7539725
4.223925123
4.6840884990000005
5.136514696
0.696153369
1.272122731
1.8042043230000002
2.310052674
2.791318151
3.2566184980000004
3.709963527
4.156046614
4.593779556
5.0320399710000006
0.687482616
1.2513556110000001
1.7841758060000001
2.292425712
2.786062733
3.2596793940000004
3.723488326
4.185221080000001
4.637157978
5.081823712
0.689550856
1.263476282
1.79241212
2.290689318
2.768682515
3.2345308110000004
3.689210226
4.14427212
4.592812422000001
5.0312121780000005
0.68939037
1.264027951
1.794553273
2.2990322290000003
2.791479557
3.266844712
3.729540167
4.182629993
4.631001004000001
5.075623365
0.6980288950000001
1.2748280490000001
1.803447236
2.306550693
2.788009123
3.259175673
3.7231599870000003
4.176580684
4.613129072
5.054226944000001
0.677153914
1.249058205
1.785372688
2.29384948
2.7871225550000003
3.2655996980000004
3.7414447030000004
4.204999925
4.6554968830000005
5.095085258
0.678888342
1.2399729290000001
1.7967113010000002
2.3289549920000003
2.8385233870000004
3.333965461
3.806884584
4.264579084
4.727923556
5.179849517
0.709074293
1.348186515
1.927251148
2.467177387
2.9903340170000003
3.5037813150000003
4.027128265
4.516636367
4.996592984
5.4696955670000005
0.725163737
1.2929516950000002
1.832448572
2.3480298530000003
2.8484896060000002
3.3304035890000003
3.800874196
4.2503802870000005
4.695227759000001
5.134895725000001
1.133452804
1.8560552190000001
2.512348991
3.125888883
3.765659947
4.289673786000001
4.755033546
5.205607298
5.649740349
6.089379964000001
0.731201297
1.328625551
1.891217447
2.40119264
2.885820738
3.354825427
3.822523299
4.283818052
4.736592825000001
5.187638946000001
0.7028939670000001
1.288940017
1.8219158830000002
2.3383195910000003
2.834561989
3.3198101610000004
3.794106556
4.256240377
4.721274832000001
5.163237068
0.699300702
1.275751925
1.811606083
2.317905192
2.8110638380000004
3.2913531480000002
3.7622308400000004
4.222409752
4.673391099000001
5.115870772
0.6947328150000001
1.2635880270000002
1.789623262
2.300381825
2.793049624
3.277822173
3.7577402830000004
4.224821289
4.683252059
5.149327214
0.688628205
1.281222141
1.8191072920000002
2.327745014
2.8265509150000003
3.31815746
3.7934548040000005
4.264285195
4.730098389
5.190554463000001
0.687989658
1.275388481
1.82497817
2.344882508
2.839618327
3.315911834
3.7870479460000004
4.243006896000001
4.699067842000001
5.142185727
0.697212653
1.270563896
1.797164143
2.3048831560000003
2.798729383
3.2776506860000003
3.747356905
4.20855129
4.67220177
5.119583295
0.693411074
1.275664763
1.812569544
2.3250951730000002
2.8336543460000003
3.3146746190000003
3.7849388320000004
4.256433556
4.721580912
5.1690795210000005
0.6799482490000001
1.2590018280000002
1.8014680570000001
2.317996924
2.810946887
3.29131155
3.7645882590000004
4.2282785800000005
4.681268149
5.131744408
1.085270607
1.8419810620000001
2.5989672560000003
3.278385586
3.9573314440000003
4.510431602000001
5.022128397
5.536635202
6.057067352000001
6.549101676
1.635200412
2.973950426
4.439249896000001
5.570117822
6.421020168
7.303081018
8.171450157
8.955067087
9.719688327
10.509081298
0.6179213650000001
1.169769536
1.7582455250000002
2.4835310610000003
3.1884055370000004
3.8625805810000005
4.551539455
5.203744519000001
5.881086923000001
6.561156373
0.590432951
1.118602219
1.686304709
2.453771428
3.204379309
3.9147115470000005
4.6202100370000005
5.341388044
6.010205651000001
6.698894157000001
0.5774406440000001
1.104399889
1.77692607
2.538803278
3.335839212
4.113896209
4.849821955
5.5726967300000005
6.307255865
7.032641089
0.5693467090000001
1.075510321
1.684526565
2.4184641310000004
3.18391451
3.885191937
4.565313413
5.2578091030000005
5.925277782
6.597381156
0.262708167
0.514576271
0.7710822220000001
1.029972437
1.2646122160000002
1.490948924
1.7234910360000002
1.95723274
2.1865855570000003
2.416627789
0.476539311
0.7229533490000001
0.9514677210000001
1.2203174920000002
1.483843131
1.747081863
2.0034401230000003
2.2569068960000003
2.50774936
2.763005059
0.188528041
0.349663985
0.469554587
0.5905501200000001
0.7105205290000001
0.8317692680000001
0.950778918
1.070111206
1.190628819
1.3088695220000002
2.783091062
1.292360052
1.2175181860000002
1.235429853
1.239575671
1.221488058
1.2019454840000001
1.20281798
1.217463063
1.198845631
1.220087023
1.2196556980000002
2.839116918
1.291979589
1.203530663
1.190319723
1.192523097
1.188753959
2.8259062420000003
1.347814577
1.1970050840000002
1.203252601
1.197150868
1.195653765
1.204449139
1.197024676
1.198522515
1.227191438
1.220702323
2.708656661
1.2862716920000001
0.30203005
0.534078366
0.8008758260000001
1.058232196
1.327292951
1.5926272000000001
1.851232736
2.111259101
2.383610434
2.6632045360000003
0.296485995
0.5267296060000001
0.800637406
1.063500009
1.3318231950000001
1.585820017
1.841931143
2.0960360590000002
2.350275903
2.6023188480000004
0.031274924
0.046516176000000006
0.009152671000000001
0.004423389000000001
0.002146831
0.0022778300000000002
0.002826016
0.003120546
0.0020780630000000002
0.0027137470000000003
0.002606189
0.004794464
0.003184997
0.00208542
0.0028674430000000003
0.0029583630000000003
0.0035813610000000004
0.0017745940000000002
0.0017222820000000001
0.001807659
0.0018851270000000001
0.06291052800000001
0.09905702300000001
0.110739715
0.119292488
0.12623434
0.13258329600000002
0.138320006
0.14391231200000001
0.14870622900000002
0.15363589
0.004321658
0.010934543000000001
0.015790419
0.020784362
0.024966258
0.029046231000000002
0.032926025000000005
0.036618767
0.041327163
0.044960106
0.004376278
0.015684232
0.019397388
0.023571361000000002
0.027278317000000003
0.030785713000000003
0.034624896
0.039030390000000005
0.044072838
0.047703539
0.0022889710000000003
0.007639941000000001
0.012369741
0.017358513000000002
0.021360295
0.024801122000000002
0.028496036000000002
0.03223123
0.03654272
0.040495537000000005
0.0017568000000000002
0.007168351000000001
0.011600014
0.015593575
0.021509144
0.026947996000000002
0.031013798000000002
0.034596441000000006
0.038248468
0.041797701
0.0023007550000000002
0.009310041
0.015042056000000002
0.019690576
0.024443732000000003
0.028670126
0.033261279000000005
0.037351006
0.041408632
0.045591338
0.0025589130000000003
0.009630802
0.013471363
0.017445071
0.023044062
0.028332113000000003
0.032630776
0.035759584000000004
0.038927905000000006
0.042696174
0.002427303
0.007484677
0.011439969000000001
0.014741585000000001
0.018320318000000002
0.021760416
0.024983197000000002
0.028168085000000002
0.031477876
0.03495129
0.001684797
0.006023723000000001
0.009801869000000001
0.013978984000000002
0.018150851000000003
0.021899691000000002
0.025147204000000003
0.028843751
0.032715236
0.036162367
0.001731188
0.004648199
0.007262956
0.009303838
0.011489547000000001
0.014212903
0.018324766000000003
0.021940488
0.025081506
0.028115098
0.001880563
0.0063755750000000005
0.008742209
0.010900442000000002
0.012948416
0.015193082
0.017603550000000003
0.019966517
0.022420476
0.024305312000000003
0.001570989
0.004394708000000001
0.007007800000000001
0.008964833
0.010985026
0.01342048
0.01561291
0.017540261
0.019471106000000002
0.021433015
0.0018503810000000001
0.006221667
0.009296166
0.011379164
0.013511915000000001
0.015712754000000002
0.018635224000000002
0.021969065000000003
0.024282495
0.026442154000000002
0.0022537850000000003
0.006374373
0.009194324
0.011257291
0.01330279
0.015371271
0.017662289
0.02042886
0.023315445
0.02573019
0.001595941
0.004476058000000001
0.0070236890000000005
0.009440103
0.011502907000000001
0.013677263
0.015897750000000002
0.017972543
0.020188438000000003
0.023447562
0.0016445140000000001
0.004523289000000001
0.007138706000000001
0.009302699000000001
0.011486393000000001
0.013660617000000002
0.015764939000000002
0.017936279
0.019963464
0.022177657
0.003521535
0.007103269000000001
0.009589442
0.011861308000000001
0.014073671000000001
0.016131957000000002
0.018092674
0.020131571
0.022065788000000003
0.02410986
0.0017249230000000002
0.004456817
0.006607193000000001
0.008897039
0.011005367
0.013428088000000001
0.015459760000000001
0.017394072
0.019332838
0.021238093000000003
0.001802807
0.004694961
0.0070873360000000005
0.009464383
0.012061314
0.014110686
0.016249637
0.018220798
0.020169976000000003
0.022315150000000002
0.001761011
0.00446925
0.0066061670000000005
0.008804841
0.011794498
0.014687113000000002
0.017639737000000003
0.021318880000000002
0.024424751
0.026435333000000002
0.028318441000000003
0.12414445700000001
0.138306133
0.151069814
0.161685971
0.171366224
0.180205742
0.185812277
0.19132932300000002
0.19625482000000002
0.201024171
0.20627930400000002
0.211256098
0.21541505400000002
0.21943646500000002
0.22363845400000001
0.22713727900000003
0.23085127100000002
0.235590723
0.238913969
0.24216926000000003
0.245443666
0.248565747
0.252047085
0.255136152
0.258022252
0.26113326800000003
0.26411336700000004
0.267499184
0.271089797
0.274104057
0.27749186000000003
0.28071319
0.28374644800000004
0.286788616
0.289733473
0.2929077
0.29592708700000003
0.300258468
0.30469427400000004
0.30993352500000004
0.315361934
0.32014735
0.32496470600000005
0.32835257700000003
0.33119913700000003
0.33386467200000003
0.336746993
0.33979396100000003
0.342849595
0.34590832800000004
0.34918053200000004
0.35231395600000004
0.355508657
0.35833285400000003
0.36125174600000004
0.36427638700000003
0.36783860500000004
0.370848245
0.373994307
0.377067847
0.380238693
0.383468692
0.38618707500000005
0.388926985
0.39148986100000005
0.394229895
0.39718821800000004
0.40009807900000005
0.402788238
0.40550829600000005
0.408309066
0.41111978800000004
0.414019738
0.41672802000000003
0.41936980900000004
0.422065238
0.424770054
0.42753801500000005
0.43030553200000005
0.432805003
0.435898604
0.438660457
0.44180895600000003
0.44613162900000003
0.450765738
0.45411893700000006
0.457252802
0.461551511
0.46549041900000004
0.46902285400000004
0.47173851400000005
0.475057473
0.479566268
0.48226465700000004
0.48524542000000004
0.48783600400000005
0.490371659
0.49316346600000005
0.49576445
0.004300756
0.011651424
0.015703107
0.020259850000000003
0.023907308000000002
0.028084179
0.031881442
0.035310162
0.039049887000000005
0.042855939
0.04677627
0.05120243
0.05519429
0.059624401
0.063000217
0.067630141
0.07185786400000001
0.075877974
0.08052409
0.084938597
0.094485232
0.098512573
0.10313069100000001
0.107313086
0.11199579500000001
0.11579586
0.11924161700000001
0.12234900600000001
0.125155882
0.12814550800000002
0.13084458100000002
0.134894277
0.137978068
0.140624623
0.14387450100000002
0.147007868
0.15030495500000002
0.153393298
0.156539288
0.159141413
0.161889733
0.165850571
0.16890888
0.17177657600000001
0.17465201300000002
0.177280515
0.17970176100000002
0.182141922
0.18456097400000002
0.187199257
0.18985812500000002
0.19248841900000002
0.194959715
0.197842139
0.200375817
0.20299318400000002
0.205557645
0.208138011
0.21091637000000002
0.213608861
0.216434752
0.21907790900000002
0.221774103
0.224254155
0.226660148
0.22912527000000002
0.23181114600000002
0.23423569400000002
0.236552864
0.23951055300000001
0.24250983
0.24515741800000002
0.24794902200000002
0.25102714400000004
0.253842157
0.256477339
0.259135581
0.26190128300000004
0.264644624
0.267532529
0.270318777
0.273014451
0.27585958
0.27847312300000004
0.28117524
0.28389315800000003
0.28647089800000003
0.289115795
0.29149361900000004
0.293865877
0.296647152
0.299161243
0.30165615900000003
0.30430631
0.306814815
0.309380558
0.31187407300000003
0.31433118000000004
0.316902159
0.319373899
0.002070176
0.006643088
0.014511576000000002
0.018048958
0.02166966
0.024828936000000003
0.027954675000000002
0.031262319000000004
0.034622375000000004
0.037847165
0.040837799
0.044060441000000006
0.047525067000000004
0.050436975
0.053926187
0.057434435000000006
0.060558588000000003
0.064331504
0.067269278
0.070081593
0.073349617
0.07638017300000001
0.079167866
0.08243649800000001
0.085320854
0.088019383
0.090506583
0.093069201
0.09590659800000001
0.098505196
0.10107411100000001
0.10395324800000001
0.107121665
0.11012796000000001
0.11318623000000001
0.115908098
0.118534887
0.12120594200000001
0.123818468
0.126353463
0.129032741
0.132749697
0.135418951
0.137853521
0.14015538300000002
0.142602576
0.145033991
0.147474993
0.14973402100000002
0.152021811
0.15428677500000001
0.15655375100000002
0.15886740300000002
0.16130731
0.16387653300000002
0.166353638
0.16879476300000001
0.171274024
0.17378499700000002
0.17625937300000002
0.178632657
0.18102625500000002
0.183385819
0.185796867
0.188216823
0.19064108400000002
0.192785793
0.195169842
0.19740949400000002
0.19994266400000002
0.202240687
0.20467367
0.207224328
0.209700286
0.211953984
0.214565164
0.217221726
0.21965946600000003
0.22220366400000002
0.22461326
0.22697076500000002
0.229280424
0.231507019
0.23377081900000002
0.23588540100000002
0.238145402
0.24050884900000002
0.24293324800000002
0.24509777300000002
0.24747291200000002
0.249832879
0.252094233
0.25428696700000003
0.25677631900000003
0.25917115
0.26136991400000004
0.263864408
0.266250558
0.268620707
0.27080084400000004
0.001793391
0.006445197000000001
0.010818109000000001
0.014474417000000002
0.018229199
0.021844443
0.024964715000000002
0.028036585000000003
0.031285636
0.03499121
0.038040118000000005
0.040883202
0.043903116000000006
0.046506976000000005
0.049273302000000005
0.052338898
0.055348014
0.058418294
0.061573099000000006
0.06497164400000001
0.068594603
0.07195615600000001
0.07513723300000001
0.07803681700000001
0.08098311500000001
0.084039162
0.08723375500000001
0.09012946100000001
0.092775587
0.095500491
0.098120815
0.100624456
0.10315017600000001
0.105630127
0.10820209200000001
0.11146799800000001
0.114742413
0.11774978800000001
0.120275537
0.122923392
0.125525874
0.128073772
0.130319452
0.132716693
0.13540331
0.138045188
0.141326154
0.14503854500000002
0.147983416
0.150809673
0.153454746
0.15598899000000002
0.15833565000000002
0.161110223
0.163794766
0.16623547000000002
0.16885173
0.17170280300000001
0.174246391
0.17708300500000002
0.179601634
0.182038848
0.18462507900000003
0.187348029
0.189938763
0.192839492
0.195511748
0.198045681
0.20057311
0.20298428300000002
0.205335763
0.20799167100000002
0.21056010600000002
0.213036721
0.215332147
0.21789369900000002
0.22030491500000002
0.222779259
0.225155335
0.22758555800000002
0.22996846
0.23228416500000001
0.23475268600000002
0.23696408800000002
0.23945696100000002
0.24185304900000001
0.244254871
0.246743439
0.249156061
0.25140434300000003
0.25412386000000003
0.256681759
0.259142812
0.26147351900000004
0.264330194
0.266823003
0.26934988000000004
0.271810219
0.274353661
0.27682348700000003
0.002275528
0.009414013
0.013669717000000001
0.018246857000000002
0.022802234
0.026348076
0.030256804
0.034070631000000004
0.037234718
0.040191626
0.043112431
0.046636436
0.049405053000000004
0.052331425
0.05547010300000001
0.058647660000000004
0.061872055
0.064696637
0.06748947400000001
0.070364038
0.07311508400000001
0.07568039
0.079609924
0.082622662
0.085359057
0.088127863
0.09105242200000001
0.094191513
0.09716144600000001
0.099967703
0.102730527
0.105616388
0.108623804
0.111462894
0.11436892500000001
0.117324145
0.11985849600000001
0.12247645000000001
0.12494525000000001
0.127588171
0.130189204
0.132438955
0.134632472
0.13689091
0.139124152
0.141474027
0.14400010600000002
0.146474963
0.148914922
0.15132995000000002
0.153984696
0.156487026
0.159077283
0.161272847
0.163736805
0.16613064700000002
0.168661995
0.17089911800000002
0.173458217
0.17580841
0.178200713
0.1805913
0.18303866300000002
0.18532769500000001
0.187632247
0.190037101
0.192466351
0.19479442900000002
0.19710581700000002
0.19949671700000002
0.201872915
0.204385797
0.20706895500000003
0.20954427
0.21186860600000001
0.21429551600000002
0.21659778300000002
0.21908112300000002
0.221345812
0.22360855100000002
0.2260192
0.22815806000000002
0.230603618
0.23294853100000001
0.23528480000000002
0.23767431600000002
0.239794251
0.24223555700000002
0.244542058
0.24690366800000002
0.249360835
0.251704437
0.253940693
0.256053658
0.25832824400000004
0.26056855900000003
0.262823586
0.265296957
0.26738043100000003
0.269967133
0.001694037
0.004549930000000001
0.006722508
0.008892441000000001
0.011536728000000001
0.015538437
0.017784508
0.019834861000000002
0.022107394000000002
0.024426573
0.026326723000000003
0.028145879000000002
0.029942374
0.031857725
0.033733718
0.035931573
0.038643303000000004
0.040560125
0.042298888
0.044123069
0.045879306
0.047618379
0.04926727
0.050921265
0.05253708
0.054240034000000006
0.056218125
0.057842347
0.059521678
0.061149058000000006
0.062741219
0.064402214
0.066064763
0.06790483500000001
0.06960237300000001
0.071300788
0.07292598
0.074683266
0.07627742200000001
0.077812693
0.079375736
0.08096091600000001
0.08251227800000001
0.083954054
0.08539294700000001
0.086840548
0.088439509
0.09074895100000001
0.09238934600000001
0.09387611400000001
0.095318885
0.09674779400000001
0.098150894
0.099561336
0.10099244800000001
0.102451573
0.10392910400000001
0.10569661500000001
0.107475783
0.10888787100000001
0.110357355
0.111825748
0.11326736800000001
0.11465804
0.11602711700000001
0.11743843000000001
0.118877429
0.12027119200000001
0.121651955
0.12302640000000001
0.12443072200000001
0.125764799
0.127206638
0.128577789
0.129965352
0.131369656
0.13276663900000002
0.13415770300000002
0.135589972
0.136946539
0.13835171100000002
0.139697774
0.141030819
0.142451868
0.143853016
0.145248968
0.146627904
0.14797575100000002
0.149372433
0.150744298
0.152086824
0.153437036
0.15475229100000001
0.156017134
0.15732816900000002
0.158616125
0.159954844
0.161200111
0.162482601
0.16383830500000002
0.002049785
0.0045757950000000006
0.00724372
0.009593914
0.012362361
0.014781889000000001
0.016825133000000003
0.01871975
0.02059451
0.022417528000000003
0.024174426000000002
0.026047004000000002
0.028134488000000003
0.03040487
0.032196265
0.033975791000000005
0.035660274000000006
0.037334271
0.039045214
0.040710202
0.042328822
0.044062961000000005
0.045639137
0.047183298000000005
0.048762218
0.050390295
0.051970605
0.053790593000000005
0.055413801000000006
0.057022772000000006
0.058675073
0.060269842000000004
0.061925733000000004
0.063700802
0.065428015
0.067118407
0.068798699
0.07042556400000001
0.07208816400000001
0.073652559
0.075258775
0.076920545
0.078519792
0.080153982
0.081806981
0.08351847000000001
0.085411997
0.086943407
0.08846851400000001
0.089935263
0.091416405
0.093010804
0.09486813300000001
0.09651474700000001
0.09799160800000001
0.099438066
0.100989907
0.10243650900000001
0.10389484800000001
0.10534572
0.10674379
0.10820523300000001
0.10971723700000001
0.11119192500000001
0.11265936300000001
0.11414848000000001
0.115550336
0.11690538600000001
0.11832544900000001
0.11969768500000001
0.12109589400000001
0.122495457
0.12391662900000001
0.125298352
0.12670361900000002
0.128077875
0.129608375
0.13105737
0.132455352
0.133752261
0.13509579500000002
0.136484099
0.137825959
0.139289725
0.140822937
0.142236042
0.14359944000000002
0.1449435
0.146287159
0.14763716500000001
0.149037301
0.150404489
0.151695315
0.15295734400000002
0.154264972
0.155561859
0.156920888
0.158273391
0.159610838
0.160990659
0.0017852200000000001
0.004569768
0.006658403
0.008580817000000001
0.010804197000000001
0.013949019
0.016112968000000002
0.017999896
0.019972651
0.022227438000000002
0.024202461
0.025992947000000002
0.027760898000000003
0.029640306
0.031516166000000005
0.033820751
0.03568538
0.037382195
0.039066914
0.040721715000000006
0.042381640000000005
0.044009789
0.045724244000000004
0.047768279000000004
0.049430640000000005
0.051053748
0.052686044
0.054595163
0.056393787
0.057972358
0.059513848
0.061048988000000005
0.062551113
0.06413194700000001
0.06585888100000001
0.06747974600000001
0.069163136
0.070901028
0.072577272
0.07424967
0.07602729700000001
0.077713263
0.079249782
0.080776237
0.08228779300000001
0.08383168
0.085434995
0.08689516500000001
0.088731259
0.09066143700000001
0.09218008300000001
0.093618592
0.095113946
0.096552622
0.09801061000000001
0.09942115400000001
0.10091657600000001
0.10242242700000001
0.103993282
0.10591531500000001
0.107462598
0.108907053
0.11031995200000001
0.11177490200000001
0.11353381100000001
0.11491095300000001
0.11637408900000001
0.117763426
0.11912803300000001
0.12051922500000001
0.121856561
0.123224869
0.12460891800000001
0.12600978100000002
0.12757584600000002
0.128932511
0.130323205
0.131795105
0.13315205600000002
0.134556476
0.13952250200000002
0.14084164200000002
0.14215276100000002
0.143478335
0.144887353
0.14625599
0.14755057900000002
0.148895317
0.150192541
0.15148830500000002
0.15279352100000002
0.154185325
0.155531054
0.156858151
0.15820229000000002
0.159514641
0.16084183000000002
0.162289762
0.16374090400000002
0.165179911
0.002172714
0.006165829
0.009621244000000001
0.012609449
0.014666986000000002
0.016904342000000003
0.01894213
0.021286705000000003
0.023663924000000003
0.025569223000000002
0.027526494000000002
0.029292143000000003
0.03121987
0.032945397
0.034732656
0.036445222
0.03817586
0.040159641
0.042026643
0.043717246
0.045389759
0.047090969
0.048734703000000004
0.050436004000000006
0.052232375000000004
0.053992152
0.055780923
0.057558043
0.059337396
0.061041839
0.062793578
0.064562109
0.066076116
0.067628194
0.06919101000000001
0.070709954
0.072319493
0.075084313
0.076778175
0.078316774
0.086932362
0.08855929900000001
0.09024412400000001
0.091956588
0.093519604
0.09498975800000001
0.09649268100000001
0.098003778
0.09945679900000001
0.101045748
0.10246914300000001
0.10390257600000001
0.10534871400000001
0.10677043200000001
0.10820915
0.10968764700000001
0.11118048200000001
0.112602242
0.114049333
0.115497863
0.116939759
0.11837517900000001
0.11974733700000001
0.12120710800000001
0.12267818100000001
0.124058412
0.125461297
0.126865012
0.128265121
0.129630736
0.131035508
0.13239726000000002
0.13372809100000002
0.135081528
0.136474893
0.137921695
0.13927052
0.140586322
0.141948414
0.143271273
0.14462117600000002
0.145977194
0.147375334
0.148711607
0.150084189
0.15140755
0.152711742
0.154064313
0.155411311
0.156781695
0.158070076
0.159459251
0.16080850300000002
0.162140328
0.163498744
0.16485158
0.16622615000000002
0.16758066600000002
0.168961664
0.17030034900000002
0.0017995350000000001
0.004606509
0.006727659
0.009009878
0.011435203000000001
0.014659458
0.018132598
0.028267043000000002
0.031015014
0.033612708000000005
0.035691979000000006
0.037645862
0.040024007
0.042245978000000003
0.044251178
0.046062443
0.048331620000000006
0.050167835
0.052027374
0.053930601
0.055968205
0.058095348000000005
0.059951068
0.06176835000000001
0.063733133
0.065514976
0.067178611
0.068830642
0.07051347100000001
0.072817819
0.074394375
0.07594450900000001
0.077487757
0.07901395300000001
0.080624707
0.08216387700000001
0.08369022300000001
0.085246136
0.086856364
0.088727306
0.09064896600000001
0.092107069
0.09351522200000001
0.09493472800000001
0.09649492200000001
0.09802869
0.09977938
0.101601037
0.10301581000000001
0.104572196
0.106084196
0.107560128
0.10903699100000001
0.110464458
0.11213832000000001
0.11373490600000001
0.11536328100000001
0.116961591
0.11850360400000001
0.12037684000000001
0.122029071
0.123504865
0.124946972
0.126376979
0.127863123
0.12928825800000002
0.13076220200000002
0.13214930900000002
0.133523908
0.134876615
0.136370917
0.13777495
0.139500901
0.14099268
0.14241192900000002
0.14380700200000002
0.145154588
0.14658795300000002
0.147964581
0.14928043500000002
0.150611721
0.151959579
0.153296651
0.154778457
0.15619432600000002
0.157476224
0.15876128
0.16023900500000002
0.16163697000000002
0.16304885100000002
0.16438803500000002
0.165765253
0.167108172
0.16853009400000002
0.169870932
0.171218327
0.172551573
0.17388239600000002
0.175270317
0.176770207
0.001713771
0.004677876
0.007015205
0.009026818
0.01128757
0.013803199
0.016210479
0.018986061000000002
0.022196294000000002
0.024480089
0.026361892
0.028291681000000003
0.03016819
0.032687443000000004
0.03449655
0.036287655
0.038027004
0.03973144
0.041358248
0.042962671
0.044681943
0.046465791000000006
0.048079991
0.049676053000000005
0.051217174000000004
0.05280954
0.054379822
0.055971973
0.05757575
0.059337816
0.061076979
0.062774393
0.064488918
0.06622797100000001
0.067980622
0.069606283
0.07107318900000001
0.072604031
0.074085409
0.07559167700000001
0.077064639
0.078813777
0.08094759500000001
0.08238653800000001
0.08385591
0.08529352400000001
0.086741418
0.088217023
0.08972057700000001
0.091183515
0.09266824100000001
0.094102294
0.095824986
0.097474027
0.09894091
0.10041522800000001
0.101942266
0.10330449200000001
0.104718134
0.106219986
0.107631272
0.10905031500000001
0.110581249
0.11197844400000001
0.11339766000000001
0.114779158
0.11623931900000001
0.117754785
0.119215366
0.12058105200000001
0.121923709
0.12331642400000001
0.12464765400000001
0.12606451300000002
0.127381517
0.12880570800000002
0.130124746
0.131458292
0.132901977
0.134231176
0.13563550900000002
0.13698912000000002
0.138303702
0.139599714
0.140889234
0.14223281200000001
0.143518954
0.14481428200000002
0.14610160900000002
0.147436392
0.14878109
0.150113364
0.151372862
0.152810214
0.154071319
0.15537825400000002
0.156702126
0.15806440800000002
0.15935047600000002
0.16063891200000002
0.027495695
0.12504927000000002
0.146443077
0.16465061
0.180349264
0.197518936
0.21302883600000003
0.223746462
0.228388798
0.232670498
0.23716974400000002
0.24154593600000002
0.24552535
0.249189229
0.25265229300000003
0.256303062
0.25951666700000003
0.26324095200000003
0.267134725
0.270319003
0.273523228
0.27681926100000004
0.28026599
0.28398991100000004
0.28747780300000003
0.290440024
0.293421199
0.296504407
0.299819337
0.303174416
0.306491177
0.3094117
0.31467553800000003
0.31900958
0.324370488
0.329353522
0.334064328
0.338744802
0.341598192
0.34503553400000003
0.34843034300000003
0.35174159000000005
0.35529470500000004
0.35827205300000003
0.361196573
0.36413519
0.366965091
0.36971257
0.37247717700000005
0.37511109600000003
0.006029742
0.012141378000000001
0.015688645
0.019516362000000002
0.023944598
0.028561954
0.033327254
0.037432274
0.041395793
0.045416815000000006
0.049177421000000006
0.053097336
0.057706217000000004
0.061756813
0.064704203
0.068514931
0.072358183
0.076540815
0.079785246
0.082905039
0.086062095
0.08948895800000001
0.092427724
0.095590298
0.098427894
0.101535175
0.104753759
0.10836907100000001
0.11338088700000001
0.11749891900000001
0.12176731700000001
0.126543724
0.129990364
0.13297587700000002
0.135935135
0.13899624100000002
0.14216395
0.14514432700000002
0.147965474
0.15076704100000002
0.153414498
0.155878825
0.15938459000000002
0.16195925900000002
0.16451652600000002
0.16712754500000002
0.169767209
0.172341348
0.174820006
0.177572488
0.0036802260000000004
0.00880977
0.012716826
0.016481478
0.020499379
0.024206137000000003
0.028965946000000003
0.033133468
0.037215838
0.041406797
0.044955419
0.048175355
0.05168942
0.055247627
0.05950408
0.062695819
0.065732918
0.069279071
0.07257196
0.075354801
0.078603609
0.081768619
0.084991172
0.088112802
0.09103712500000001
0.094763184
0.09773418
0.10063271800000001
0.10327224800000001
0.106038322
0.109106827
0.111826035
0.11460713500000001
0.117199675
0.11975727400000001
0.122568779
0.12499748200000001
0.127627958
0.1302646
0.13313793000000002
0.13586995200000002
0.138457879
0.14090255200000001
0.143696387
0.146457256
0.14897564300000002
0.15179478200000002
0.155792744
0.159923266
0.16270820300000002
0.0024556490000000003
0.007912825
0.012805273
0.01776557
0.021782323000000003
0.026245605
0.029708850000000002
0.032803669
0.035918655
0.03899466
0.042250522000000006
0.045348489000000006
0.048522029
0.051808728000000005
0.054978278000000005
0.057980962000000004
0.06151626
0.064373162
0.06820016200000001
0.071614333
0.07464725400000001
0.077604166
0.08033838
0.08318396600000001
0.085934568
0.08881000900000001
0.091499753
0.094201984
0.096955573
0.099820292
0.102898073
0.105451818
0.10812901800000001
0.111022773
0.11342735400000001
0.11638018700000001
0.119023082
0.12132796800000001
0.12383438000000001
0.12629432300000001
0.12865812100000001
0.13112220400000002
0.133688163
0.136085902
0.13837817600000002
0.140603254
0.143065765
0.145441483
0.14777905700000002
0.150324588
0.00903808
0.015734727
0.020918737
0.025240824000000002
0.029136912
0.032855131
0.036082991
0.039190211
0.042239654
0.045572613000000005
0.048784152000000004
0.051835360000000004
0.05500792400000001
0.057910249000000004
0.060877852
0.064044057
0.06698501300000001
0.07032334400000001
0.07317316
0.07611366700000001
0.07954649700000001
0.08230722
0.085149771
0.087774764
0.09049684300000001
0.092972574
0.095539313
0.09824292000000001
0.100873207
0.10392340900000001
0.106933948
0.10982528600000001
0.11247138100000001
0.11507086500000001
0.117800051
0.120487696
0.12321543900000001
0.125629965
0.128269279
0.131396874
0.133955301
0.13640875300000002
0.13902429300000002
0.141816262
0.14424229200000002
0.146906007
0.149434768
0.151973935
0.154603034
0.157093476
0.002375697
0.007402396
0.01180668
0.015013354000000001
0.018594678
0.021902557000000003
0.025136043
0.028146334000000002
0.031674529
0.03455759
0.037473818
0.040483077
0.043414876000000005
0.046227304000000004
0.048820531
0.052315927000000005
0.055351712000000004
0.058217806000000004
0.061131466
0.064519717
0.06761286400000001
0.070852104
0.073853682
0.076677861
0.07937659500000001
0.08210885300000001
0.085848245
0.08913449400000001
0.09221364700000001
0.095082572
0.09784350700000001
0.10092659200000001
0.104957807
0.107776174
0.110496723
0.113307901
0.11584920600000001
0.118445928
0.120853387
0.123358174
0.125901026
0.12870700000000002
0.131676242
0.13470452700000002
0.137516354
0.14004217800000002
0.142495855
0.145034358
0.147691881
0.150371909
0.0016871940000000002
0.004463559000000001
0.00692229
0.008959598000000001
0.010995245
0.014074314000000001
0.016923172
0.019450227
0.023202462
0.025423842000000002
0.027450744000000003
0.029824129
0.031767905
0.033687496000000004
0.035469865
0.03722199
0.038950524
0.040666869
0.042343087
0.043985627
0.045955679000000006
0.047993487
0.049611164000000006
0.051334912
0.053123616000000005
0.054847688000000006
0.056605089000000004
0.05823852
0.059867641000000006
0.061404741000000006
0.063231522
0.064902288
0.06649906700000001
0.068104512
0.06964724700000001
0.071151369
0.07269779
0.074214244
0.075780733
0.077279284
0.078924729
0.080444504
0.08194465000000001
0.08346104600000001
0.084980178
0.086505179
0.087939446
0.08933869100000001
0.090733671
0.09214763000000001
0.0018979510000000002
0.004610667000000001
0.006874094000000001
0.009784581
0.012735142000000001
0.014852974000000001
0.017600356
0.019820766
0.022015904000000003
0.024050664000000003
0.026054634
0.028157538000000003
0.030013835000000003
0.03184602
0.033843289000000006
0.035828876
0.038032006
0.03980828
0.041529857
0.043305422
0.045215548
0.046917769000000005
0.048559252000000004
0.050447745
0.052222195000000006
0.053971653
0.055864841000000005
0.057773845000000004
0.059528842000000005
0.061275444000000005
0.062923121
0.06453302200000001
0.06620229600000001
0.067833896
0.069409042
0.070994983
0.07255389200000001
0.07412988000000001
0.07563481500000001
0.07722332900000001
0.078948192
0.081139496
0.082726882
0.08429224
0.08583001900000001
0.08737563000000001
0.089064342
0.09062571500000001
0.092171153
0.093652387
0.0017024940000000001
0.004317963
0.006703354000000001
0.009647348
0.012926868000000001
0.015902645
0.018787447000000002
0.021086821000000002
0.023537105000000003
0.025693272000000003
0.027538550000000002
0.0293005
0.031077123
0.032850205
0.034604713
0.036372763
0.038145654
0.040245555
0.042577535
0.044431528000000005
0.046071468000000004
0.047748214000000004
0.049321186
0.051009397000000005
0.052772946
0.054576814
0.056618982000000005
0.058454527000000006
0.060098429
0.061692285000000006
0.063276649
0.064862795
0.06647222600000001
0.06809860400000001
0.069741019
0.07142706600000001
0.073361519
0.075927037
0.077912084
0.079412115
0.080920563
0.08242336700000001
0.08389442300000001
0.08535783300000001
0.08684654600000001
0.088395606
0.090021079
0.091538383
0.092986961
0.09447743900000001
0.0018388400000000002
0.0045178250000000005
0.0066245440000000004
0.008897735
0.017711968
0.020089334
0.022222723
0.024226417
0.026469602000000002
0.028324814
0.030224478000000003
0.032066046
0.033905914
0.035787227000000005
0.037859586
0.040188717000000006
0.041948949
0.043724705
0.045440424
0.04706198
0.04870523
0.050335803000000005
0.052094690000000006
0.054125644
0.056019333000000004
0.05769097
0.059299761000000006
0.060957731
0.06257041
0.06422525800000001
0.065824067
0.067459462
0.069181831
0.07095303
0.072663796
0.074418488
0.07614900200000001
0.077782473
0.07935684000000001
0.080886202
0.082381096
0.08388151
0.085496902
0.087872269
0.08955255100000001
0.091027866
0.09257406200000001
0.094270005
0.095908954
0.09759075
0.0017607450000000002
0.005664658
0.008354573
0.010858436
0.013055972
0.015464573
0.018187653
0.020885673
0.023222657
0.025836675
0.027822303000000003
0.029676345000000003
0.035617004
0.037378011
0.039100922
0.040796780000000005
0.042969213000000006
0.045100176000000006
0.046897529
0.048533747
0.050206029000000006
0.051886049000000004
0.053597938000000005
0.055408660000000005
0.05722137100000001
0.05927720400000001
0.061389037
0.063106059
0.06468383300000001
0.066285807
0.06787678300000001
0.069552606
0.071164102
0.072685761
0.07426932700000001
0.075887089
0.078712643
0.08020136300000001
0.081705199
0.083203549
0.08471416600000001
0.086208872
0.08769462500000001
0.08917517600000001
0.090595414
0.092095485
0.09394838800000001
0.095439009
0.096890346
0.098327391
0.0017218790000000002
0.0051404960000000005
0.007460757
0.009904682000000001
0.012503085
0.014655704
0.016770407
0.019178502
0.022177686000000002
0.02400669
0.025770237
0.027633397
0.029360198
0.031147075000000003
0.032858176
0.034526663
0.036292127
0.038583376
0.040413271
0.042071343000000004
0.043763216
0.045429931
0.047083766000000006
0.048754869000000006
0.050438481
0.052393668000000004
0.054097699000000006
0.055758199
0.057519647
0.05919279
0.060880884
0.062432637000000006
0.06403742700000001
0.065604752
0.067311699
0.069154717
0.07095066
0.081642349
0.08318613400000001
0.084780304
0.08642915600000001
0.08849295600000001
0.08996748
0.09142855000000001
0.092891419
0.09431382
0.09575444100000001
0.09723851
0.098699778
0.100173882
0.0016205120000000002
0.0046570330000000005
0.0071034570000000005
0.009096131
0.011392123
0.014097178
0.016056088
0.018039538
0.019917454
0.0220101
0.02416426
0.026966038
0.028972240000000003
0.030743658000000004
0.032550014
0.034476182
0.036358498
0.038383691000000005
0.040308777000000004
0.042029170000000005
0.043662414000000004
0.04532135
0.046945482000000004
0.048557761000000005
0.05016147
0.051759826
0.053428347
0.055266219000000005
0.056906842000000006
0.058637602000000004
0.060333397000000004
0.062054422000000005
0.063696493
0.065443427
0.06712240400000001
0.068817587
0.07048204100000001
0.072141604
0.074020309
0.075583595
0.07715777
0.078875519
0.08047699
0.082096453
0.08354280900000001
0.085049468
0.086545389
0.08821898800000001
0.090295048
0.09197910100000001
0.001620981
0.004274633
0.006331222
0.008534521
0.011019477000000001
0.025139476
0.027055724000000003
0.029028076000000003
0.030896717
0.032758037000000004
0.034578642
0.036433552
0.038384924
0.04058498
0.042605734
0.045211486
0.04721916
0.049002485000000005
0.050715945000000005
0.052398271
0.054235872000000004
0.056095459
0.057780312
0.059426292000000006
0.06100375
0.062648145
0.06428302100000001
0.065897298
0.06753407900000001
0.06916050500000001
0.07084651
0.072559523
0.07426556000000001
0.07602258
0.07774134
0.07949453100000001
0.081222004
0.082803868
0.084321169
0.08581319100000001
0.087362863
0.089110308
0.09075058100000001
0.09224605400000001
0.093732879
0.09525842400000001
0.09679388900000001
0.09833974100000001
0.099860502
0.101338196
0.0023582940000000004
0.006333122
0.008867969
0.011167847
0.013564907000000001
0.0161962
0.018309639000000003
0.020213912
0.022135642
0.023975248
0.026045477
0.028092370000000002
0.030940956000000002
0.032916521000000004
0.034828733
0.03659972
0.038357481000000006
0.040040984
0.041736978
0.04346995
0.045235842000000005
0.04687133
0.04849951
0.050144214000000006
0.051984727
0.053644397
0.055255637
0.056882549000000004
0.058527935
0.060090277000000004
0.061672836
0.06321512900000001
0.064819033
0.066536225
0.06825616300000001
0.070049252
0.07170098700000001
0.07337584800000001
0.07506392
0.076592779
0.078512302
0.08010334100000001
0.081555107
0.08302385200000001
0.084502356
0.085988033
0.08747026200000001
0.08901232
0.090485383
0.091949951
0.001785691
0.005144340000000001
0.00798383
0.010308218000000001
0.012492605
0.014451234
0.01636868
0.018269899000000003
0.020170207000000002
0.022660041000000002
0.024565220000000002
0.026395098000000002
0.028172559000000003
0.02995354
0.031771375000000004
0.033540673
0.035373037
0.037190895
0.038838255
0.040497497
0.042167878000000006
0.043909046
0.045728481
0.047668026
0.049840314000000004
0.051962531000000006
0.053726971000000005
0.055439446
0.057155953
0.058846935
0.060622563000000004
0.06240990800000001
0.06416711
0.06583862800000001
0.067387232
0.06894030000000001
0.070414454
0.07190674000000001
0.073397791
0.074905355
0.076388698
0.077998618
0.080185976
0.082179811
0.083699597
0.08519794300000001
0.08668458400000001
0.0881242
0.089543127
0.090977161
0.002180001
0.005029265000000001
0.007527596
0.010726798000000001
0.013785734000000001
0.016017988
0.018295790000000003
0.021056842000000003
0.022984367000000002
0.024980513000000003
0.026790894000000003
0.02874662
0.030756099000000002
0.032551048
0.034640907000000006
0.036437106000000004
0.038213165
0.040099288000000004
0.042055439
0.044094789
0.045948406000000004
0.047608575
0.049372395000000006
0.051330628
0.053170355
0.055103237000000006
0.05673427
0.058413214000000005
0.059980079000000006
0.061563473
0.063250342
0.064878987
0.06650070500000001
0.068090204
0.06967182000000001
0.071244871
0.07280629100000001
0.074372508
0.07594561200000001
0.07755574700000001
0.07904570500000001
0.080555413
0.08206165900000001
0.083593332
0.08512717700000001
0.08659328000000001
0.088098072
0.08962468400000001
0.091095458
0.09253330400000001
0.0028782060000000003
0.006540290000000001
0.009120201000000001
0.011182783
0.013176231
0.015127722000000001
0.017473266
0.022051243
0.025047746000000003
0.02697066
0.028815976
0.030626916
0.032479489
0.034377201
0.036283827000000005
0.037955953
0.039631586
0.041340247000000004
0.043024085000000004
0.044661798
0.046355037
0.048058525000000005
0.049802191
0.051896125
0.053621921
0.055326878
0.056976489000000005
0.058652967
0.060353997000000006
0.061966391
0.06362311300000001
0.06528384000000001
0.066943552
0.068581689
0.070279742
0.071848963
0.07348916300000001
0.07513409800000001
0.076756973
0.078310794
0.07991545600000001
0.081460689
0.083038864
0.084642665
0.086331803
0.088050549
0.089735674
0.091425963
0.093134169
0.094776228
0.0016074890000000001
0.004414996
0.006616220000000001
0.009937165000000001
0.012635322000000001
0.015746208
0.017982877
0.020047218000000002
0.022469697
0.025546162
0.027508172
0.029327168
0.031755653
0.034702155000000005
0.036530742000000005
0.038258014
0.039962379
0.041870928
0.04376771
0.045437201
0.047090141
0.048764288
0.050337241000000005
0.051968201000000006
0.053866089000000006
0.055677424
0.057338272
0.058899016000000005
0.060575832
0.062289204
0.06404596900000001
0.065753013
0.06751051400000001
0.069274997
0.071017252
0.072655018
0.074237601
0.07582865200000001
0.07739417900000001
0.078985835
0.08051644000000001
0.082022279
0.083523451
0.08509303800000001
0.08692097700000001
0.08934452100000001
0.09099997200000001
0.092573572
0.094115052
0.09570882800000001
0.00165047
0.004428661
0.006945814000000001
0.0091632
0.01131505
0.013589919
0.016779054
0.019399402
0.02216179
0.024628533
0.026682317
0.028568082
0.030323903000000003
0.032355729
0.034096284000000004
0.035856434
0.037706813000000006
0.039675611
0.041513837000000005
0.043235868000000004
0.044990743
0.046748322
0.048559691
0.050274933
0.051869522
0.05347704700000001
0.055187105
0.056957392
0.058597416000000006
0.060215367000000006
0.061992062
0.063718915
0.065508674
0.06718774400000001
0.068752487
0.070266268
0.07177164400000001
0.07330658200000001
0.075066271
0.076898487
0.07836670000000001
0.079910454
0.08143122300000001
0.082933671
0.08442524700000001
0.085902979
0.087394685
0.088898062
0.09041549600000001
0.09206857700000001
0.26678435500000003
0.485361193
0.7407154970000001
0.9954315990000001
1.256349347
1.505887266
1.7673736820000001
2.01637886
2.2682954840000003
2.525639103
0.7270984220000001
1.390704189
2.004559312
2.583680756
3.0952429980000002
3.5516786990000004
4.002015916
4.447657574
4.872300522000001
5.291546827
0.770905225
1.463849615
2.1056393580000003
2.7075877040000003
3.2405299530000002
3.732366117
4.2177035190000005
4.695805030000001
5.157500735
5.602358539
0.019798236
0.023911694
0.022889106000000003
0.049177546
0.044262654000000005
0.050796824000000004
0.046721342000000006
0.052072912000000006
0.04635174
0.041110961
7.097704256
5.839419932
0.022312625000000003
0.022682316
0.021943038
0.029903475000000002
0.023502818
0.023147484000000003
0.023566333000000002
0.022788292
15.714044524
13.682012698000001
0.022609584000000002
0.024239924000000003
0.10033845300000001
2.212060471
2.103112297
1.961556928
1.9131955370000002
1.892869726
0.31011584600000003
0.316711725
1.9418423230000001
1.938817347
1.9617291570000002
1.9708162180000002
1.901320904
13.672478622000002
13.090491716
13.697352825000001
13.139307745
0.039002888
0.17535806
0.196869436
0.21271542000000002
0.225055572
0.23801036800000003
0.25136726000000004
0.26405077800000004
0.278242523
0.28960657900000003
0.301482909
0.31384309800000004
0.328962254
0.34069047500000005
0.352276605
0.36489439
0.378642391
0.39244693700000005
0.40416944000000005
0.414979739
0.42720190900000005
0.43808135400000003
0.44921574200000003
0.46065019500000004
0.47239326400000003
0.485053489
0.498831548
0.5131723770000001
0.525664947
0.542385091
0.55936704
0.5706821480000001
0.5841380740000001
0.5976555370000001
0.6112302030000001
0.625296614
0.637298463
0.6528334610000001
0.6641536450000001
0.6754869290000001
0.6905809860000001
0.704056291
0.71691274
0.728683725
0.7429157230000001
0.7548162420000001
0.7693430360000001
0.7817222290000001
0.79270101
0.8074769900000001
0.009113553
0.032145143
0.043951717
0.055787399
0.06786706
0.081173019
0.095263543
0.11068957
0.125517244
0.138697552
0.154313373
0.168778374
0.18227426100000002
0.195557482
0.208064605
0.22126136100000002
0.23223805900000002
0.24780390100000002
0.26132927
0.275496917
0.28751364700000004
0.302136407
0.315556486
0.328682745
0.34363006900000004
0.35738277100000004
0.369917824
0.38631602200000004
0.399876255
0.41231529600000005
0.425358035
0.44117997400000003
0.456554222
0.468147489
0.480302324
0.49362313700000005
0.50579206
0.5205139910000001
0.533750495
0.546941605
0.559512183
0.5739357660000001
0.584857986
0.5956803780000001
0.607155077
0.619536769
0.6304536980000001
0.6412878670000001
0.65545156
0.6689423670000001
0.013768017
0.026127508
0.036428573
0.047200814
0.06009318
0.07104428800000001
0.08183747300000001
0.097682869
0.11936875000000001
0.13461862400000002
0.14942534700000001
0.17070902300000002
0.18637965
0.199325317
0.22251178800000002
0.23749625500000002
0.248506628
0.258992863
0.27313368800000004
0.28571608000000004
0.298380293
0.309783757
0.322536321
0.3338314
0.34636561400000004
0.357259005
0.368848567
0.37815130700000005
0.387939806
0.398748459
0.409549294
0.42154092600000004
0.431442315
0.440881609
0.45068665700000005
0.462736052
0.472143236
0.482694279
0.493856805
0.502909766
0.513261961
0.5225325270000001
0.534387625
0.54786459
0.55705297
0.5658417760000001
0.575631413
0.584451131
0.596099328
0.605520403
0.004622162
0.027521948
0.038830960000000005
0.051202742
0.062950859
0.072963446
0.083021306
0.092892472
0.102736244
0.11589120600000001
0.126161672
0.136143014
0.14580199200000002
0.155274558
0.16494598900000002
0.175480865
0.18560006
0.195479904
0.20471182400000001
0.214353452
0.226833531
0.23827867500000002
0.24803460800000002
0.25938533
0.268531819
0.27818379000000004
0.28742884900000004
0.296941159
0.308596203
0.31984554400000004
0.32930442400000004
0.33834418800000005
0.347437736
0.358612812
0.36824236600000004
0.377315571
0.387118224
0.39602130700000004
0.40484234700000005
0.415602273
0.42500623200000004
0.433982986
0.442874142
0.45275422400000004
0.46150495
0.47018848500000004
0.47877271000000005
0.48733268900000004
0.495830286
0.504339524
0.013705418
0.025576278
0.036974697
0.048778583
0.0596671
0.06972168000000001
0.08007695000000001
0.090737947
0.10043354800000001
0.11096251500000001
0.12147619000000001
0.131216007
0.143095773
0.152774415
0.162696358
0.172601909
0.185120065
0.194632144
0.20409517700000002
0.21513509400000003
0.22424459200000002
0.23352822
0.242619992
0.252237223
0.26139032300000004
0.271416445
0.280518839
0.289696916
0.298682442
0.30911033400000004
0.318314146
0.32753871
0.33718695800000004
0.346202928
0.35576798200000004
0.36464514600000003
0.37343995300000005
0.382310484
0.391027497
0.399858777
0.40874535900000003
0.417566535
0.42635870000000003
0.435202403
0.44476147200000005
0.453943207
0.46263795300000005
0.471342254
0.47998962
0.48862478400000003
1.456678436
1.1668977660000002
1.026258737
1.011946213
1.9682582880000001
1.4278681450000001
1.1055372060000002
0.990092748
0.9848325370000001
1.6107264510000001
1.662006496
1.9507514010000002
1.9249023850000002
1.8357583590000002
1.8696972900000002
1.949126469
1.9062898620000002
2.4375695090000002
2.628693835
4.086724288
2.607949209
1.901803998
12.836261511
0.024050893
0.024600485000000002
0.022093365
2.2764213470000003
2.2323241840000003
2.216727381
17.239949225
16.860746668
17.934970736
16.290043082
0.116483849
0.106882339
0.103306088
0.022939724
0.024219573
0.028337144
0.024174098
1.193026122
1.031579127
1.0458893390000001
1.072499944
0.896799965
0.734236234
0.720368977
0.7710114170000001
1.069197479
0.944029753
0.8610781040000001
0.718372734
0.715646184
0.7149571480000001
0.734061356
0.709635809
0.753220518
0.720102962
