0.6241784810000001
0.463837916
0.40514054400000005
0.361965352
0.35882482000000004
0.36019713000000003
0.370845607
0.364455327
0.370437465
0.36812990300000004
0.377592625
0.36137205
0.35819883900000005
0.366427051
0.367607989
0.37220075900000005
0.36832115800000004
0.363414143
0.372118202
0.36181259200000004
0.384223833
0.356298695
0.35999903600000005
0.360636593
0.360694371
0.351133269
0.36262741400000004
0.35879655600000004
0.35862865200000005
0.358035402
0.592869121
0.429363227
0.39997409700000003
0.35922352300000004
0.356813412
0.35587137700000004
0.36493634900000005
0.36721340500000005
0.360250768
0.36171324800000004
0.36861797
0.348385677
0.36163977900000005
0.352767031
0.411917538
0.38204084000000005
0.36520492200000004
0.35356313100000003
0.35812703900000004
0.36132857500000004
0.362198248
0.358625627
0.36540500400000003
0.35785171400000004
0.35337612500000004
0.40935491300000004
0.35437427200000005
0.358311007
0.36746890800000004
0.35305558800000003
15.035487459
2.2670577880000002
2.314317237
2.369849817
2.311499333
2.16595817
2.071751905
2.078446252
2.070254851
2.0694297400000004
2.051071586
2.102333939
2.051832288
2.065584074
2.063418872
2.06371662
2.080431356
2.0726209040000003
2.042893078
2.036055191
2.051506849
2.0667867980000003
2.366002593
2.1946342000000003
2.093967815
2.069229178
2.1002425390000004
2.0657628160000003
2.0629864710000003
2.072285023
2.29345064
2.249454227
2.051729501
2.069249884
2.07410842
2.072486618
2.058451298
2.07799728
2.053621944
2.068814263
2.063390886
2.364968819
4.459953424
2.1784898310000003
4.17308222
2.0599075470000003
4.130655709
2.1198833440000002
4.203928133000001
2.0921223010000003
4.087116059
2.3527961370000003
2.168930141
2.056503031
2.12568414
2.063244331
2.052634726
2.041613528
2.0598394520000003
2.0607231010000002
2.064651866
2.0400354650000003
2.048312591
2.107557512
2.068373603
2.072474799
2.308390293
2.17818384
2.0480892600000002
2.063104275
2.044159418
2.084410359
2.069550107
2.054786017
2.2885051400000003
2.170730415
2.051757619
2.06001938
2.0486974730000003
2.0536633180000003
2.0766680650000002
2.0759646060000003
2.058497542
2.064537849
2.38285992
2.297084878
2.1768661120000004
2.0576896860000002
2.085699963
2.0640408040000002
2.069189461
2.330331945
2.1485524170000003
2.020157464
2.041732331
2.031504656
2.031505245
2.320668448
2.170542491
2.0791646740000003
2.054687206
2.294443719
2.164576144
2.039779309
2.082024065
2.045452778
2.0554933710000003
2.0349049850000003
2.290104366
2.197294648
2.309513383
2.1584802450000002
2.051371736
2.3204434600000003
2.192688768
2.0876512330000003
2.076620548
2.044231384
2.0732825740000003
2.066156234
2.0615378840000003
2.057311464
2.0541471860000002
2.062918045
2.040112573
2.10139076
2.060465997
2.0625866210000003
2.096247357
2.3399715270000003
2.139826455
2.0714118
2.039573158
2.070428665
2.0561809650000002
2.0664737140000002
2.0625896640000003
2.065553332
2.066898556
2.057106664
2.06902543
2.077126351
2.0690395610000003
2.10787424
2.074090136
2.068162166
2.064130232
2.144354888
2.129175447
2.1023725460000002
2.0969257900000002
2.0669523770000002
2.09482343
2.379430391
2.153033526
2.061561593
2.057271532
2.050238791
2.066511316
2.0720212950000003
2.456957359
2.238030439
2.1593517760000003
2.1558940310000003
2.1726336610000003
2.185471534
2.3453370860000002
2.179033904
2.061466583
2.049898941
2.0398758580000003
2.301578165
2.181717481
2.125599356
2.29768029
2.1820107760000003
2.081323273
2.080077413
2.085335219
2.0876989200000002
2.09115209
2.065653166
2.2897777550000002
2.241166933
2.076151228
2.082879969
2.3221017170000002
2.185856174
2.030818598
2.105469903
2.282692672
2.129679629
2.052221313
2.027909684
2.39428058
2.176048502
2.042619612
2.077628288
2.059752392
2.290925465
2.159749943
2.3823087010000004
2.153910783
2.050855496
2.0732087590000003
2.069936503
2.081756054
2.055514122
2.055911404
2.108582902
2.088450019
2.343264012
2.18810284
2.0688439400000003
2.3229862370000003
2.199071947
2.042413234
2.046607008
2.0762893250000003
2.294724657
2.1657544790000003
2.082657943
2.331809498
2.1582367170000003
2.053842308
2.0960634170000003
2.098635733
2.087087634
2.280704961
2.1856640410000003
2.0545447880000003
2.077637971
2.0485998590000003
2.283279815
2.164557738
2.070149003
2.069150444
2.0796976860000003
2.059029198
2.0612271850000004
2.290610145
2.1858896860000003
2.070323336
2.066890667
2.06909119
2.068755656
2.4125221850000003
2.187156318
2.284783389
2.126402771
2.0558764210000002
2.072140511
2.067374945
2.3194913990000003
2.1958361450000004
2.0642257070000003
2.088444837
2.313468437
2.126133958
2.084784456
2.1254822900000003
2.160938004
2.089415431
2.171043909
2.4260600930000003
2.1867738720000003
2.177978593
2.118462659
2.107936023
2.104259662
2.288525274
2.201231104
2.1017349270000003
2.2901015620000003
2.178296896
2.0671408700000002
2.286854484
2.107295676
2.119143406
2.130223078
2.1361913550000002
2.133301543
2.080378183
2.172358715
2.110523575
2.1492529190000003
2.221666162
2.17405108
2.1024988280000003
2.1277009540000003
2.14996156
2.118462772
2.108560229
2.122722024
2.155710103
2.203633556
2.142232599
2.163078252
2.148557683
2.0561524230000003
2.116089585
2.180056317
2.128541531
2.306561941
2.23168166
2.1010780000000002
2.3383257200000003
2.1813534860000003
2.12727791
2.317401254
2.2070598940000004
2.0836728350000002
2.082007378
2.112284641
2.333792031
2.180708827
2.075841994
2.0935331010000002
2.087049778
2.0956684500000002
2.093004359
2.3410763500000003
2.187750689
2.076500289
2.087139425
2.087164656
2.281305643
2.170135756
2.093012394
2.322472833
2.153272407
2.314886059
2.166800217
2.354598234
2.207889324
2.14412364
2.208104011
2.14634006
2.376390381
2.1704859930000002
2.073165704
2.279459068
2.175691877
2.4164739720000004
2.1809072890000003
2.084429106
2.073507836
2.078820223
2.058108839
2.046608367
2.065584727
2.0711304420000003
2.055400562
2.046573373
2.098336222
2.06724768
2.160495703
2.066121795
2.05593534
2.040625773
2.2857459380000003
2.14453338
2.072415215
2.055350963
2.06865896
2.0784661570000003
2.0686866960000003
2.065089735
2.290967236
2.152163244
2.056401375
2.3421178190000003
2.169603086
2.073112651
2.0578589170000003
2.053054839
2.0417424790000003
2.049530073
2.347416639
2.1712975830000003
2.047946536
2.0722030630000003
2.068051525
2.081060271
2.045373127
2.075308795
2.3198736980000003
2.140176094
2.0540705420000003
2.0739267000000003
2.0587084740000003
2.0576031550000002
2.040544149
2.080233743
2.0565636560000002
2.0547121180000003
2.0620020670000003
2.0779853690000003
2.043494277
2.046610903
2.057411831
2.053963382
2.066261023
2.0640404190000003
2.04894635
2.047961319
2.0267698480000003
2.061882985
2.3507390100000003
2.195001302
2.061004719
2.059080524
2.045444084
2.059262882
2.049995834
2.065463149
2.056360469
2.062307215
2.059305364
2.0546866340000003
2.035134502
2.0858089570000002
2.079204004
2.3181922360000002
2.1607091130000002
2.041953199
2.028868484
2.077892962
2.0489246480000003
2.050278635
2.051657007
2.0557849310000003
2.049332488
2.0478748280000003
2.203102774
2.092966253
2.093027646
2.0997601
2.101161989
2.071925025
2.110606687
2.101216529
2.090441566
2.092029218
2.1031375210000003
2.057129789
2.1052335810000002
2.057393089
2.061147134
2.0512059380000003
2.051515497
2.047317339
2.071941508
2.321065561
2.156850431
2.334978296
2.161053484
2.036344271
2.0546571040000003
2.354401884
2.1148146260000003
2.031008507
1.986079571
2.288690406
2.1617897260000003
2.046428269
2.0818835940000002
2.3530418980000003
2.1586945450000004
2.038423866
2.0802687950000003
2.069757375
2.068228467
2.046752967
2.0407355640000002
2.0666480590000003
2.041202117
2.0827169050000003
2.0651431860000002
2.3399672010000003
2.170499872
2.261851338
2.148247292
2.0691393000000002
2.382045757
2.1651065160000003
2.419637866
2.2285378810000003
2.113457083
2.3297731660000003
2.166798206
2.079873069
2.308533943
2.167698011
2.3820480560000004
2.163647123
2.393283238
2.1789316270000003
2.060152598
2.385222972
2.166168031
2.0405617840000003
2.371400693
2.164627801
2.088597714
2.116587845
2.337602134
2.1637196910000003
2.086657628
2.055991476
2.190347852
2.210264269
2.1940653620000004
2.1588922100000003
2.201773782
2.2344505900000002
2.133213968
2.164256593
2.1077601720000003
20.258587340000002
0.568624366
0.442965783
0.435019009
0.39903372800000003
0.386183953
0.594769795
0.434432552
0.376195536
0.38066975200000003
0.371341126
0.8211933260000001
0.651193456
0.604304111
0.5986123170000001
0.642469547
0.6136204080000001
0.610557109
0.632111983
0.622037707
0.65987374
0.621163377
0.8306722870000001
0.6442434220000001
0.5672378220000001
0.5540676920000001
0.7823528750000001
0.582278241
0.541260592
0.57962605
0.554662097
0.542274436
0.5580631460000001
0.55498466
0.541015954
0.553026982
0.555060262
0.5796766480000001
0.572673218
0.554621557
0.55351561
0.5869356920000001
0.556384128
0.561319189
0.564200814
0.557858819
0.5471977490000001
0.554504914
0.575855491
0.560009983
0.573922224
0.77538883
0.6153415720000001
0.5615615700000001
0.54812541
0.555651432
0.563867256
0.5641740510000001
0.5459476050000001
0.558593514
0.545392462
0.8534968810000001
0.645358003
0.5618325750000001
0.740464087
0.626678524
0.561832583
0.553547719
0.543395268
0.545696089
0.5540610100000001
0.5770242750000001
0.5593455390000001
0.610500939
0.551023479
0.562011402
0.5439735600000001
0.545244962
0.814010195
0.623660125
0.785254081
0.6243770230000001
0.558540873
0.5597340160000001
0.558336115
0.559521536
0.5682829810000001
0.574303113
0.8084212930000001
0.5984191630000001
0.557725522
0.761307049
0.82697542
0.588840033
0.569226442
0.8224124060000001
0.609214836
0.5615413060000001
0.550449268
0.549398295
0.5563841030000001
0.563936239
0.56712744
0.8102446990000001
0.6062206990000001
0.563352925
0.55592303
0.548854759
0.562719026
0.5594233000000001
0.802687543
0.606754357
0.7837060770000001
0.610672247
0.548693913
0.799488042
0.620091618
0.578384291
0.5594348640000001
0.551070075
