0.44738281886560693,0.1561980816787806
0.46704998025574,0.1524287362367811
0.451382891320395,0.15414286095585875
0.4626055404662786,0.15272763536078895
0.4476467609288356,0.15535160731209557
0.4545809981822169,0.15364264845584055
0.46568295322288905,0.15253096569342922
0.4575214281926253,0.1533608931833409
0.4513542672714784,0.154727978203871
0.45541670306573184,0.1535920195505639
0.45931974667441766,0.15324203572198844
0.4605075413865183,0.15297010419651488
0.44896956406356586,0.1551049749830342
0.4504741495558974,0.15496254557566438
0.4597837788183392,0.15298589953144873
0.44973621677335374,0.15499149883190858
0.43807159549949864,0.15696558593186402
0.46331763377904667,0.15389477619146477
0.4397472542131464,0.1565305610235048
0.4512986288156021,0.15401174665041356
0.4404304011137091,0.15611944367134845
0.4573477282940719,0.15397538527925672
0.4578972952308249,0.15396852409645992
0.4437835656999842,0.1554234627856289
0.45104887226806406,0.1543018854483806
0.4418595863835515,0.1559080082335293
0.44938574419100247,0.15446745312402732
0.44573520918498294,0.15519238832534032
0.44345125360514503,0.15565967793141508
0.4432784705036487,0.15580501512491968
0.44848334664431294,0.15458911595569358
0.4474983461608742,0.1549345984717558
0.44677049094135485,0.1549982223795344
0.44662650201072174,0.15517207980686645
0.4480459249605,0.15478786038594838
0.44846484748183113,0.15476623444112275
0.46601428593286204,0.15267551173063015
0.4456332424772396,0.1556891990713897
0.46182542305528396,0.15281472429442164
0.44802096091937316,0.15544860245705877
0.4511384742253312,0.15439852156202552
0.44818270475248906,0.15487876947364618
0.465611583031911,0.15273248897507938
0.4522730832781334,0.1539764481141235
0.4605993665581523,0.1532068714132784
0.45813855579901386,0.15334715415077185
0.45524689336227137,0.15377668372239633
0.45638770163672726,0.15338473797293303
0.46014589689329416,0.1532590865360897
0.44930931466391555,0.15477766724956796
0.45080337862222036,0.15472715870613404
0.4534688268537935,0.1538041590016911
0.4561105064796026,0.15366552579800402
0.45612341069661655,0.15356943559570496
0.4507227286793772,0.15475096193796764
0.452394466687119,0.15387797566666064
0.45291535856197607,0.1538288012210774
0.44129944574927793,0.15486073892399488
0.4631666492685486,0.15281673059736534
0.44684976813281213,0.1540496095456241
0.448261046851182,0.15367602201889655
0.452287652644772,0.15330157246196593
0.4444103241958664,0.15461859635511072
0.4571342162940185,0.15323920238308247
0.46098057497708544,0.1529444899202052
0.4580304245571971,0.15307342951956457
0.4456497273858978,0.1542658695063982
0.4448105249027335,0.1546184307723101
0.4615054904545162,0.15286489807835574
0.44595695916176004,0.15424142929669368
0.4491996868842457,0.15351489503740257
0.4510963086313942,0.15349650535535334
0.4487951658481413,0.15358842627878413
0.4517142874669337,0.15335205387541048
0.45155043707459847,0.153452846940912
0.4578674302698227,0.1531426652287472
0.45759418172918903,0.1532275417122129
0.4595782110972849,0.15311086505642502
0.44168822445941036,0.15607041046324818
0.44362242929794543,0.15509459072313278
0.45495549493164367,0.15338398502367317
0.44808984072314795,0.15411417068038516
0.45760729428142327,0.15318579511475752
0.4505584550521905,0.1538533086448431
0.4462886726125085,0.1548318412174883
0.44495085199108964,0.15495287334639693
0.4529568529460162,0.1536799289339451
0.4476119398318336,0.15430729404736143
0.44657392303661625,0.15449644092578607
0.4519460843361721,0.15383294120778004
0.4538479076206434,0.1535071176130324
0.4591754490511334,0.15315467108826678
0.4471739692794896,0.15447135885929308
0.4536226567879183,0.15358050582912697
0.45115044640659907,0.1538517236113547
0.44232480370173327,0.1552293532256193
0.4664179365137887,0.15257016240035157
0.44276740862454095,0.15452830877123874
0.45051775312861947,0.1530381178713133
0.4486999074526111,0.1533208190357417
0.44660137674797784,0.15352907719866318
0.4560823116167425,0.15298241340185237
0.46118131190825784,0.1527380606272671
0.4433533891365345,0.1539908466876873
0.46547962837133877,0.1525857092047476
0.4454019670834137,0.15387053254241112
0.4580412283451506,0.15285241030800548
0.4446507914353767,0.15397896018909582
0.4567422807244099,0.15286108157936037
0.45992799005412666,0.15275716950536075
0.4599656513908421,0.15275032606200228
0.4427530326023951,0.15662160785898727
0.4723308008301254,0.15310651343441803
0.46822289797254457,0.1532054269028641
0.46323527249962004,0.15346623695479655
0.4531209604174461,0.15411434800374613
0.44710390255320764,0.1551214096330341
0.4457084329127567,0.15564965432589423
0.452106184905116,0.15471473023111632
0.44849200332408345,0.1547183462894335
0.45849142117302516,0.15379671141795945
0.44507638832504903,0.1557066281382852
0.46132297000603206,0.15363228981251167
0.45614694647519266,0.15390471688356927
0.45597399269675787,0.15411091581473402
0.44839981481785485,0.1549691232345008
0.44496462941884546,0.15619575602290564
0.45933808791751707,0.15363387001116077
0.45177704745902525,0.15471576185404573
0.44464175749831997,0.15647779768488007
0.44450726708218097,0.1566073896093326
0.4447757502914995,0.15622717992259755
0.44492065960422084,0.15678096088890567
0.4640647182162623,0.15310149109978533
0.44602313963930834,0.15589057263673298
0.46205875054916845,0.15368365641708967
0.45509257738594644,0.15428581459677446
0.4524012072059051,0.1545271373678889
0.4488726253240191,0.15544507704760274
0.44924331177472454,0.15512708632822134
0.459639259512408,0.15395113733848242
0.4580114498955163,0.15396710265212057
0.448538346443079,0.15581562961872708
0.452156774411005,0.15481479860573188
0.45032934559759846,0.1549618396485831
0.45702171106591855,0.1541585526556239
0.44779143406811645,0.15587980692782644
0.4507880222401534,0.15482622144395453
0.4606522168141932,0.1537884669372148
0.4573002242538083,0.15414470284107148
0.46075738349943607,0.1537593935917557
0.44246965411652556,0.15546373896130455
0.4641201715255184,0.15292449931550353
0.4558945191167307,0.15301645913046424
0.44903508991401153,0.1533214942588385
0.44485605293248,0.15392162684357388
0.4472472382388254,0.15355175550002467
0.46056116265749664,0.15295244778119388
0.4442841742058133,0.1549381222105607
0.4444747694931043,0.1543328149852495
0.44447334853697895,0.1546642174565262
0.44441657906991916,0.15476887646279078
0.44459362337422903,0.15525460334143643
0.47617021786576713,0.15281283822421485
0.46233694693942234,0.15348990272111462
0.44639726094570675,0.15469603435201387
0.4504387030661569,0.15463598537325296
0.45663045187462964,0.15361247404801906
0.4453009932270993,0.15509084376625967
0.47092737648781613,0.15295888189358464
0.45143154395932833,0.15436774354481783
0.4739916555135094,0.15281352208364657
0.45507975603802436,0.15396218305834833
0.4534231586251926,0.1542901294478583
0.4697697790684776,0.1531212174873573
0.45635186058316063,0.15370117875767084
0.4548126806436577,0.1541239254185286
0.46694301178398334,0.15314362628886136
0.4637681477701072,0.15325025473931983
0.4660536274276999,0.15322595422290652
0.4447941310963356,0.15523269910995696
0.463881033831083,0.15322700830138208
0.44675356623019313,0.15665083011909575
0.46215657582717523,0.15312345116682408
0.46045018335394017,0.15344613960247225
0.4472023226073619,0.15593890511918523
0.4599158517855917,0.15389000159412197
0.45745668686585267,0.15390207452443427
0.45581331682816423,0.15433607677879574
0.45698460144688746,0.15425172854937924
0.4511928390379125,0.1553850156596646
0.45019700085227055,0.1555126033998012
0.45186899692146054,0.15514644578131526
0.4543790868778196,0.15454803410351015
0.44876069022536524,0.1559237067319515
0.4523655657930429,0.154963203054081
0.4530364647438468,0.15487007477705572
0.4498434790197172,0.15578257519706207
0.44951998397281756,0.1558315422044074
0.4538465978279333,0.1547645500784104
0.45430362670606844,0.15464710017379854
0.4539720787567025,0.1547613417801812
0.44970480027051424,0.1558104863937466
0.4620959595514932,0.15376833004571114
0.4433335070072322,0.15663649284869516
0.4524800136992904,0.15442776857886634
0.4581949175858005,0.15410014971633704
0.4495132426106488,0.15495030247997546
0.4465650362884469,0.15625509090888054
0.44743157570030856,0.15576604564640842
0.4558950132881491,0.15442598084606046
0.4463114202564997,0.15656551988733375
0.44762103537772885,0.15548824328909502
0.45697499528974556,0.1542096666781883
0.4480675454408118,0.15511335396059864
0.44907968257790065,0.15508104603735012
0.4607121516776023,0.15289730767899695
0.4441381199455657,0.15549644620572123
0.4505066202721416,0.1536147045140876
0.4496736783446394,0.15431820718602637
0.4469691224431698,0.15504533993898184
0.4577917907599434,0.15326012061526995
0.4542111092039584,0.1534395989795089
0.45796199988978087,0.15296663084588302
0.4550153340038768,0.15342896325364408
0.4477521738312006,0.1545401291836433
0.4474421587419623,0.15497464740339648
0.44750405917835934,0.15461286628051804
0.4443876200095792,0.15639630432953996
0.4679309808814388,0.1534477372117081
0.4449845441526754,0.15590272145278686
0.46150729808802055,0.15363782865927272
0.45246633156290983,0.15410182058188088
0.4667422366679816,0.15350639059650506
0.44677936430290627,0.1554325360428899
0.4578238459593256,0.1540997623307366
0.4515738213621236,0.1543731373975885
0.4505207725171191,0.1547138978728348
0.4496537743285545,0.15519705459918168
0.4496976358261481,0.15475198129892576
0.45806341660574434,0.15388137023709533
0.44847988843125625,0.155394456134834
0.4596871050665718,0.15379181721127907
0.4489609699284598,0.15526660912282872
0.4594183890441201,0.15380520117671784
0.44683766941222053,0.15389777378660144
0.441309024759233,0.1562538861719164
0.44337099540588,0.15549792140170024
0.44550960178541843,0.15511836165117077
0.44504980579372,0.15538544465293072
0.4465486688511658,0.15466954386477486
0.4466214389909327,0.1545688997367816
0.4624022500080023,0.15332992135435078
0.4420610756892834,0.15677847306998377
0.45917954366977815,0.15340362516379694
0.4457058521575063,0.1547488521473618
0.4565640490987394,0.1535967796023992
0.4449506379662916,0.15557905640293407
0.44794976031714534,0.15434787217578183
0.44330662844013835,0.15631606971370138
0.4466103988700202,0.15463441504232797
0.4423076134113534,0.15657996938755686
0.4445335422544225,0.15612215708732516
0.45420080331482116,0.15368479512146482
0.4501774325511202,0.15430818853447506
0.44471498714898,0.15589593418701653
0.451454175770589,0.1541881007927028
0.45271527022912716,0.15413671692243117
0.45290094074270754,0.15381104123854322
0.4528631407780115,0.15399764931267915
0.44479822130603547,0.1556667963211532
0.4536484762174661,0.1537560656623711
0.4508571082821737,0.15427130083642066
0.440093385196056,0.15718492351514984
0.45990751144380504,0.1534864777182065
0.4539269932271037,0.15358927343355708
0.44194825228007206,0.15546636860319216
0.441076736309835,0.1562595821796073
0.44957934374152686,0.15376901323961917
0.4402056645121692,0.15668788604350534
0.4439577694403608,0.15522185670450314
0.44791086114358186,0.15437047190940012
0.4448065115177984,0.15498646322749476
0.44890867508283444,0.15406687692160886
0.44619593924248124,0.1548134947302994
0.4472848015578863,0.15465812241951363
0.44860822959357316,0.15417993385226203
0.4447810562251929,0.15518615684280915
0.44697433081685173,0.1546897398977341
0.44627996107130086,0.15475757960256828
0.46428676832758775,0.15348097229759122
0.44511688485992573,0.15704173556453957
0.4452542418675053,0.15623802752620614
0.4462282668340682,0.15527370001900545
0.4517529896523651,0.15425528062042643
0.4499077480123785,0.15471461741168843
0.4541708035852602,0.15395737741827897
0.4611692984987648,0.15348722629368763
0.44963913073990036,0.15497238319047452
0.4598537721214608,0.15356833135733883
0.45912793123259465,0.15376285113536395
0.44801850810518234,0.1552023025524586
0.44831898570976536,0.15507903258207403
0.4564502787977995,0.15389612175505762
0.45514034226553785,0.15395109301193102
0.4579548978616858,0.15384597797720106
0.4573413248132316,0.15387113257829502
0.4689400417103634,0.15311417170168165
0.4449079322294131,0.15629528858970043
0.44564326926683095,0.1547317343436969
0.452326165237597,0.1546933630507007
0.45329743159250724,0.15380065513470834
0.4588411569537038,0.15350007747395739
0.46447695568117625,0.15343908746019563
0.4584715046286775,0.15375703440855945
0.46471305153117576,0.15321289958189138
0.45238450690231147,0.15427838986517817
0.45311488958175244,0.15420493070369545
0.45310456391627724,0.15420534085810017
0.4650571543123172,0.15305694902547765
0.4410529662426028,0.15693474819734118
0.45537533879988557,0.15332347548095215
0.46317420009324933,0.15318050211095605
0.45115336564685565,0.15400605622654553
0.4419659812833339,0.15629370599150447
0.44733655931154936,0.15474385807560623
0.4463596083014129,0.15517049966839244
0.45000998378725554,0.15426518175056617
0.44314727548791033,0.15618183457973528
0.4458741249218529,0.15537949598731265
0.4455816875177335,0.1557108842560407
0.4439692774067145,0.1558809701084554
0.4495570035245431,0.15472778688207403
0.4496732283235667,0.1545217639062751
0.44408282235203783,0.15571884445663642
