0.3528218931722823,0.42958680415686634
0.23283321765326387,0.48969925819638077
0.26162891475326444,0.4713149301999599
0.27124801361136375,0.44914306537494036
0.24978563869475032,0.47920822026946375
0.31901762350248286,0.4333669073913812
0.30180002115533194,0.43562160020746643
0.28821151519819654,0.44260919198682197
0.281579336034802,0.4481513988194801
0.2941505703823421,0.43897945617837736
0.35883189076936756,0.4190173325693376
0.2095597608287381,0.4850586403452754
0.22387649720621403,0.4536569239847078
0.21597308388882594,0.47716105368474515
0.2581540819559302,0.4402177425927939
0.27750261340764254,0.42948850427682583
0.3024838884845981,0.4242369040060617
0.3312246627614837,0.42270589150711263
0.2328771392636315,0.4458325699120391
0.24824841288138877,0.4455100794569969
0.28240462588789955,0.4275602517182114
0.3198521515352857,0.42276205914576775
0.3758217661327041,0.4199880760185383
0.2540457286492128,0.495084463936707
0.26566400989734307,0.45980745024866015
0.3384782424317709,0.4260196280084786
0.2751472962989485,0.4275490262566497
0.25648304236275415,0.4928772416431259
0.2898693703132531,0.4262345761839499
0.21892447976869261,0.4584315959037073
0.34883700685956304,0.4175860095880026
0.23716847589495382,0.4420513898032899
0.27538917775050703,0.42817260439829874
0.31556280147914473,0.42195327210955413
0.21430064828468764,0.48140326357489827
0.3334103771990776,0.444933438315232
0.23474401589957145,0.4746266080230991
0.2808949005336405,0.46988449930616866
0.2838606643552455,0.4600449695348168
0.24964825241485644,0.47081770376768445
0.3125934442431818,0.45909550521510406
0.32009367252905435,0.4522671679327363
0.3279906813826131,0.4476783260292365
0.19446022666594232,0.5455444479648449
0.3951754486854268,0.4219930261684522
0.32799316158633796,0.4314078531134755
0.3706181027956091,0.42326863921295305
0.20747643506052027,0.5369085567071727
0.20867346043337962,0.5068758983069639
0.20939536514478707,0.4944919977999298
0.243217059187926,0.48469659543342375
0.2874615201126265,0.4321692365493967
0.2867957032783525,0.4408238489848477
0.26454778700680476,0.47651887166346113
0.24357318450095763,0.4780361816548027
0.269096947161793,0.4715927164213154
0.2784846643335848,0.4514081501006348
0.27212780082155763,0.4602440084314305
0.274154571720613,0.45710097254102205
0.275120606448714,0.4514416829640081
0.40008004930036606,0.4236978757936256
0.2041645914729164,0.5104976933198112
0.2546685930495008,0.4571658619288039
0.23947887772347715,0.47157646424097993
0.3544900348079217,0.42718170457024374
0.21213848578901168,0.4935171435986733
0.2334827528191299,0.47667607398881817
0.318377503826946,0.43106724493143744
0.22855560389586804,0.4893319065868453
0.34541807977721134,0.4283000571357831
0.2896960985301958,0.4424738954134551
0.29394010888512156,0.43370272814933125
0.25812146862972457,0.45090869033188313
0.2708454589011926,0.4431304707059248
0.3064634934892649,0.4325950044587374
0.26175810088216517,0.4445349109613363
0.22634646850822987,0.49340644582079884
0.22279907785308628,0.5925537289715898
0.2915366281433256,0.4281328937305061
0.23469686473260234,0.5302372075312299
0.24001689270365256,0.4964378951306621
0.2625399478061071,0.47464617879031323
0.28491341505758483,0.45485084753608185
0.26967034892197683,0.4691360454318918
0.5101841543319162,0.442463513182962
0.21680322287861747,0.5204323968477743
0.25146391241018584,0.4831733635304911
0.38992735621456487,0.44556266338800904
0.2794997056051128,0.46750982153802145
0.2499468434170001,0.5049834523303982
0.3189652732591463,0.45009419785738686
0.3725724749723344,0.4489697668343734
0.2885565336280745,0.46410067209784595
0.24627856133995735,0.5201725830177406
0.29520427750948774,0.4553161836445682
0.3035979527838166,0.45519274749428035
0.2465444831618413,0.5151659852014622
0.24963758600700653,0.510481068831754
0.24814117704862684,0.5118005146127357
0.29176447172952946,0.42566061684065837
0.21841785855147441,0.5279084104421424
0.25592925855236137,0.433786035955123
0.22672718668074077,0.5005845647749632
0.24882777908676867,0.4703595786878406
0.24320392485395062,0.4728227273694711
0.24392844364669491,0.47165281627395644
0.3869140435129723,0.4228085197115607
0.2226405665665223,0.5557083238673158
0.23625814530789319,0.5231446139617374
0.25037013759867016,0.47693736827077293
0.3642320478594855,0.44051316477421626
0.28201749877760834,0.47264561726311527
0.30287257267196965,0.45153548771839347
0.3323187604641227,0.4493567564052458
0.29434715127758154,0.454509320178095
0.28739492697513963,0.4687251447088691
0.34538134669132436,0.44137704240927383
0.3380657976786559,0.4462570458531356
0.34246329390083036,0.44576740093588896
0.37338037024279697,0.4152588835174188
0.1992206761109153,0.5376418062368928
0.2004250317151538,0.47958742035193813
0.22199140202424536,0.4411166510995211
0.2744402778801803,0.4393717304134607
0.21555938089118568,0.46730852910895193
0.32276076209279214,0.4285452433841282
0.21759213364700067,0.4497429992079332
0.34217193258490325,0.41794509848858263
0.3469182036773099,0.41562551668997133
0.277429924998747,0.43162809620368126
0.3023674279682398,0.43132580600202197
0.3118403498104142,0.4298418448737844
0.2767885483808504,0.4339404446178082
0.304751918848944,0.43131308660147133
0.23568630672465954,0.5216883878756203
0.3353412681019318,0.41659202996602196
0.25706613402757417,0.4247920256539621
0.2404586304234431,0.49278434932862847
0.24507222522133587,0.43833193189811037
0.24145801122512559,0.5343866617902114
0.3292972660352261,0.4233805832094343
0.2736256050506594,0.4372407608882751
0.3021514442981312,0.43245479063171915
0.24596501218557795,0.4928244838995684
0.2415913304904527,0.5256789447551067
0.2615534126007648,0.462397095922676
0.31126666550116355,0.4309529468552371
0.26459900646023266,0.4413815270813489
0.253430314418387,0.4722330469382537
0.24705852271434564,0.4788323372839925
0.22432393897253042,0.48577714973397057
0.3508484255547693,0.41958243633514375
0.25632152417351783,0.4641270153113473
0.27749923780706126,0.46330980023915674
0.296365514741477,0.440879832512159
0.3401805892570631,0.43613923192323595
0.30958816740640727,0.43656357195598966
0.43722933750242315,0.41919011331556016
0.2311054656527418,0.5043147068132113
0.2607062247677941,0.4523142704469013
0.25339554823313226,0.499609805087271
0.33709662688958325,0.42572104564116675
0.403156239030328,0.42177510710810023
0.3111607065438862,0.43604462349004885
0.2989478552554213,0.4500942268411982
0.3084361016757232,0.44670710181592
0.4210856344691505,0.4197450349118914
0.42456815857291286,0.4193996983111189
0.36046271602408475,0.41522550470579933
0.23627950460668695,0.5029430531482844
0.2525742670226746,0.4350886549162164
0.3305515065119319,0.41921005841691095
0.27195822335618847,0.4337830619367211
0.3032167261796427,0.4313376910148295
0.30176247528107564,0.43342100340948453
0.4514960347124751,0.42172814000612124
0.22233600893894503,0.5099598958661381
0.25926757499794606,0.48742295429765775
0.3836194198312044,0.4255386267532009
0.3199306417749028,0.45038339844053965
0.2944834706354946,0.4660577621412273
0.43150226291538396,0.4243447261231607
0.28349907532972546,0.46856190226507677
0.26904668731940595,0.48547099779273645
0.34248478051984893,0.42849920679984876
0.3366456701325225,0.44457919457018047
0.33770846502356267,0.4340978616606369
0.24400882558561252,0.5342428750161002
0.4106225566985335,0.40916979397082864
0.2495079444756816,0.48690958461058464
0.2667374476191494,0.441176591069349
0.30029259444998957,0.42678887425685375
0.35457137249799886,0.4248033215468377
0.38604937035468706,0.41951477418980815
0.39669119209278664,0.41869544608671383
0.4394449407761429,0.4334850453304859
0.24054501383875096,0.5355345226324886
0.2547986992425794,0.5082120647611413
0.27324245098229777,0.49127195600035034
0.28367680917137594,0.46266720997028055
0.33599539599342765,0.451586529300451
0.24117555797477316,0.5300576898664929
0.27711680061134814,0.47037796941168275
0.3999528460292085,0.4370280223019944
0.3620674041674535,0.44244581529184074
0.3597041218605383,0.4501914959367597
0.38326728842495167,0.44129969428174065
0.3486682437467097,0.45064983296158784
0.3936187938486993,0.43936853447266644
0.3861759769539962,0.44060100185877277
0.4480881507458343,0.43106957877912366
0.22439027695635397,0.5462883965802898
0.3340369602721894,0.43365894695361606
0.4312496201501538,0.4317613129497837
0.23022284438787263,0.5130120043596805
0.22606435057642812,0.5452738053480999
0.2307155771160902,0.4969325982124006
0.2598457776226351,0.48288054481595033
0.251460199766229,0.4926414914378428
0.27236245871800213,0.46067500365278674
0.3182037934901899,0.4430142441981901
0.26181771365423373,0.4689030587453913
0.29847038021438915,0.45349149256747334
0.3083467196329475,0.44340935467781384
0.3046395559809792,0.45208498268638747
0.2670239622652376,0.4647320924864701
0.299294444334917,0.4529675470177485
0.2248991511438176,0.5458620463490236
0.22543134715924223,0.4829802091143403
0.38334836741453265,0.42111192780737394
0.24534806157136319,0.47342678682829836
0.34091025214215187,0.4368189235596763
0.2933715312569576,0.4490677548705138
0.358063938863096,0.4315188611509416
0.30300140879043075,0.4405743635240575
0.3760636579833255,0.4298608649489259
0.31931071329520017,0.4386031413928382
0.25248027477535495,0.4672652376451972
0.26499439968054506,0.46280217266171536
0.2774611729136362,0.4524656401351646
0.2697052677898287,0.4562792525671405
0.44094314656013023,0.4196428042344163
0.22932108543983742,0.4892694383903704
0.23125878118027626,0.4671429484508288
0.3082102816766816,0.43317469174903095
0.25625188554728273,0.4550215547194683
0.3684308767840594,0.43077973782808526
0.3955579788517671,0.4275305338151603
0.2760000708582107,0.43949686543113303
0.27169054771949924,0.44685102784283465
0.38599420444652255,0.4300918283474763
0.3674158473818062,0.4279440753681228
0.2408922650056825,0.559325906909328
0.28152574955767373,0.46797732997190206
0.33407198560604195,0.44509783062757446
0.3186006858626927,0.45567124691293465
0.2783798600820692,0.4956110284432488
0.25823591384150124,0.5199941051499984
0.25454658028840094,0.5457046721340708
0.25499733267620794,0.5413490379717211
0.24171963664817425,0.55855084452047
0.3263717962944349,0.45484744116648723
0.27661343727758264,0.5130964511374573
0.2701693409015727,0.5131725953651608
0.38249718618424566,0.41891714050739204
0.21749774737202096,0.5048213693486272
0.2383729200428536,0.5014296080814266
0.24539133496283372,0.4567089019226595
0.33304210894501135,0.4201675414965609
0.2895439422067886,0.448972761683929
0.29503792154828823,0.4385771302859532
0.3302227040077812,0.4375849705574689
0.2624160507632217,0.4494839776331894
0.3148903568763823,0.4380155726537806
0.2551343556758039,0.4508778027609693
0.2457759957110656,0.4563690263788843
0.32470279318135853,0.4376281472124398
0.2507837279925616,0.5185324066612936
0.4216488860041874,0.40799206648928654
0.36164556548118626,0.4230239038372242
0.25789456628815943,0.49498147885586613
0.42138595008954444,0.41538603573033833
0.26663732069531,0.4631752506328469
0.2528399368473485,0.510538656665688
0.3348906326768712,0.4248057579899034
0.2869649945465618,0.4416437315253944
0.3072322712595878,0.4376255393973654
0.2752743111462913,0.45780899956447346
0.2815057911683409,0.44872316642934484
0.3236558060198941,0.426474991277562
0.31142943934696243,0.43320979058587183
0.20033167463757484,0.5722427939631508
0.4179432770510802,0.41666289456996264
0.30476604256616924,0.42168963584977015
0.21626338681854662,0.5435530143280188
0.2645424868748278,0.4507678825472236
0.2183594599008484,0.5059405336704871
0.3780445539978891,0.41940840006285857
0.24076741941981245,0.49463210134290453
0.34215254664633066,0.42120624935767537
0.25059174055807515,0.4709996290228689
0.25890008143494286,0.46403962393691595
0.2543120975474415,0.4656733800006743
0.25635203782097543,0.4654479670649339
0.3834157863526495,0.4270784637553287
0.2193536893999606,0.536553637274982
0.24069973382505414,0.526514068574429
0.2445457839169603,0.48605477151844984
0.3463268063241999,0.444154006768872
0.3498175940478498,0.43279964474213717
0.2999934952903073,0.44642082385530885
0.28359670087722744,0.4612786270332047
0.2503334525249349,0.46390788788207243
0.24758763676818893,0.46423170426736515
0.2870886022036239,0.45393404209307336
0.2979304935579683,0.45328343724093595
0.3470196910595859,0.43909146930542203
0.2993646251177075,0.4475472659622023
0.2356578754796652,0.5203072325847835
0.40654671531793646,0.41529620905457093
0.2524879970892151,0.44091309264046336
0.2673821479172263,0.4301356519379026
0.35489026123813827,0.4244059641223478
0.3948721445531086,0.42091769293137654
0.36359752758615704,0.4211622087904558
0.40575723608764197,0.41753678317301507
0.39408446709422335,0.4269525975915334
0.2512246140211348,0.47566612955824944
0.3396960368915666,0.4323241183253823
0.266386098910022,0.46420064451615894
0.3121782099870793,0.4375607273146691
0.29595002063545317,0.4459597754381866
0.2743456890158428,0.45537079392269164
0.3315541135492329,0.43386336141512644
0.2944792005250167,0.4527368431952865
0.2866468313130546,0.4546551990055978
