0.41370272227086874,0.32229634876231295
0.3085225128339216,0.3536065459194276
0.32884366633911716,0.3354803713604887
0.3388585513873069,0.33072397679337534
0.4060657498583334,0.32241341269849777
0.3825761113460023,0.32332142079512466
0.3088563547878128,0.3468903502803079
0.3631402310731343,0.327291924536256
0.3283992533862992,0.3409668098080624
0.31407309189098936,0.34233013249935523
0.3501829790499578,0.32740411973631867
0.3466888179269464,0.32941124808328226
0.3129006172697318,0.3457407826823355
0.32506133080045907,0.34193007342650633
0.36512278853088315,0.3242753731896331
0.37709994523740564,0.32401112316956976
0.37137418904931035,0.3242433169767884
0.35982323553698203,0.31693544539424245
0.2996437147130245,0.3389203879974056
0.3159327236391358,0.3233997540423299
0.31057930519159227,0.3257564678114719
0.3097628019504555,0.32980116710307944
0.32641836205312347,0.32207137954426635
0.30863193403347206,0.33202912989672756
0.34980370470975114,0.31752993199983115
0.30711238125160784,0.3341870284866546
0.3013694117604394,0.33522077643234743
0.32984154109371594,0.32153181737680875
0.33667737433778494,0.32011798501190947
0.3325705441010957,0.320213017476616
0.30113835737050376,0.3380869141286693
0.3416043021026541,0.31959136930075993
0.30442507351515563,0.3351362594775364
0.3471389809668184,0.31924737976935685
0.34935766297923565,0.3179254802756488
0.3445431860015849,0.31956489247193315
0.30029208755616094,0.3386905894496461
0.34482929833997583,0.31931256853290396
0.3112217128039445,0.35020985251932163
0.39717658314646737,0.3166284462889626
0.3138562322997882,0.3356008161578464
0.37881263081947397,0.31761361675168465
0.329891631359946,0.3253471435430877
0.3147781022522044,0.3306629684514943
0.31193338266514276,0.3477769401729001
0.35777462127358933,0.31925026736473433
0.3406954929729073,0.3238502504156077
0.3577646716039811,0.32348523006199237
0.3563595862952877,0.31643879659441426
0.2905748719210855,0.33390555317087256
0.32435335143098704,0.32352904067098626
0.3412933090202725,0.318893572152711
0.3267786909489451,0.3199380368794024
0.3152618932441051,0.32463152329700756
0.31510105798246324,0.3271535011884015
0.30049936596334015,0.3323536592887889
0.29251027250493705,0.3325837263895961
0.3122669611576619,0.32859486790115017
0.3347735645456691,0.3199044089035266
0.3076869939832724,0.32917661506119716
0.3036156863180442,0.3312630597435086
0.3058687367165793,0.330569853058975
0.33876991068984946,0.31934982633367764
0.36841540372501497,0.32708976689150304
0.2973077673646885,0.3569237972230336
0.34108455106385,0.331514455792971
0.33220904385799854,0.33216924084547933
0.34860408288433864,0.3296270675239675
0.311003731032386,0.34577061975277534
0.29892049325979825,0.3550828706449537
0.3632208751934727,0.3274689910440468
0.3005032248635508,0.3512885032001177
0.3140903210348233,0.34220748161277165
0.35549487672853797,0.3281422021173329
0.3309904966125145,0.3356828159944077
0.30552135537415553,0.3471622180618683
0.3220430093898521,0.3370570439565905
0.3551082107548754,0.3294927833795793
0.3046476863476461,0.35010572116218974
0.3065476681779545,0.34603319364377516
0.31874213571128585,0.3390472942292124
0.32585114069204546,0.33621863303408633
0.315819422520315,0.33999988156101973
0.32901995526290473,0.33571593328903476
0.30290059280430137,0.3508091027575019
0.3232859164278049,0.3365135654262045
0.3148305516863664,0.34055334683914096
0.3186453054942103,0.339149335967371
0.31427689037126333,0.3416850566333025
0.3037964195911534,0.35020523066400744
0.2945562967690079,0.3567452999630078
0.3513168809549563,0.32564780967407747
0.3160099799573112,0.33278273877587533
0.3324850665639233,0.3268614543023745
0.32451200114346823,0.3276384248680095
0.2979355537543931,0.34477498127925266
0.29772621295250956,0.35471034658015305
0.29818345716172545,0.3410641740677391
0.3097294665991627,0.33971596129428017
0.3121399924764047,0.33765405674358756
0.31140374995827674,0.33883697388111783
0.34541997084650733,0.3197177604490237
0.27877353174223246,0.342311817200477
0.3071777275127424,0.32796191046529455
0.32357645118411815,0.3268711659865503
0.2931892192009171,0.33951365378134885
0.3055712066307196,0.3306930454265825
0.34428912568254344,0.32143220182143195
0.2970187796452778,0.33542478643420953
0.302318773298305,0.3333417822295779
0.33417959173470924,0.3220507423199785
0.29355008162917,0.3387064746208194
0.3305538620406026,0.3222293678371329
0.32827826681304095,0.3241268583712738
0.29900759834913626,0.33441490542106594
0.3240432077345096,0.3245004024220669
0.3245787789518983,0.32418057516833454
0.3715885280516734,0.3187705161817937
0.2999222374537561,0.3546742673242804
0.30741996945391054,0.3406080489532722
0.3202601344895337,0.33953938966393377
0.35326471151228367,0.3209869799517092
0.3711721573305653,0.31955227072049047
0.3290489766488568,0.33161808778109125
0.3238438439095226,0.335061043582432
0.3470303634465788,0.3229298801785107
0.33764702620360054,0.3306488359168007
0.3405107768335173,0.327812239328978
0.3442833511207899,0.32584493712441165
0.3508852522220925,0.32183821436230065
0.33854475124885297,0.32972238204528087
0.3267733749235372,0.33402490644576216
0.34323771652328455,0.3260971927296819
0.32596158145722426,0.33424200372296736
0.2979286746095232,0.34713940736929155
0.3730811783730797,0.32177178877189794
0.3124954155611694,0.34113432073231403
0.3216909101853392,0.3357040244756183
0.3273532651438284,0.3303164063365514
0.34210037148911554,0.32707508120472834
0.3313955735843658,0.3286062855014808
0.3545385484839042,0.3265866553466003
0.3595573574103593,0.32207159655646955
0.3187687891549614,0.3395152446673919
0.35542787616752,0.3249230036350376
0.3579297816303198,0.3228378222856243
0.31678697628946983,0.34087783670508265
0.3183098864364073,0.33996497358858097
0.3171264777984189,0.34075864063554023
0.30144525704077996,0.3441347286473245
0.3588500365338823,0.3177430140649508
0.3324649378474421,0.32696061083007066
0.3488812570486509,0.3268336498075482
0.3499137237173194,0.32085247693420865
0.3035070560193987,0.3396188624032411
0.30942941306656435,0.33656409424796707
0.3253400177287107,0.3299550476626153
0.3198725856235499,0.33131224775101215
0.3493065114493175,0.322446050011804
0.3161852130813261,0.3334499033777698
0.3026145486313549,0.342245251405116
0.32485302155186146,0.3304665409273606
0.31300102449720746,0.3338742709763348
0.3104173638531188,0.3349566293269913
0.3106498032732227,0.3346647045387496
0.2893460376797394,0.36412218304535
0.36460155690813173,0.3232729331047075
0.2933135522953345,0.35122948305689605
0.32640590742195597,0.32951156594827435
0.2984863182498834,0.3417756968284223
0.3139454204612614,0.33171480290131394
0.2974590206383148,0.3502857273370944
0.33995513170158825,0.3288477692001622
0.35617106522410596,0.32471827388987795
0.3018884973325494,0.3359524504332454
0.35132600897415683,0.3262816879943827
0.3035056456647165,0.335935021942384
0.31366635721447744,0.33571709365898184
0.36454088733555506,0.3239740633295906
0.3469637774255181,0.3274973896507189
0.3443211343367431,0.327974151723464
0.31375084777135726,0.3353426731508442
0.38469915730840365,0.32068489819586204
0.2992986348538979,0.35286675905911047
0.3238383819108011,0.332309489455633
0.3666495185606172,0.32198961617162286
0.3021768830098041,0.34209494543500996
0.3548972755767511,0.3240341438512338
0.31398565126731043,0.33437968624523484
0.33235119728798684,0.32887997971302335
0.300214982185546,0.3485856716928067
0.31095209224322107,0.34135185042968463
0.31273364464028647,0.3377140978817193
0.3799009032403963,0.321574115107177
0.34675801429802117,0.3255655614135736
0.33994565902456875,0.3284934162665424
0.2999542316666622,0.35004017309995544
0.34866871404950306,0.32510765360073607
0.33885753983206285,0.32863334669601246
0.3515900307554428,0.3175321716379988
0.3130646553484174,0.3482741011143631
0.3136111384732155,0.33799796902555584
0.35022446830649306,0.3223483105856674
0.3300621081601781,0.32582734229431587
0.3246746097714465,0.3284414292610567
0.3178445168653116,0.3325827407633142
0.32119936440647895,0.33093359882120016
0.31692166363759705,0.3375265843698051
0.341592760551451,0.3225295239914547
0.3364399522955752,0.32563992882955817
0.34112083268129595,0.32357109755782537
0.3384755166665921,0.32443704282205
0.3371655992985935,0.32457907481778125
0.2979110295377588,0.346284108314874
0.376112408635194,0.3219039496176261
0.33298496647362386,0.32635588049195197
0.31545885511836763,0.32965975725075947
0.31376522630942444,0.33365082457763523
0.29997623064632395,0.3437845973194999
0.35331618476903226,0.32596280819947643
0.3000577215783905,0.33686940495687356
0.30233683224710245,0.3362389194737637
0.3748077115691775,0.3239127929115332
0.3610502544327369,0.32432772382434566
0.35873541854484575,0.3257125935399502
0.29988106732587044,0.3534124982449274
0.3848210147926106,0.3153220791283867
0.3044071085562023,0.341767120615634
0.3347984238992342,0.3345142805073677
0.3376280438796196,0.3293663731857268
0.32420511797833046,0.3366591379885319
0.3785414662263747,0.3206161191755166
0.346604478437724,0.3271028714594922
0.31327562809226994,0.3398356807895756
0.3195758630966954,0.3398356711447952
0.3565225153154904,0.326819946242637
0.3710597949252122,0.3210854072197154
0.3611874447799917,0.3256881861078314
0.36364795200213684,0.3247993757374279
0.3671557954918253,0.3237756624837626
0.3701861054774704,0.32238211029898717
0.3701288081113966,0.32337262744823236
0.3628600278569436,0.3250707236309294
0.3681695448815439,0.3236792518398838
0.30236274182314204,0.34225283215031893
0.38908524861909083,0.3132502740869501
0.339149769522742,0.319992298748861
0.37317414983793856,0.31331302247502457
0.30716526609212813,0.33900527626646504
0.3633850181485019,0.314898546728951
0.3236178329177699,0.32570263656578013
0.31434300896991585,0.32922672611157794
0.35872814026020566,0.31705022539953454
0.32705031309148985,0.3219229912737149
0.3525350854617058,0.31861133397327496
0.312454122453218,0.3332862290403359
0.3076885398871236,0.33412341831276593
0.32737398534276174,0.3206453334905039
0.3193098473075792,0.3281811051978232
0.3215458586021595,0.3276292636077359
0.35271194471868905,0.31837321433046906
0.3097172209148608,0.333810591051916
0.387622328214991,0.3186881692626344
0.2937303945566969,0.3642818319841279
0.3179598522102883,0.3324960351001625
0.3115381711001781,0.3394703341096877
0.3855000189859982,0.322119688422403
0.32873349739149627,0.331384263527923
0.3025172177922267,0.3520488921071264
0.3708287881129315,0.3221303276250206
0.2963949104522894,0.35435113598874807
0.29600974110390516,0.35931465458958944
0.3511198151117889,0.32435573525871947
0.30556786741681224,0.347951309929735
0.36525735509932195,0.3228944222207336
0.2938494102578539,0.36279650636770944
0.3363360354637095,0.33052818924526384
0.34138961006871876,0.3277248904973857
0.34546543676468794,0.32530477101352506
0.3576393806928733,0.3241010706504191
0.35886001124677097,0.323107560252755
0.3111238722736806,0.34398387712383677
0.3102090769136531,0.3455984523441042
0.3451349583875213,0.3265123386315241
0.3381560775430989,0.32867663584340834
0.3094360884385687,0.34776508897135006
0.3078995184219717,0.34776733363514545
0.3110119548814418,0.34403269275647885
0.3374089511467735,0.32992672517296245
0.3379902065612466,0.3293784816269802
0.35111322919416876,0.3169200875493273
0.29353739720492855,0.3511244085294195
0.30025697865571344,0.3390553429982965
0.3239044111192999,0.32912905272717147
0.3089383711900009,0.3355126617137567
0.31311533141717424,0.33098504562105424
0.2992733041218053,0.346456996009797
0.30920344264055516,0.3322130220401352
0.32809670220250325,0.327125713305393
0.35062233001401405,0.32094488928876
0.29758481226575145,0.3493816614293212
0.3416751233215266,0.3246623453931895
0.33539159004556635,0.32502154136187833
0.33109697256398624,0.32642581746251115
0.34697839970600197,0.3232463308164839
0.34207623944390697,0.32364460829715375
0.3482015253539027,0.32208892859487037
0.3346581442641885,0.3257884782422983
0.29883235418443965,0.347567632952382
0.36929219237305866,0.316873463280137
0.3022269644357069,0.34750148183056684
0.3362653058626579,0.32327693503621807
0.3549534230623499,0.32250854758271663
0.30445211336431904,0.34309984871049815
0.31556094294926956,0.34054063925641975
0.3253969704496799,0.32614552608728303
0.35885912364599387,0.31793766068942453
0.32388266048696757,0.3319414710044112
0.3289033312741535,0.32568466043799393
0.31229466735229056,0.3419114705929225
0.3176214296804395,0.3351537349711752
0.35713717423678715,0.32144204707922563
0.3674468775766885,0.3178019758905472
0.32325348561658057,0.33313478881193387
0.3210059329454224,0.3343856145354755
0.31975917665585435,0.3347495303404844
0.31883165203319896,0.3348534125952166
0.29181163553994766,0.34983982980544714
0.3953174395225608,0.3171596095828269
0.2944669500418932,0.3407908329014338
0.35241258854462626,0.3215084993027055
0.38152483415455124,0.31903686073618553
0.30066250234020897,0.33895261959501477
0.3466317801915503,0.3249493599819746
0.3054810496831358,0.3353034433945198
0.3303668369961107,0.32736787593581146
0.3679225262908257,0.32012073405416497
0.3674812494772221,0.3213063613133744
0.39412109560154923,0.3184272541527617
0.3282999109440186,0.3309317382661099
0.3196949567116686,0.33377655645374954
0.33886245777476104,0.3273241696549924
0.31336986567628133,0.33492809247409855
0.34290933327154066,0.32606034860108085
0.3282565221711854,0.3320602709307618
0.31173511773913026,0.33527074795351264
0.3234277228949802,0.332422449551174
0.34117769721297214,0.3263638499833005
0.3223965863192356,0.33328221624920973
0.32255976508952494,0.33286392788443264
0.371100202775763,0.3168361706672953
0.30484409259664674,0.33605099861643517
0.3165377765309305,0.32871665294492575
0.3441354372330066,0.3206597759799185
0.323801211044858,0.32566456103470065
0.3604493556142184,0.3175867832357502
0.3554891673823399,0.32019436321869976
0.31381590049991964,0.3329587530847764
0.3381602261480771,0.32457761255800566
0.30594619810565604,0.33321675898939285
0.3345552262831087,0.32511011596501854
0.2886130224774268,0.34408710914330354
0.3200389476596188,0.3166915832329939
0.30211816354354815,0.32520604840091
0.293970959272288,0.3353570642865259
0.28948623834176923,0.3394188946797183
0.3132178263138349,0.3245251646118838
0.31733189372461856,0.32162144656291974
0.3014066703132117,0.33443205757478106
0.3015922071629073,0.3308246600308632
0.3134969050820346,0.3223087640719212
0.36991489547111095,0.31927899578686453
0.28503645613038386,0.33532592701153324
0.3457122630540313,0.31946481133347265
0.33005846708358144,0.322312909691785
0.2988096722153494,0.33389278688777235
0.2996179351028586,0.33085433523399427
0.3204785083894186,0.325364760173633
0.31096605920249265,0.33011668645081327
0.31526532965529025,0.3273809998383489
0.31273416956029654,0.32851049722293446
0.32997707349823313,0.32454440228438386
0.328484177742766,0.3250417238918819
0.3131185080781831,0.32742006523888534
0.3656402006745951,0.31799209638006
0.29218835419433303,0.33991960043153757
0.30362522887128907,0.3262936987133232
0.3027157324807522,0.3347102175371955
0.35861071021484037,0.3184953934418296
0.3317403649612884,0.3228274191918523
0.31849981170352154,0.323846165515745
0.3332555813152389,0.32137557989768867
0.34775197137282515,0.32123733887615474
0.3500985755249537,0.3203831359395562
0.3131276061871249,0.3255745937867666
0.30023189531678357,0.3372108038440238
0.2938750510333772,0.3382449825282326
0.31765368976955105,0.3253044459009102
0.30213385122720887,0.33540295036813084
0.2982551749619298,0.3380730170377682
0.3114819650856013,0.34264685532702727
0.35606810791912785,0.3173446848379563
0.3267901778075379,0.32595123080892524
0.31584626343223315,0.32853827537671304
0.31375187714268116,0.3364833261709794
0.3404012943839646,0.3241048901130413
0.3475729506570405,0.3229637517972099
0.3529632602135434,0.3215950235888516
0.3462754440347156,0.32389861090227867
0.355528705220405,0.3209015385186725
0.35447049787257856,0.32143274498656743
0.3659955828568854,0.318292555641177
0.2989045319712738,0.34623254802208886
0.3084631190881983,0.33926458408719573
0.30225061916060625,0.34394543645976505
0.35178089585119166,0.3218044145125657
0.336853857406323,0.32274367027321327
0.3256238115260383,0.32619031187045405
0.3086372180018185,0.33447219701760783
0.3224163292816065,0.3283063377445063
0.3164103563440668,0.3292754301246865
0.33240578341188975,0.3242212198564633
0.36122636202334824,0.31867825803516936
0.31233864214891605,0.3327670808092921
0.3140971825631787,0.3312343325332149
0.3547166407370564,0.3193260593716852
0.35426949803264846,0.3196449183349276
0.3352153246564317,0.32397328954828064
0.3053101293427026,0.34939779829695516
0.38247408035408154,0.32031364592097766
0.33302923078349683,0.32598689951429155
0.3492609132575067,0.3242696970164573
0.3236010318378449,0.32820580537935573
0.3061162039225946,0.34305642944097436
0.3765525738086225,0.32113877286862064
0.3109964242832805,0.33724378698906043
0.30678789719033694,0.3399354855163664
0.3647680674042634,0.32205580194164235
0.3217573783616991,0.3323276904046169
0.315042833542296,0.3351301384719571
0.31924782962514386,0.33383158917413003
0.3569817843681007,0.323882922961849
0.35969270038006185,0.32228653704893456
0.35725977920489294,0.32261914003641934
0.3482305522202772,0.31317449824974064
0.30019420818243614,0.3446072406884604
0.3005815432870338,0.3307930685094436
0.3185679571213512,0.3215048695709797
0.32159971188965636,0.3172656807651204
0.30157486865283506,0.32682226477308873
0.3302013490379257,0.31641687244851086
0.31258619700480317,0.3257406325015019
0.335323568890867,0.31475453142048226
0.3392797030921008,0.3138660655125807
0.3121456368704466,0.32620307327677306
0.34639272620234934,0.3135978175204401
0.27056174224829016,0.3500107393645314
0.34763342590114366,0.32072940051094234
0.317446555509022,0.32334700983560716
0.3406695926189031,0.3212728464627884
0.31186434608273805,0.3285845257116559
0.2717423464613831,0.34432679200883004
0.2797132917686023,0.3441992562442975
0.309555401134612,0.33191146875153826
0.2904517180456961,0.3391637462367442
0.29540671154751846,0.33528907148111176
0.2803908511154124,0.33988936405059156
0.3009418491881026,0.3338896218576831
0.2811901196242587,0.3396853557513152
0.2931478493350195,0.33703714976392085
0.30425651011237254,0.33272064314813454
0.2918836388341149,0.3375138856486842
0.3039301906346543,0.3337082645643508
0.30423834989476883,0.33338852287091236
0.3773629230196298,0.3196074305379096
0.2837981368089853,0.3405850728789021
0.29669571127751815,0.33822232978400496
0.32751319300674603,0.323776389247839
0.3474305379018304,0.3229266034356946
0.3023177563251345,0.33370982096699003
0.31888163165308114,0.3296577595048014
0.366469137672555,0.32266473209549446
0.3727772999420269,0.3204621128601068
0.3189476726442592,0.32618162243676285
0.30391690906995533,0.3329420039033481
0.35668746010836083,0.3227130846479944
0.32259354499946286,0.32513804311772876
0.31595551929744325,0.3321251199589758
0.31674929437634064,0.3317246216577468
