0.4421022266720336,0.15661899369732762
0.46402654353259914,0.153826064254328
0.4562095657334533,0.1539093599178169
0.45382135773274673,0.1543949203528881
0.44360979966269953,0.15587067312567568
0.443504572310634,0.1565115892417293
0.44439422275702634,0.15536539200459368
0.44580276236967026,0.15517778564045526
0.4512878948598949,0.15464222280576378
0.44628920418361573,0.15491589347277943
0.44377529368415825,0.15566275207465394
0.45300812764099363,0.1546073738363923
0.44817234501412134,0.1548307227284113
0.44967755602215886,0.15476700785605144
0.44719460641892395,0.15483895208923962
0.4537588532385198,0.15453808954066153
0.4432814283901822,0.15658593954459296
0.4496216693665953,0.1547721870969044
0.44362192439631215,0.1557623550352424
0.4701049128887918,0.15315170653683344
0.4443414046354517,0.15775892557116433
0.44600510110686303,0.15688107097434342
0.44753234957470234,0.1560927558293778
0.4645678887869744,0.15383673209234666
0.46664713633525656,0.15370453880422918
0.44543505864463295,0.15743636095518496
0.4680282238115952,0.1532468522238834
0.45461587731526465,0.15469813890968076
0.46080922220069154,0.15397463502827344
0.45242004331905766,0.1553640950759337
0.45828140912559007,0.15464796691907426
0.44869876246065915,0.1560021599922266
0.45086357619736983,0.15596527341488226
0.4535410063819939,0.15495564011114446
0.45172882540681863,0.15561885809631232
0.4585973159206795,0.15452981897609314
0.4513074719212598,0.1558086891319416
0.46029226008141416,0.15406992081983684
0.45898478761166955,0.15425700075999832
0.4537747452776169,0.15494731038737616
0.45933640297002193,0.15421204800752494
0.4672999190861538,0.15285500954470976
0.4422747770761351,0.15549117896931536
0.4455232220606596,0.1545715297232697
0.44327901338546005,0.15547429545182417
0.4472294701435662,0.1544561524806445
0.4632417024790075,0.15307693892874094
0.4521611144323035,0.1540864597917144
0.4668198459263259,0.15294682063609885
0.45133741819689177,0.15432574550809516
0.45317044532900097,0.1537496750856716
0.46294276344332863,0.1532477943396741
0.4593432075728415,0.15325191290423956
0.45551702522392395,0.15369886502194158
0.4577491995509981,0.15355154910142318
0.4584494386496514,0.15334141450407773
0.45439647561215546,0.1537273543771032
0.45796388212780165,0.15350598139639016
0.45189298040583775,0.15428753245479987
0.45174026168897025,0.1542930226220505
0.47052009509053283,0.1528433765415
0.448753497034841,0.15575826238759422
0.4660212705097829,0.15303705746786297
0.44923522692518997,0.15528318391111615
0.4571946914193051,0.15382132413021318
0.45658375023781306,0.15410961366323228
0.4587460309803531,0.15355346875588402
0.46027054620680713,0.15339924914125916
0.44968873343755444,0.15489613328309867
0.46357742146592495,0.15337279083772648
0.4507043697554661,0.15468910291665308
0.4652500705426035,0.1533184172174013
0.45174717812425086,0.15448919024850752
0.4531220787097288,0.1541147340665423
0.44905712153803934,0.155712422696553
0.45267760119243294,0.1543212827590446
0.452990884794838,0.15422516121465107
0.4448260477134866,0.15635521607519404
0.46125465880005745,0.15348220890725586
0.44616018242639593,0.15560159253194364
0.44994992987434923,0.1548971812056312
0.4492593209226407,0.15527108992561156
0.4566041701321584,0.15400336519419167
0.4600443540523496,0.15379953915151884
0.4471917866217132,0.1554877062426286
0.45297585243626554,0.15474382290261388
0.4543785738435311,0.1541614854434561
0.458878303063026,0.15395379210718368
0.454116198024552,0.1544342409351347
0.45341074697716977,0.1546323682022025
0.44741619968336405,0.15676519840527317
0.47040741980809775,0.15366393011641563
0.4479588823472857,0.15586511838680656
0.46700352356782204,0.15382486391398636
0.4649226825665144,0.15385040438310185
0.44779422503341265,0.15651397350875854
0.45046966309868486,0.15569756408168564
0.4588416912408623,0.15429474291220072
0.461460769275373,0.15393529963281105
0.45050872988118495,0.1553705838376751
0.4600397473843158,0.1539728763425241
0.4571804561960178,0.15439973627471418
0.45458100563315523,0.15489703864859866
0.45156950526539846,0.15512685935943424
0.4532774064206113,0.15510599452879442
0.4570308875297141,0.15471679535856758
0.45528492411769883,0.15473406534457476
0.4476518946489157,0.1566664172347888
0.46098331183896174,0.15327670840588242
0.4417264998189889,0.1581352453010645
0.45456191406074514,0.15426271962244795
0.442639960670873,0.15769649919207138
0.4512749713815249,0.15476656579001985
0.4431731265674438,0.1569342557210748
0.44563945651782305,0.1557739271833603
0.44544444954839574,0.15631389351504724
0.444201403905407,0.15672270644948685
0.46018370127831326,0.1540323956980102
0.44987727283988327,0.15491651349644603
0.46067323440931895,0.15380632551012854
0.4576544340760187,0.1541237484945845
0.44866961119381804,0.15577096009771765
0.44957930756825915,0.15549592941348628
0.45560557302440674,0.15420595462770917
0.45713849523803024,0.1541518782135965
0.4508232003457816,0.15482137711069727
0.44918218904395096,0.15555189092667812
0.44887863769152053,0.15570708003428155
0.4442315888485846,0.15548452356230716
0.4680920431239762,0.15295496214680618
0.44849907713135884,0.15439839753436838
0.4599836064415882,0.1534392990363296
0.44825770320817254,0.15494897807411548
0.4451107306427807,0.1552413327908305
0.4640513885591897,0.15303142663164737
0.45304348221605384,0.1538064902336582
0.45282328242384595,0.15412288967090673
0.45650453148001446,0.15344349509311064
0.4522700797582078,0.154267161819787
0.45363095121608416,0.15361601931443472
0.46059283480440716,0.15317319573518598
0.46105833219130904,0.15311320471236245
0.4633665476050862,0.15305035287530577
0.446509126536466,0.1551185243864736
0.4502237018274809,0.15429664884258185
0.45528176129603365,0.15359628607511183
0.4500660881654682,0.15435832802232546
0.45616064922096083,0.1535653395666786
0.4477802024729356,0.1550365801231939
0.4467023782206274,0.15505963402949954
0.44817598346889154,0.15497437699802524
0.3234654034899785,0.21689556016293368
0.3614386370491245,0.20431950747128508
0.33747181800996456,0.2068743841922723
0.32368370626062565,0.21385370854823788
0.35534482491646596,0.2067485117368705
0.33004707036685144,0.21241433680289404
0.3368488974828938,0.21012794728786163
0.360928640412646,0.2057605054803682
0.3553649843449114,0.2066017547414156
0.3350087189188638,0.21176721720834066
0.3359340812050912,0.21165183304617005
0.3612309999883966,0.20453009828245486
