Cost,ResponseTime
1420.275148109212,26847.881183685226
1483.849691890299,26094.496872051168
1483.36008420037,26752.198908778963
1369.0923160463235,26485.168111498497
1499.5221028225951,25450.545162614464
1386.6211171075506,25854.156928457985
1422.4425774702418,25629.959427579244
1451.394187311234,25574.94833070175
1375.2444253268554,26180.49174618514
1439.7131654764867,27083.924697473234
1563.645152953605,26490.787294987855
1493.8177854075525,26955.91930563904
1504.853336394043,26553.322875280264
1497.6809896279763,26717.910384246556
1510.9188737911686,25767.82424397762
1353.5906573024577,26928.29311562632
1432.3429417979894,26024.66621577716
1710.9444247522622,25308.052008286977
1395.0213148632342,26138.50003198411
1482.556389510014,25755.565202610273
1475.1665774006126,26102.50434411807
1459.2402812486284,26873.4095363494
1558.5041125022146,25599.084021553346
1553.2358057148522,26579.73817076949
1485.4747886582065,26811.43857042604
1409.8436124691439,25087.91209319651
1366.3994340400106,26608.37987436074
1375.1869379859706,25643.91367332641
1399.3768945676886,25588.170938081043
1360.7451213825625,26456.53311304074
1523.8855482321385,25459.869624016872
1403.4759052077957,26079.4771448608
1475.958418652348,25736.949737534225
1421.7512597243915,25849.784995758997
1439.7688351046083,25820.899237952766
1366.4312309221773,27429.949591633496
1428.401363637037,24763.340811546233
1371.6973367540984,25919.392462475415
1389.9169147588864,25713.594003008795
1366.838982204721,27413.812801949625
1410.9093474688154,25428.096231750824
1413.8617176800512,24971.876647268455
1411.3576949813,25040.508762636993
1467.5866182701868,24918.097272817347
1366.3168095101234,26304.882622387147
1431.6979596634978,25122.678475186276
1402.4272892713066,25376.348159325815
1401.9516108119474,26059.827972816256
1390.9048149721536,26110.102978017636
1414.8449751288504,25723.626438626936
1388.4894503453975,28181.48645110103
1394.6412101642798,26465.327570783065
1406.7120621974673,25809.768030675674
1537.0042866938534,25150.5080155962
1401.3235591289824,28384.457076505885
1474.9336731560525,25562.764253697173
1424.4105441329543,26467.39880665821
1439.4279760666911,26247.195309589024
1457.8216953793958,25641.418758172207
1422.6311397470329,27681.118680233805
1419.375615995308,27812.022333002278
1543.7688252977496,25868.007222348624
1407.738604972556,26105.51887943761
1433.1156674938209,26031.334099763484
1461.8023966075173,25989.069180457318
1526.3426651908462,25983.27403453463
1540.6082681298456,25946.424260211876
1311.6731430063962,24979.392761941377
1294.2891949425614,25850.745709072366
1329.6498233319232,26640.08021705835
1388.2469807629905,25047.552399848497
1372.925725270582,25788.277403087795
1345.3174819920232,26514.929063791882
1357.6263414647858,26121.824874565587
1371.3376915570286,26095.28264387991
1435.0517498274512,25730.883706121454
1345.3006137162208,26626.638692266257
1388.2819015460361,26218.787534197978
1417.2051824236687,25921.696327956837
1466.6013713766874,25738.593499916304
1376.9954597489138,27986.446836018546
1389.2143849129623,26391.570802315582
1422.63551241279,26280.20808120409
1389.990510942491,27167.419345559152
1498.1162247190778,25996.425279190345
1452.0937452794014,26432.728054997868
1406.6168806561266,26503.921523496443
1480.1590052970444,25570.49518890649
1400.122972731402,28299.539998521464
1415.387415891821,26163.012031330956
1452.784454154234,25807.97034739448
1467.3353005569777,24432.474621641202
1354.527152461953,25973.274331172863
1439.4890753425382,24794.614108750233
1391.3738940333087,25879.77722618975
1428.2554090250362,25594.774481544388
1428.4518149640983,25394.555605719375
1390.9626947708305,25644.973922501496
1299.673969222751,26075.974264576875
1344.5118600892338,26514.000560463166
1511.8415017973764,24220.777904413568
1363.9831999696678,25601.43226966598
1409.3966388339177,25368.462868959166
1473.024437298285,24745.049265605903
1444.760776948764,24873.87463046809
1381.825258641675,25409.696720515098
1320.718850895278,25743.52046190626
1376.2066411482162,25549.86731861301
1358.4532196214634,28897.61122577882
1475.314395551964,25649.273055956222
1381.7076662909674,26721.186400878458
1446.062497558123,25749.767955288706
1432.0478767166214,25907.70418086048
1420.2643413602173,26496.68034679947
1420.4274009248923,26453.71182452481
1406.2808771390444,26731.259317979042
1507.4032065350834,26026.914515016837
1458.787798755695,26491.323756218517
1468.1698221698957,26069.497957512434
1495.0044681321442,25662.44206318957
1348.0291087182304,26618.204830977204
1438.6010752756479,26559.209073594633
1445.1207338578333,25977.48193915442
1364.6225726274554,26565.00110907969
1452.3856338362332,25862.646955401466
1403.5971625818495,26965.740163647428
1528.6982820911292,25543.358510469847
1405.3758392443774,26109.211103790127
1487.4717671047297,26014.65174646082
1474.230440209603,26097.698479163137
1547.1975001504588,26023.31252109717
1395.772970433066,27499.103875848512
1418.8923903364305,26218.488651073458
1494.2398008099055,26099.799485773066
1374.290003985876,27636.41875345805
1483.549633317527,25452.927696443683
1441.1723149859731,25714.654514427657
1392.5488671170347,26016.44946138824
1391.20080987622,26864.418531527062
1536.206822438486,24991.091869995424
1344.6043700711284,26237.0162987481
1411.9003228540178,25050.998248931974
1382.4337033555985,25062.71608056991
1368.7665321548282,25629.082523122677
1365.5585993717254,25801.58787670228
