Cost,ResponseTime
2690.9494800082875,39178.968730007015
2687.344593878602,40405.62529573883
2722.3846787665093,37200.54793684689
2945.134403203351,38052.98560690389
2681.390548128419,40591.357760849176
2761.201640719911,38332.89301048858
2712.5025427467576,40056.64609002744
2743.5214448593597,39736.81596289982
2894.931399658433,38207.77838736697
2751.7412080280515,38827.74644435601
2975.598400292973,38011.522666171564
2705.5202519681993,38911.19948636842
2937.051045272155,38104.77288479224
2821.780132090647,38538.484727662064
2819.3217225206727,38571.69693515584
2843.0165114179554,38443.60683028049
2878.1285954893942,38442.74560742682
2704.988192808244,40001.088529782275
2891.830835724095,38008.17134778969
2836.512327330374,38343.659731825595
2701.94454484285,38663.21617064988
2831.86156892685,37306.75791405362
2717.41694135232,38654.647551506634
2723.6214682294153,38622.763236278166
2815.2642977668734,38086.37763448876
2719.0754705287413,40495.25128314
2805.7677816093683,37612.15760276348
2755.6906925961985,38066.930557708445
2741.564006432917,40006.58687374402
2707.7279676254598,40591.54324521741
2760.4766092190603,37885.22183477707
2672.5124131190446,38011.98283661458
2735.945666499201,37606.41868864336
2798.4542674940544,38362.93095641332
2769.7199165656884,39257.61335120121
2700.1073729423724,40441.3202122535
2783.416597142625,38744.90897585953
2744.633525829489,39917.690403798966
2831.9944977408263,37766.63861714171
2722.7099659804926,40296.57985762002
2805.8927219929647,37735.773188853935
2740.085531265073,37896.921709124385
2927.5690641696374,37639.07580578542
2728.0590725883476,39238.09806118262
2724.6343780874727,41905.12866681603
2730.928908078331,38154.98614776458
2727.7554644832226,39446.729078505894
2910.6154029404156,37722.540996678836
2740.169366382655,38254.19365736813
2778.5255016558076,38084.86427416699
2872.270985289446,37761.73403266909
2855.6331739200123,38039.50122965312
2811.1717129361873,38166.63718816081
2703.7751067052272,40090.14421400786
2735.9003360400725,38885.83166996509
2708.064699993672,39189.21366211677
2747.3806803977714,38356.73121457398
2844.4800093501844,38138.18897031123
2767.7987490597666,38953.3104695187
2817.7875167269176,38649.20852234255
2821.122313167442,38545.12159958993
2826.6435964578836,38052.95534708803
2800.141233124347,38745.73669918428
2709.538573040643,39770.20580032497
2785.64163148502,38767.85294497123
2735.084509693832,39413.117647071515
2941.415814758485,38050.72542908782
2715.4738987123765,38602.957295608365
2776.318316070689,38464.30381734818
2696.402929589389,40109.26308802756
2791.1422295819507,37423.81163899593
2856.8701389872967,37705.78660337656
2727.711013100129,38525.498746584686
2772.440694155576,37973.5075273348
2680.798564627054,38965.30102756631
2904.3439338782587,37639.87981321842
2829.1401324827725,37676.00379427473
2801.213990564621,37787.191547228365
2711.3194610106516,38642.45834195714
2928.836281045119,37543.903947677805
2682.1230287139056,37614.384563397536
2710.30971066004,38174.14921319392
2695.750425749908,39596.092845495965
2716.958171964781,38518.91839524915
2818.8937827124932,38474.08534478727
16.61218837610193,777.2483243060342
14.193110801272057,780.1289185832433
27.264445917259206,752.1977429463717
16.387390302963677,756.2840514454704
15.90398128050616,761.5248624126622
15.71894662964637,766.940341868373
14.537941460468746,829.0147819324511
15.174494144645763,782.0003585527234
15.090090280333843,826.6176367868298
14.065044153152234,762.6428704204757
20.036324803716663,786.1247616356825
15.650549177208024,832.0072897278985
17.058262935053516,805.2103564270709
19.482082103929848,805.2072797385404
18.99315037192549,791.5143623084183
15.376017955835207,899.2306995769256
16.814378367104517,804.0978106060713
15.676403880696682,864.6803191921346
16.23065703537305,836.275855248812
16.51132331849956,811.2451071475365
14.995371165880837,749.685740674967
15.791708020838541,735.0687851301061
15.32407549981334,746.6464801756056
14.263671467475994,786.2608617821646
17.40633720086401,765.9561015356418
15.288674722317225,769.1629250517105
14.696207478408997,773.5504442928792
14.486503430274771,779.2667104318837
14.642096623711446,777.9521650956065
16.45223384062191,804.306247969582
19.531180174038596,766.78418073154
18.549784325511443,788.2698882067571
19.263301015427423,772.7665656082978
17.541312938003948,798.1989032998858
17.936083553384236,790.6639810394846
17.933453129579906,797.1792919012555
15.914281529915524,795.9445812491564
18.96364453849441,785.4657181450439
18.202299307021264,790.733990420317
16.878514737892015,793.721635985395
15.652762768228591,755.7721708567294
14.085705733883506,787.5376212946312
14.953714156815197,778.8462033191447
15.298261022940679,761.8407892753348
16.687061294662193,749.7251950811064
15.80587768075802,825.7321492152631
16.65834776048705,805.6510445405081
16.296687914943206,806.7756750528665
16.02516777003175,808.4343909754062
16.106397559799788,808.0239794251007
14.210474714234723,786.4031276052197
15.920831756658451,751.118449728731
14.864171896188811,773.9009881404467
20.776392217142067,728.6042537440811
15.289520948611777,786.6095285157402
17.07943232229593,751.9810141018155
15.96890551794561,756.8387143224536
15.660465594701225,779.5972946803852
16.365345250206413,819.326424391224
15.682737015972426,870.0996915532187
16.259913835647183,864.9341229821279
15.74554723078622,865.5035749566273
12.20233808002442,825.6890793957513
26.135538770462148,761.9907972182626
17.693657669633314,765.1544532419786
13.790130341192338,775.7270014380972
12.765366256930935,814.0100783237817
13.466731056916364,801.695343769965
13.75991499086334,787.6422200799382
13.495374970486397,794.894726583725
15.089342172674503,836.2103101687626
16.304209271107602,793.3879463625029
15.558645468554916,821.5552948528574
15.69389427045345,803.3781783576891
15.892238293141848,801.2708640385248
14.71494827004694,770.4108190062423
14.287395557115673,796.1956693712328
23.124220445779265,769.3366667464276
15.611026327218697,772.4152705353537
14.901832154504476,837.2440922505393
16.425426927476657,772.319004938943
14.937689120618288,798.8413585682092
7.081090110146538,446.3530098361781
6.239053387809517,481.5581643131979
6.707555452517851,461.80189463997607
6.925758661412164,516.9248130908265
8.193513981807486,470.31602819884455
7.966559902659993,486.54576239765964
7.107782349564987,490.77740339748954
7.002339758439461,504.1094183412745
6.996109640176268,512.8683928682525
8.701595906650898,431.82639092484726
6.534224487525638,482.96832343454633
7.741828362802645,442.98984350482203
8.509465241684778,434.40559836236895
7.265682383652625,447.630951351505
6.549774555633496,474.22766839715405
6.552561207526132,459.31998575481026
7.122615614829814,454.30261677080745
6.775966883220424,456.6374306987169
7.198997931606445,548.7212748257173
8.30532948120419,474.2242375224799
7.733329041415168,481.9202163233526
7.339666814477993,507.5797104129131
7.552428103304154,500.2448519529238
7.501427284987005,506.1914081280963
5.825792907691639,527.6592015206854
5.954683834267752,471.65949350374956
5.926053995972803,498.2560413921981
5.9338378496275235,486.4607709533794
6.896907326740738,463.21059399381915
5.6042314844686825,481.52289515708367
6.327028810623226,480.0709051071013
6.467606245982459,463.9469057180712
5.727107171741362,464.96301948235583
6.104617162950923,414.9966862602675
6.06234578853667,441.8033135954305
5.764998730872146,447.6785380128272
7.500378788948555,441.57762209867434
5.876319930771378,489.58426715828097
6.079885963002338,461.4661396136349
6.501506936817082,442.45306110916584
5.997856567089866,476.36876121830363
7.047985951107854,435.7518604139626
6.411551322585165,447.9494299601214
6.277203806852235,460.202205812599
6.300549256490654,432.07251808025995
5.798478298203414,475.339086536041
5.9495280076426145,439.43507781363655
5.856978727324426,462.9575622053583
8.085945108542136,501.32648070005
6.96582567964215,568.5258785971349
7.029400829293091,523.1518080208884
7.621708988180268,512.6438373418413
7.685227890510906,504.8518313224447
6.099375529939286,450.7038314420642
7.196620109395129,429.46060697046033
6.292265150749445,433.257352279624
6.221760165711884,448.17181038542503
6.8358886834168615,530.2786565764134
9.019041386184718,467.3051413991056
7.049462828412158,521.2521339092447
7.083519643749988,482.16622684317065
8.009102001920182,476.71298285896745
7.479157822455283,480.23351957961125
7.849176988404144,477.5707417779185
7.535147811201985,459.4296598009308
6.127573490036703,487.38960446591705
6.2657300045396065,462.8374497700387
6.1362491676452695,486.94938698405497
6.324853063283496,496.2937027048759
6.452299078344351,449.32990302389715
6.311363457787636,519.7969528160937
7.155051976200949,452.44499334740937
6.646080303539518,467.7108205696254
6.449594819046794,479.5548199676897
6.352462715029448,499.30410479954224
6.338488446551249,500.5244472215071
7.045805554241802,487.98224583556686
6.130083410722789,503.70908181371027
6.740170864721836,501.80086380051176
8.100959507651275,479.8405884435117
5.829836393135545,506.8288479507233
7.5598986971682445,490.79510894474816
6.1980012769696735,500.0825708805615
6.329648458714363,493.40925026873157
6.724204567810925,458.24361024395745
6.562628985319398,479.91574410116294
7.8183835617230235,446.4174436600599
6.718277315249509,458.7490841679651
3.8312095967964455,388.22311331992756
5.284876372599246,314.4918600442195
4.665647461871497,320.5736831733666
3.8594783403810027,364.09044026357157
4.080647130255617,333.9644906995874
4.0358619161129194,334.0779306069043
4.475629881023381,298.8698161805915
3.3657837572495546,324.69614179257155
3.467524862902585,312.2042329873769
4.126922824444541,303.29066308139505
3.972458215876271,311.9089332212251
4.168260923347113,316.4060745473594
3.455861353189873,330.8705021901601
3.9962190826121375,329.08938060014793
4.163447110494393,320.66460364710457
4.132311128275879,328.3607086259236
3.733917282834073,330.8998669561268
4.891041933286268,321.580204595021
4.771534202395753,330.5731703754778
3.6826621919614486,300.00380650678096
3.0348802639505297,319.61031238066516
3.5814615400368677,308.5974598547609
3.405812274574701,319.570361530135
3.5791014259536826,313.82569669317644
3.415204688687679,314.879076569981
3.883168423826249,381.90348834290626
3.896171109664615,311.6084884329315
3.83258104583835,374.98892903545925
5.306128570475198,313.0268472534209
4.795230122366154,327.3486604886862
4.368913184160122,332.88928155889226
4.129225169450596,358.83172718745215
4.02918446529146,366.9407574822178
4.29617711881452,344.9008072017873
4.175388060860188,350.92277291891617
3.9565647004870423,371.3484905522491
4.214173964799201,348.1495400025464
3.9569038269610397,370.530839792961
4.243061681752297,345.3109950068376
3.3612228376962765,318.30099532726643
4.296652436477837,304.5740704561922
3.1547306569631637,320.68488025687986
3.566186205580432,309.0445084259821
3.158752423089593,320.0521655548727
4.59190935901524,290.0262175590823
3.20588869185746,322.02657923101424
3.592583508581846,293.13564296548935
3.4213973119990304,301.18552423062846
3.223372881344635,315.8511406552265
3.8916792769917623,299.5843266208577
3.1976837452449627,314.8218782822506
3.5435697481189177,306.0405037101431
3.5897503833707085,304.6117055075397
3.5550876035902492,347.93368857023836
4.356692381149534,294.6096591327187
4.193598520678976,308.038842515656
4.035031631260764,311.92885941506177
3.7985052736199414,336.6335775597915
3.9169504948638068,327.35139491483983
3.9944343117850174,324.57267742604125
3.715497225458839,345.9163742091713
3.75072475447167,344.8810415564515
3.8095425515812598,295.5693946514253
3.169948981884192,307.17846774585854
3.377092532397144,302.6593880239068
3.9554874934520243,364.72805794180334
5.341999951221247,319.8965707989746
4.147716438931989,331.7931323229116
4.107469692581853,346.39413345002276
4.877353233666561,330.80102306271846
5.118811247736425,329.57551676752206
4.542942717241128,308.7900617695893
3.541879845187457,319.77984147236486
4.328412111872322,313.881665195512
4.299742640688036,319.7891234770493
3.675584335857929,337.3308143815083
3.8841582731402102,323.81793392977255
3.7166369467882054,330.6436863466409
3.336268070467405,331.08858953717004
4.0080681129010465,315.80613345511534
3.5362191727725683,318.64243409812366
3.803913836632373,317.8297572104463
2707.3426401073784,39050.46302343236
2720.788686914029,39016.7432464917
2726.0363940453317,38835.27697851628
2762.947871802034,37784.65022016113
2724.1321794176597,38988.250271988014
2769.5652064584538,37651.739669820294
2823.863338330506,37596.04834519849
2755.2530492900773,38447.76896799387
2902.3250447257406,37273.92151715765
2736.917843155042,38624.87600224978
2738.3464467228473,36946.20291915884
2706.5432406103487,38620.36868677343
2648.0222463687674,39369.788674722346
2729.1825366711846,38809.90774874222
2758.063901287804,38595.01239457419
2662.7225777702993,39538.564192846854
2844.811829720563,37626.63369989591
2774.430921919799,38554.27403340707
2747.5197854398616,38705.881967324094
2786.265038193516,38005.351455485936
2829.647382471814,37820.52590397336
2696.758741800197,39660.99880777685
2712.7895000108606,39428.19198389914
2750.743163666983,38177.60785919302
2690.2777707407527,41057.46493466689
2810.087481255233,37547.185657472015
2735.3366903774163,38336.736683254516
2727.707120432996,39142.11220185354
2717.0249662307947,39222.281370714976
2817.0639902033226,38003.25809861633
2833.2899545085434,36868.1713221441
2680.9073386455007,39012.961603426986
2682.7654267108537,38659.575198782666
2730.452573333217,38401.813032071994
2803.7778765925414,38166.30436863522
2900.1035645637903,37455.29853572935
2815.866738140463,37473.9667269822
2753.3178432294662,37829.6818599482
2695.7351235654505,37918.48610432512
2676.355076675081,38224.73834084613
2688.56637661397,38784.77198548096
2763.616079190208,38446.559439961566
2734.244866406616,38772.89051675217
2800.4352660683867,37773.683141090296
2794.786566525459,38423.27613253476
2744.095106324227,38203.93668906327
2727.4046572645107,38743.506747461026
2775.0751148422723,37693.375090445676
2651.8786808668674,39551.40902143144
1517.168460125504,19694.66441668761
1295.5297954832602,21232.271847923726
1321.869005336814,20256.025753854054
1392.1934366061864,19965.750069061265
1467.3548952397368,19910.93458339403
1414.220529812072,19965.007423520925
1470.9573393616542,19746.44176153592
1302.3375496613976,19862.23876488264
1294.1813305417272,21387.821221895767
1305.8470508505181,20044.281077619184
1290.826061418936,21754.971037584077
1304.8923884793091,20674.53111707806
1291.3642612821368,21593.10900749038
835.1417995560894,14381.881838540005
838.6116046337854,14257.580310766123
835.521210412969,14326.429511126771
838.0855946959958,14262.885118007167
835.3131145456965,14351.91092652393
819.941150862761,14503.321171575839
831.6672346387912,14408.75215114428
825.8026086280291,14488.341322446851
828.3603303761209,14428.227289672383
786.0206911076118,14313.373891177034
807.1884788744716,14041.010638326647
790.4091986709992,14089.919049063921
792.5485915958307,14041.644534780733
2814.835774397212,39238.84725560314
2863.24527855963,39207.07880047017
2749.1837489055656,38732.522625560225
2847.2266899775045,39221.630425694515
2776.259101814957,40778.45734513394
2819.7325238151093,38295.191756203065
2745.5753471791604,38259.61207613885
2773.687182551919,40090.01735555891
2914.4079033296093,39543.295892249356
2768.311675351897,39591.008818178925
2817.492217220721,39863.84284681043
2847.0859312588072,39159.41925878961
2746.891176363638,40197.71606822825
2805.443288329046,42379.12202230577
2888.4330009792097,38534.28272679809
2863.5618526719786,39769.937238931176
2847.3228371959367,39800.60186648592
2848.26198802584,39705.81065150991
2836.2375065314445,41333.644076207514
2882.4404466003607,39155.88935988975
2769.3692562902816,40610.66820074483
2803.0808632379103,39532.97932258548
2781.9762402727174,39193.54278637432
2989.3430042621003,38970.39902273447
2937.5197698574616,39013.15719001134
2872.3829931122505,38738.07062246862
2775.8870183940303,40836.70540474663
2809.7141141974503,39679.04641591977
2850.735414916988,39519.82334452685
2767.6989778775533,40838.97388151683
2819.755957336176,39535.72051842869
2767.8557415124556,39731.70568164056
2943.4878858629722,39331.47708822821
2853.2096525985303,39453.96991941778
2908.34924389265,39382.92033250656
2825.9636016344534,40032.642304236375
2909.026430265363,38970.93696258675
2867.043929824028,39829.86814765829
2836.83035125566,38773.310086079706
2822.938949000959,38967.95096005294
2794.1848011198695,39360.71234269567
2909.3730529814384,39444.143411351026
2836.0180878039187,40917.841752230124
2847.204718652056,39487.4054742176
3085.558107896618,39040.69909649331
2795.072323298336,41061.880023050595
2857.1801891761656,39018.95233913101
2840.734056011909,39882.56884507256
2761.0269500731856,38928.83205853857
3051.516261563182,38805.47934456691
2803.645387883605,39343.91273301312
1188.1108273389511,19573.181667238565
1256.3006838802357,19216.911048252285
1301.4548993669762,19127.909327723373
1168.4466674431415,19713.671781055757
1209.1302121092663,19249.178293172023
1179.207226141745,19713.2100871673
1251.1372689497173,19626.456685122113
1277.390265083922,19393.96487865548
1254.8948010491354,19555.973576435885
1258.0987254361003,19446.894697088836
1270.0673898129282,19412.766276538445
1317.8166318950034,19247.982394052346
1301.5726185826195,19345.29745792337
1324.7119291145848,19233.747627810582
1284.1064904417512,19584.88630742747
1335.7536463555352,19503.200865389514
1302.8024512980985,19553.86416876569
1321.8038021618738,20168.27671153393
1362.4794461918789,19186.112850165195
1314.2205433465424,20195.79760961641
1313.3979012865032,20521.660439480816
1325.6576404504578,19192.104498667144
1324.3695405000797,19698.01436064808
1214.4302009363398,19118.736652137344
1180.5342505527017,19150.869495036404
1175.4031276477103,19399.702077771904
1217.387263650863,18912.158599987386
1291.8678522853554,19541.072582182234
1283.0052506145908,19678.47977557
1270.5767149990638,19683.970560609963
1227.1102188796426,19954.44964077789
1252.057382416957,19783.13135678541
1261.2463925834872,19686.87471388365
1248.395302245658,19844.648069515955
1373.260104244406,20448.64167173968
1391.82063264164,20321.576913154702
1173.243683635862,18819.02283517203
1189.0407115961066,18613.26812330611
1288.4361571533864,19310.82747783531
1259.0637590104961,19420.487240224957
1264.1027155328538,19372.594153376966
16.364132275485964,418.1731389209826
17.855535637440973,397.40239839680265
17.60365859650488,413.80413098801904
15.668039230430889,358.8229733076914
14.152095887321947,387.1942124760917
14.904894727109205,376.06682131655606
15.64950773369696,367.3744843372086
14.818007877832192,384.83815038835326
18.841138433331224,465.3748136206981
21.144188630219638,391.1299504739788
20.549723469123514,412.1665789838374
19.32248666961491,444.88612315126386
20.049149700908277,426.1628044115861
19.68057404603759,430.6408536835814
18.750621216813357,388.9067482042628
14.792136468980269,404.25814666326977
15.744499440866829,402.5676411537851
16.90455764230411,398.05455044324253
17.189212577084277,395.8842304728796
18.18492278306395,392.561921071747
18.39458136128231,391.1663099426819
14.81086269940272,403.568886784334
18.797501140295033,396.96796013996595
15.978661693796985,401.76647319395704
18.665527568130187,399.814611716278
17.154445396189015,378.7312938753639
14.729086306250954,389.7459680821341
16.220902626931203,382.8612562308993
16.444649326220745,406.76492076215135
18.307622450763247,384.47409116134486
17.560651456339517,395.7693264346198
18.111047429126888,387.0446506202782
17.23300388250442,400.07998918397965
16.819734754357313,405.3074628055429
16.598823188856965,388.835464092292
16.934953366998208,350.21049455152865
3.543257870285195,146.05221333146017
3.5178842517695497,155.01850043308505
3.6966263354188857,155.78085385681285
4.135010856729998,150.30900691870144
4.0363882085566445,160.8944277286773
4.6324207436468186,151.74394296688064
4.154192799838042,158.42634135096708
4.0107046923345875,159.3392109088832
4.098943888552398,154.98776388317717
3.599088314501959,161.5182330820571
4.5255834375849515,150.6593461977795
3.6158895010472607,153.30745653314688
4.15493628445467,179.7371170781843
5.749675659489875,167.45452041854807
4.395584845607476,172.97571228856904
5.074797300687543,167.58236839015845
4.786381953784187,168.79169559366946
4.612394995988664,170.85892404655317
4.680521061485485,169.9382623354965
3.7793353665371963,158.1265127412515
5.149880238879632,155.36667138827912
4.729231188450206,156.20086685802568
3.660309950516388,178.63862479307534
3.971702430742455,157.3757785044043
3.676308760638442,158.3893890048427
3.904389005113544,157.6248506898746
4.314690676608417,157.3028431215299
3.8092675989503166,169.57335812852403
4.174526546685588,162.6786944834825
4.030975750770804,166.27941498913026
4.27492119398629,158.82207435251848
3.9860869325069155,168.99315061354923
4.008459455236536,173.35187110309647
4.273121519394081,163.31958849755273
4.234882458650078,171.20233409939715
4.168112646685445,171.49677366149254
3.584538180693893,110.97957358298237
2.555506994772524,126.13426321218344
3.3905585459765253,113.57996137110608
2.556271520622898,115.74376165845244
2.7996190628367947,114.04704866978004
3.5727930703924753,112.08736162087828
2.668696903906347,115.03500037953283
2.5749468005487386,120.64029746812325
3.4431292108208575,111.21157315165034
2.755707553087428,112.59951191689812
2.6934641768226495,115.55203872820141
2.788286498886204,107.72242092263852
2.6741626091930044,123.0806254563279
2.7167358436969797,116.61014878940863
2.730926042122795,108.46076595030057
2.7550888030518297,108.36406156176973
2.3340493323464746,126.55991435271358
2.669068354282063,114.6232630401888
2.489191640092233,119.56695523407674
2.44803729552096,126.2801691828762
2.4449548465370112,126.31659721727782
2.493100032400952,111.14066413416843
3.651053919914202,106.20230689676347
2.8115951106128216,106.76958217193744
2.535506687514392,107.74685027714501
3.6421457256077394,102.98187118842635
2.468049307496417,109.86199387825776
2.8873491013515817,103.75859804787787
2.868018883153867,108.32130222416659
2.5845727771684963,114.56426992816893
3.46578714451992,111.28973961050825
3.4314218386914312,112.77659553769615
2.8060788783403585,114.3403417425034
3.178213111112604,113.69609985622166
3.1497769734299026,114.07002590017865
2.5043848433150786,115.54752600325453
2.5145965195545146,117.0213055976541
3.149134840573069,108.50791938803272
2.5577144859154033,110.32963575190594
3.258842322890822,106.73409185667747
2.6609187943908688,109.2229714284867
3.1227738468143085,107.93705031731204
2.398711595790216,107.7870807600665
3.116367372665203,106.6366991725914
2.9381807763579673,106.803802111446
2.692014584309577,121.20508689585215
2.7467137216751594,109.00738959363267
2.736138159615877,120.25589637500806
2.5585245275946504,117.29138419000587
3.164535462006268,110.36461486223648
2.5975801610526323,112.97636000688429
2.9308914303221,111.29068079594285
2.5091700001077717,105.28383418982874
2.4077589124538816,117.78254057189366
2.4132664338701275,108.67476459135882
2.565640069851135,137.5146815363
3.6783068110447608,114.33549878640314
2.7086795673222217,114.39244121527118
2.57101263894951,128.43325174441344
2.674657694227715,120.79210407052112
2.595032120005831,123.87068003084345
2.624863742669384,123.51082011496894
2.510673912655257,130.77730471282035
3.104814633513878,117.49779811547853
2.8489746112895333,120.32797790032198
2.7411967008696716,123.9116550001569
2.612885427963548,126.66774751424975
2.598626406975421,128.08422461639415
2.8113815510845854,121.02234795989973
2.554943662884897,119.70636777675809
3.7686501214033026,114.78957675237623
2.6482996074896925,115.04316185819079
3.3589246725892976,115.00107269167943
2.6731936003571324,116.54261001899964
2.7258995801054904,111.11143021799435
3.0799700227706284,107.50696845757851
2.5769357636290726,113.11886052957082
2.8535511019813464,109.7826185848953
2.709347243228957,112.83886789715444
2.4497691215846302,117.8821751366021
2.6661540382040276,103.79968814668788
2.507822090964595,107.10408069544077
2.651492867944005,103.97094636110882
2.493821021501354,113.7618448586213
2.456548096614346,114.06073388461687
2.7883873738670886,111.78755888294917
2.544373116430401,115.8640224675173
2.4845116941128844,108.66698509441913
2.421247984178876,112.50603806486583
2.5502044434165367,115.73887806937425
2.568468280307985,105.86080409031213
2.663477351451921,121.20628181144782
2.965545162641683,111.5232963788386
2.8070852922699245,113.65477492211797
2.6773266310555917,116.67827241347328
2.752705708961562,114.38546456100062
0.1345977395768636,2.20043003359061
0.0665121162421724,2.9379934089310136
0.09082928382865503,2.3376511266771964
0.08116611364811548,2.81792495248025
0.07591908961411468,2.937993408931013
0.12984364026731743,2.656690168103511
0.06826233718777454,2.9379934089310136
0.08355669948466656,2.6978564960294866
0.08004092579091562,2.913979717640861
0.07461972733081877,2.9379934089310136
0.11949661743432595,2.5606354029429
0.08927372473676183,2.81792495248025
0.08749800378027989,2.913979717640861
0.06480207214845297,2.937993408931013
0.09777304865076163,2.3204984900413734
0.08509902178841211,2.8779591807056315
0.13490173626481394,2.6206696311682816
0.08095022263188799,2.9379934089310136
0.1279040111253983,2.080361577139847
0.09493303462308963,2.697856496029486
0.11392119913419665,2.3204984900413734
0.067522279349012,2.9379934089310136
0.113665544733599,2.3204984900413734
0.08196857972327272,2.337651126677197
0.07672726081508259,2.9379934089310136
0.10969823731739123,2.3204984900413734
0.09476970691671911,2.337651126677197
0.08411043785227378,2.81792495248025
0.07118801543724092,2.937993408931013
0.1383067112883285,2.2604642618159914
0.09362787069627505,2.3376511266771964
0.08487508535958034,2.8779591807056315
0.12107504753885077,2.2964847987512202
0.06986344070805364,2.9379934089310136
0.11616161616245854,2.680703859393663
0.07744305737927604,2.8779591807056315
0.10786943875829418,2.2604642618159914
0.06480207214845297,2.937993408931013
0.08536129168639968,2.337651126677197
0.07489846225598552,2.8779591807056315
0.06480207214845297,2.937993408931013
0.0799605537572907,2.697856496029486
0.07489846225598552,2.8779591807056315
0.07945606955439605,2.81792495248025
0.0,0.0
0.07395585222534053,2.877959180705632
0.08802569136948113,2.9139797176408604
0.07935963057280812,2.9379934089310136
0.1293122987580283,2.740738087619045
0.09023215671051081,2.8779591807056315
0.1024814630065145,2.8179249524802494
0.07292893676993538,2.9379934089310136
0.1031518294674995,2.680703859393663
0.08822329906682741,2.697856496029486
0.1386824845608689,2.080361577139847
0.08004092579091562,2.913979717640861
0.0888797700844671,2.337651126677197
0.1384597265026395,2.2604642618159914
0.0826499911093822,2.9379934089310136
0.1354094763929201,2.740738087619045
0.10857864064140633,2.8179249524802494
0.09632933434540263,2.8779591807056315
0.3074033073576151,20.92876681907543
0.29726096300711735,18.127737930391906
0.41249322386896525,17.95672546963755
0.3529945677237183,18.666692360283026
0.42921814745496273,22.665734407120034
0.517959751834216,24.704042176019367
1.0480520122973325,122.15610636175725
0.9900357996818964,123.14460710807147
1.0530965498890106,120.79949458644714
0.931938875403975,128.39868606047233
0.8789974690554566,133.50485696462164
1.0744158507268744,120.09669025488243
1.0755998578323371,117.36137418459236
1.089990560616539,116.70818687409017
0.8751852863627495,137.03813624313233
1.1356384570999105,116.67788686262875
1.0169248677813165,117.19316664940726
1.0576601662479044,116.23941371620704
1.000506300089868,126.84997340000204
0.9773035189099134,127.53971214782801
1.1773762370596248,114.65806233391248
1.1244889500529567,115.51529252654724
1.123609361212845,115.9640235108017
0.9658070417473569,127.83331619271019
0.9430189990965251,132.58236438002163
0.8635020880056868,133.6467848214399
0.8749667199882403,133.55558320931004
1.0091387470223714,124.24016043987253
0.9580353218179929,132.4008099474025
1.1736007768981498,112.74181588241419
0.9483034189932876,114.40335207176712
0.8862919841102294,114.90008002019952
0.9954888987810492,113.98109045281589
0.9964613651943129,113.97742522184909
0.9416596493509639,121.7198973289572
0.9142996165439369,134.24582003692967
0.9192664551929717,133.51578998299343
1.1475197741392267,121.45422526773382
1.1393114927507668,121.54198704325033
0.8881319185758846,136.66408900847256
0.9357025066177173,120.49427367860355
0.9299949540187052,123.5164132885393
1.1173123545570147,113.04399428529958
0.9559633150745818,113.15751446525368
0.9532871020436892,115.64552306573526
0.9357863656524172,118.39072071174478
0.9431101520791211,118.186955175473
1.1286429708910612,118.90128121860754
0.9567517987034293,137.31461622638327
1.0760712915490886,120.79513698387
1.0514334158368983,121.09784775701416
1.0161408085619321,123.88588671867703
0.9647280350265603,129.75266852370487
0.9951638621680062,127.15291375176368
1.1181211522178789,120.14521087024093
1.1602272656746977,116.53391214605747
0.9820211979123511,127.9315040869012
0.9990395715759853,125.46197713831876
0.9993684166488913,125.42882112575133
1.1151330542042082,120.34007487658376
0.9749849742976516,119.5950738707661
0.9834107092799135,114.65648535815377
1.011338289727432,113.7201030612234
0.9091374688836557,128.1448696932696
0.9018284059238051,128.2197137494808
0.9365376803900272,125.17151698538665
1.1742185875535305,118.01163634313822
1.1342275596181324,118.08733397555471
1.1323383638613984,118.37254415290312
1.0606743300203738,118.99628188767043
1.1944025164188279,113.57283662339746
0.9887941554059952,127.23175782196658
1.0163299630149598,112.0058267331247
1.0105178075313563,126.25358763128213
0.9368238937037788,132.752404925639
0.9963161008993833,109.38934640285453
0.9970584468079448,109.3893464028545
1.0964558919445686,109.07349779647181
0.9908675525794483,112.85048761101905
0.9780384477766065,122.48359507099295
0.9773533654810557,122.74559688707915
0.9721566718206482,125.19290031763245
0.9750519824112106,115.97337535862697
0.9590749193079898,117.9580916489153
0.8619868375989405,107.09803149614666
0.8803305002409159,102.66954269591206
0.8595373702995531,108.57993905517388
0.8196200541515333,124.57639572064865
0.8459518415100622,123.23734947687572
0.8651189417706058,116.34583285921572
0.874777243402563,107.2044435557095
0.7885060674208032,116.89564403203937
0.94238332957331,104.14898831205605
0.8047200227280015,116.73679448244138
0.7980905004524826,127.32086132930279
0.9942824002070644,107.22019574067956
1.1930950672610006,106.5724761396161
0.9617664515160433,108.79811759136936
0.8348513225847624,111.00357516659885
0.8009783195558181,138.21358441709108
0.8354610084638081,114.66000591632017
0.9536602870861778,107.67608730700618
0.892414803212273,114.1664629947863
0.9914725636726929,103.55880706830945
0.8230335522522958,116.46689014213389
0.9168119404236409,111.47435304581104
0.15465615744704087,2.519075372927102
0.5837276486149195,55.42916691106251
0.4864103484946632,21.836569412799196
0.4850136176008993,38.2288890231075
0.4340450142636094,22.22809576864531
0.30579940037919195,24.356124792505767
0.4561694861558007,20.458080643090803
0.4776820248900738,18.92475229373143
0.4287973405566903,20.85241079172825
0.3621204478340124,20.64031685262255
0.39536946184583016,18.516052836469886
0.6687634142861597,52.30125384531869
0.562591682068198,23.291437537196327
0.3425992302083092,19.371980559851714
0.4816527240737805,44.06961914509817
0.44313963393235817,18.059988757900044
0.46704386159871675,19.431988570484407
0.49619285756556025,21.09455563169367
0.422070450321041,20.297728540776426
0.4331124221185003,27.840444127621065
0.4655807412740407,20.921665319864346
0.5071588318165039,20.97070152612908
0.35305964668666157,30.208171479352572
0.48625757030141614,19.99976717919599
0.4247905770548705,30.764952599976727
0.4622543342435915,20.51371348594166
0.4974186807662948,41.68172231024391
0.3095892623898337,24.4119765080328
0.37446670750052763,28.537951447666295
0.5903220483842071,47.57631650727936
0.3132987214714286,19.385550458908376
0.4080988947688796,19.558183942606433
0.4176445213954505,27.90517611857013
0.3450905296109765,31.450786194916923
0.522360296186687,34.30916246884878
0.3038953938188755,18.674074517130325
0.5866093417960935,49.597652765000134
0.49547512005060373,22.022659578834293
0.39338968736015106,20.76583184937407
0.4857652852026611,23.337035341118725
0.3877865313315202,20.83040814512128
0.4530664647752523,27.460088019269634
0.5627802659112047,20.3377947362127
0.4796464249919509,18.292467111556263
0.4099462136763097,23.38296430842375
0.280065351333229,27.972264455526137
0.5073099789723726,18.632635974382985
0.3294264692151197,20.867157590039426
0.39897936089345143,27.853009090879038
0.43890476031440534,21.798425719806765
0.44974261737421833,20.340562891228863
0.3949363809284441,19.963776982320294
0.45028039445813856,21.362291727419276
0.4260271291350782,19.123655105471368
0.5010248697447169,31.281104916424276
0.38801237055465365,28.500942502777438
0.45536427908695354,19.758485136442005
0.3237754712907522,18.734894305539104
0.33947669598055297,20.494128615973704
0.332181855764379,18.49359387304276
0.42341799918405476,39.56142821958923
0.5107659846264742,19.891892976005593
0.4979270388022286,18.155221006297914
0.40365336148838926,29.34214360414848
0.38780469152715324,21.69449751969865
0.39911295026779897,33.82534231616267
0.391570938504436,15.42291122499339
0.42199213273014097,33.63500577220817
0.5298379270869262,44.70632443523415
0.5164631167491051,18.641047263693725
0.4007007979179244,16.78006548055385
0.3527554633168722,38.96635768037227
37.179093469912544,764.8538238979754
36.5955073707298,759.9106740421846
35.379832364325914,769.3856090945868
35.84180393560024,773.1385672207153
33.918940066289885,751.3321880301145
39.72192755063606,762.6396012620424
38.071784437987645,739.268901773076
41.97774146937138,828.0507718069755
40.8473064884672,768.0398208053748
35.28747585113862,705.0332942708039
36.820443498375354,752.5305451763938
34.899600383399346,770.613159360867
33.56563429035408,745.6038577811248
31.69628840987046,44.43735603404643
39.57535447874611,40.64686152264396
35.09914836630224,44.34456668405194
34.09506528559916,41.865776931878386
35.911809155686605,43.33225812511847
