1.8790756350000002
1.8092909110000002
1.82610785
1.904845004
1.806482635
1.833563379
1.8037510890000001
1.932321213
1.9315910360000001
1.9622289890000002
3.5912735340000004
5.241484321000001
6.7814548310000005
8.334830530000001
9.941962203000001
11.580236734000001
13.173627485
14.704318677000002
16.245851808
1.971671254
3.541120734
5.138268557
6.687147793
8.217951091
9.727435879
11.229475156000001
12.754114989000001
14.26217036
15.730881031000001
1.9126111940000001
3.6078932530000003
1.9759240100000002
3.594277898
5.182770124
6.8012521690000005
8.345590207
1.957302085
3.6762845650000004
5.409409431
7.065413963
8.676195028
1.078019353
1.969230389
2.830679607
3.6371615580000003
4.48842302
1.8978039560000002
3.6574730860000004
5.318536596
7.004825179
8.805660614
1.855895442
1.6146197740000001
1.5700847070000001
1.585219139
3.05305792
4.498479212
5.9625272890000005
7.444380151000001
8.912625599
10.355887103
11.783818929
13.226857713000001
14.631888420000001
1.551462804
3.0033714590000002
4.483730564
5.9263702060000005
7.376613450000001
8.823517069000001
10.275254366
11.740278663000002
13.186253048000001
14.580593933000001
1.742507333
1.876958168
11.434573326
11.533093961
11.526147703000001
11.456555517
11.506657767
11.536164297000001
11.411817756000001
12.44912431
11.686369984
11.686991069000001
11.695029297000001
11.292804345
11.25346814
11.200498470000001
11.157339332000001
12.09781341
11.258846335000001
11.772531861000001
11.830050252000001
11.9492759
11.882075951000001
11.920012924
12.22003085
12.447108924
12.138940850000001
12.159872215
0.895169631
0.719025052
0.681383555
0.69486066
0.6536933020000001
0.656471086
0.6679176840000001
0.655173886
0.6607866680000001
0.6656942370000001
0.655338773
0.6636018720000001
0.659977021
0.6727883640000001
0.666276182
0.651188525
0.652118243
0.660032437
0.671224719
0.6528863650000001
1.827259777
1.4556286170000001
1.4416740570000002
1.454364785
1.454028185
1.4214222870000002
1.4234362760000001
1.42962725
1.433770349
1.426561704
1.45786915
1.441957885
1.4432370330000002
1.438002953
1.436715313
1.474126805
1.446747663
1.463075005
1.4317090430000001
1.463338508
1.553042655
2.745456915
1.4432121180000002
2.6204007060000003
1.442330858
2.633570832
1.457012557
2.642660577
1.43531096
2.593777727
1.4530289920000001
2.6386807400000003
1.454273275
2.642945758
1.455156407
2.64996905
1.4507125090000001
2.619801641
1.4525422760000002
2.610258829
1.4601925900000001
2.6232029800000003
1.453696767
2.624747595
1.4284066240000002
2.5888375800000003
1.4698115980000002
2.675256833
1.438292571
2.6095167040000002
1.4337310520000002
2.6079167400000003
1.4591161270000002
2.6982906150000003
28.257550459
55.874481072
30.131450611
59.414260932000005
28.620191626
56.117620259000006
28.315954091000002
29.759909413000003
29.258808529000003
29.240927334000002
28.742193306
65.185510322
65.264393598
64.605791041
34.623845746
34.362023176
34.430651131000005
0.146778144
0.071143436
0.061610374
0.08034279400000001
0.027176974000000003
0.09367096600000001
0.060644226
0.265283672
0.049993461
0.047466864000000004
0.051109191000000005
0.05644041700000001
0.156347238
0.042723076000000006
0.044486946
0.030636863
0.18460156200000002
0.030164560000000003
0.031731390000000005
0.035469304
14.030010820000001
14.237497859000001
14.685187743
14.604637693
14.189332523000001
13.418618563
14.368486923
15.327890239
14.540164248000002
14.900241721
0.8374538930000001
0.8076510520000001
0.6877757720000001
0.6829194460000001
0.70858496
0.6980233680000001
0.706428016
0.716514867
0.7039253470000001
1.2808845720000002
1.80779175
2.3174759490000003
2.797756697
0.667386699
1.2348497090000001
1.7704826120000001
2.2771329380000003
2.775710924
0.6659165960000001
1.2346844160000001
1.760376576
2.262638822
2.7552357560000003
0.669432841
1.239915005
1.781419714
2.2973061130000003
2.7907727700000002
0.663746363
1.232927477
1.7678212000000002
2.27839669
2.7692430650000004
0.674016971
1.2453877150000001
1.785018572
2.306425867
2.830172478
0.689151521
1.262307813
1.7978277290000002
2.310964413
2.812548918
0.6532457570000001
1.221383236
1.7401038500000001
2.245258732
2.7399670030000003
0.6668387
1.245265062
1.7815670790000002
2.294638209
2.796564302
0.666218635
1.2425588810000001
1.779289225
2.287021024
2.7890728840000003
0.7168503770000001
1.2864154
1.8561812180000001
2.366376582
2.8611485240000003
3.3380878280000004
3.805092745
4.2635945180000006
4.7119462930000005
5.154539998000001
0.669483287
1.250040301
1.794779786
2.313048032
2.809661417
3.2881724940000003
3.7617249690000003
4.222035438000001
4.675604232
5.121565990000001
0.671773268
1.242278075
1.786760106
2.303884752
2.7962966440000003
3.2864303570000004
3.7572798190000003
4.222873428000001
4.681491828
5.140955773
0.665900739
1.229436006
1.763315849
2.267339289
2.7539789100000003
3.228456169
3.6956376040000003
4.152918305
4.604510708
5.062401619
0.665116668
1.246954426
1.787056932
2.3050090830000003
2.804912265
3.2861253720000003
3.7566810520000002
4.2163528260000005
4.6704362690000005
5.1154718400000005
0.667235623
1.2332195540000002
1.762688907
2.265690218
2.7592134720000003
3.2400131040000004
3.708827201
4.166708597
4.608853068
5.050420548
0.6630356930000001
1.2295372100000002
1.759042444
2.2692004150000002
2.758691475
3.2375933060000004
3.7040805110000004
4.158337458
4.607741071
5.049569866000001
0.669380608
1.226957608
1.759591101
2.266012158
2.7699895060000004
3.2554207830000004
3.7222110230000003
4.17465846
4.6306223740000005
5.078060324
0.665357249
1.2363013500000002
1.7682158860000001
2.278256203
2.7681046670000002
3.245873625
3.717590835
4.170156319
4.618990442
5.054184644
0.657559035
1.2244371310000002
1.752607542
2.2564209880000003
2.738871925
3.2080496380000003
3.6703536910000003
4.123970897
4.577768383
5.016081683
0.658484811
1.215642807
1.741676247
2.2467803600000003
2.7301282930000004
3.2005926760000003
3.657321226
4.108311872000001
4.555734104
5.004665957
0.6886708340000001
1.2876694770000001
1.8747820140000002
2.4138470250000004
2.922423261
3.41195743
3.8811476770000004
4.345539227000001
4.80669932
5.266254626
0.688697695
1.279680678
1.8368289230000001
2.361781187
2.870123598
3.3675872250000003
3.858772955
4.335840613
4.803204717000001
5.257280097000001
0.680334552
1.246077974
1.7557290060000001
2.25105542
2.7254303810000002
3.1984728500000004
3.6527691030000002
4.106285896
4.547387720000001
4.982669847
0.682691532
1.267019235
1.8084320800000002
2.322298166
2.8235708780000004
3.3127877640000003
3.7954883020000003
4.263747875
4.7163370570000005
5.165953952000001
0.681141493
1.260824018
1.7974143340000002
2.3137644820000003
2.823100862
3.30850011
3.7848702750000003
4.252570260000001
4.710578019000001
5.165707665
0.672630378
1.239407694
1.7694290890000002
2.2746346770000003
2.758016383
3.2383795670000004
3.706642098
4.1593121140000004
4.603241545
5.047587906
0.6712388330000001
1.242931024
1.7830239760000002
2.305530474
2.8075466700000002
3.296785718
3.77461475
4.240676455
4.697573017
5.155457721
0.6605753790000001
1.237488791
1.770759557
2.28445447
2.7789431340000004
3.261200955
3.735346389
4.187486257000001
4.635426585
5.075832313
0.6633926680000001
1.2258355790000002
1.7534652780000002
2.2590460500000002
2.747528727
3.2280733500000003
3.6930306280000003
4.148943372000001
4.5979635210000005
5.038833636000001
0.66369813
1.242342752
1.77654917
2.293143241
2.797693198
3.2813135890000003
3.7523195990000002
4.224699931
4.67745328
5.1282042930000005
0.672062357
1.251632418
1.7872874570000001
2.306421862
2.802826678
3.2900163570000003
3.7592287000000004
4.218147806
4.669127293000001
5.111657136000001
0.667066193
1.2523517240000002
1.796718091
2.311270443
2.8074597650000004
3.293010762
3.763415363
4.221429834
4.674622934
5.124849037000001
0.658110596
1.2150385970000002
1.742648927
2.253279784
2.7472327520000004
3.227682407
3.6961231910000003
4.170140656
4.628280844000001
5.077258141000001
0.233532489
0.38598717400000004
0.513619417
0.664093982
0.7991657980000001
0.9395911910000001
1.062919946
1.185811954
1.313545761
1.4380329840000001
0.17045943700000002
0.30220114000000003
0.418510761
0.541684897
0.6635866380000001
0.793811416
0.926808642
1.04854456
1.170046901
1.29251387
0.16163095700000002
0.292194185
0.426104015
0.550473435
0.6744201200000001
0.795449304
0.918506585
1.0403790720000001
1.164638235
1.285244411
0.162351394
0.291366891
0.408698017
0.527126427
0.6453419810000001
0.763313753
0.8864702790000001
1.006614503
1.122418972
1.237567797
0.158741759
0.28725094700000003
0.40250229400000004
0.527804377
0.6411797170000001
0.756573417
0.873724692
0.9881310130000001
1.1068995670000001
1.224060364
0.24725476700000001
0.44218860800000004
0.674750606
0.9095666020000001
1.122223467
1.3332230740000002
1.546213344
1.767852081
1.982381136
2.193132755
0.137731392
0.255272506
0.365991069
0.477643456
0.588764881
0.6995399120000001
0.815379543
0.929824352
1.040537677
1.152264667
1.150329473
1.069271327
1.045549921
1.0678020160000001
1.074743151
1.078476921
1.7050303770000002
1.17548862
1.034698672
1.027182308
1.033201776
1.0338997060000001
1.0630869980000002
1.030202847
1.022605362
1.1027184810000001
1.076618364
4.343615885
3.8988499470000004
5.497875937000001
0.22480755000000002
0.157034331
0.147404579
0.138755342
0.13512490500000002
0.145754724
0.152327024
0.146253386
0.139654262
0.14297600300000002
0.129689788
0.126834957
0.13136826000000001
0.139804654
0.12194703400000001
0.118900981
0.133732271
0.168338403
0.133158108
0.126887877
0.178052435
0.143365298
0.134552516
0.14432471300000002
0.12973007
0.14973761600000002
0.126282174
0.13979971800000002
0.12147940600000001
0.13348621300000002
0.11880828800000001
0.12699332700000002
0.12498812100000001
0.12370549400000001
0.124482727
0.12495789800000001
0.15450315
0.12903419600000002
0.125403328
0.126426814
0.14817728600000002
0.14117468
0.125171727
0.12720155600000002
0.12678158
0.119042243
0.120438925
0.113951141
0.11749005300000001
0.115141821
0.118888381
0.16823169400000001
0.13790190900000002
0.133706092
0.13390645
0.125805795
0.125941401
0.128923971
0.11707394
0.11782938100000001
0.118386242
0.118778006
0.117062172
0.11866886300000001
0.117637578
0.12417499800000001
0.11732102900000001
0.12023349800000001
0.139085869
0.12059080300000001
0.12009372100000001
1.1322544350000001
1.040351378
0.8909526950000001
0.9370727600000001
0.9393151740000001
0.959733334
0.9915705210000001
1.010499241
0.94380918
1.061722188
1.000057221
0.9421957350000001
0.928680704
0.7685204240000001
0.7108962670000001
0.670794439
0.681305683
0.670211734
