31.975469416000003
31.678128586000003
31.673718341
30.441238964000004
29.960691126
29.864000077000004
29.838642763000003
29.545353393000003
29.748203669000002
30.1771372
30.750812141
29.636419276
29.406625664000003
29.636054536000003
29.264251545
28.545061404000002
29.547560373000003
30.603411951000002
28.799337209
29.451461877000003
28.639939917000003
29.330713981000002
29.762080757000003
29.637600978000002
28.618734695
31.758597400000003
30.906772812000003
29.386396454000003
29.383139334000003
29.799905617
