0.28916023849484507,0.4731108106031064
0.3836732863431779,0.4321717951269372
0.35596568852485566,0.43933039789871786
0.2960331734292389,0.46591410812606715
0.3058062287460891,0.4630258858721819
0.255723978541758,0.47576166460635533
0.3195369901178733,0.4570203846693013
0.25834216112301006,0.47570528396198003
0.3453613101867374,0.440407358139353
0.35682866250145223,0.43327853233420066
0.39031215415209175,0.4316532849927129
0.3329768915734598,0.4444554258214125
0.30642333522939563,0.45842575021544235
0.38785345283543643,0.42080370005100215
0.346246529212679,0.43716029436178794
0.2485672278730108,0.543993272960328
0.36992669546464013,0.42217970244522146
0.2897472668149283,0.44716384297459477
0.42406983087860656,0.41076972736559536
0.2822723825162027,0.4490922255148535
0.33043971239729086,0.4421410979939666
0.26493886263131994,0.45948591880944906
0.33844991662174095,0.42748669631578146
0.36381095511146094,0.42506970858788024
0.25648927242291353,0.4502651080938619
0.28303828253526947,0.4422135896158503
0.2720596248772921,0.448098011937567
0.30227176871795175,0.42787085096751043
0.2907590848180764,0.4356867388988223
0.3674874583228494,0.43613889047098503
0.38366329573277536,0.42726360745362507
0.294011298228829,0.4437578684362423
0.22290876559304523,0.4721835168862302
0.28095784413188973,0.4475492004717025
0.35668167869396633,0.4404185797761023
0.2808486108354609,0.46236418250459793
0.2391023614297293,0.5103038748316958
0.30328625198077114,0.4401099370022824
0.2699976798210139,0.45150195568464735
0.32116299507226853,0.4280082780585034
0.25126863199554605,0.46278105434660616
0.27786427978222494,0.4456637118242585
0.3527278139064537,0.42634357263466954
0.2457476891424302,0.4786147055000943
0.24492704300951057,0.49405677842417905
0.4014217967953271,0.4253149016525234
0.2670221152382526,0.48170191866167217
0.2959611154509193,0.45817948178161827
0.24028154206917032,0.5095437490359168
0.3274420698917125,0.4324452791940148
0.29509928254089857,0.4676255110968869
0.3196104479388131,0.4448905740153849
0.2529792855206389,0.48303259699857803
0.23463164353100374,0.5753254008618687
0.30247968420126053,0.4693278685819338
0.22001198145868733,0.475800705912348
0.38375769952707933,0.432361078866396
0.3114594601880967,0.465889864842876
0.31208996098838737,0.45381243029561313
0.319818154864489,0.4441249834003938
0.33228963370166464,0.43291866909263815
0.3068367378385571,0.46814373998146375
0.2951206846909431,0.4717310598560199
0.25604204858576934,0.4429025304890655
0.23707402878244266,0.4719880346516497
0.25466743664058483,0.4526145011752357
0.24282696046958932,0.4676883455439546
0.2808626046175869,0.4243472901303675
0.2602410930370054,0.42604964908588
0.37024113455020297,0.41859930167728215
0.24348137931326586,0.46223736453839026
0.23629378965266187,0.5154417316996934
0.26950226751878387,0.44940128161096954
0.2639231604937727,0.46286822834232405
0.3411526353146236,0.4286770674498875
0.31437723692542197,0.43298202133696817
0.2994456001793609,0.446582443144977
0.32282697830333856,0.43266278252723095
0.30170368264428277,0.4442434502593808
0.2500531011613697,0.469658785616375
0.24095423704777885,0.5079698879460438
0.3724178277451468,0.42545026879604775
0.24582829473711085,0.4857319512356288
0.3259521466061384,0.4317638356960521
0.30286346316218804,0.4410255303522039
0.2501376983991223,0.46770097872504984
0.3630289069225115,0.42812283946467244
0.3249318225866082,0.4371160962040666
0.3722210536025257,0.43345742283083166
0.2925794573017028,0.4656334550674038
0.2632218053385734,0.47188467945793494
0.23893762686062675,0.5167622231477651
0.2562080844637221,0.48342537181939005
0.4274341723849968,0.4309586827892242
0.31085453827032866,0.4491727404996604
0.2843453295665641,0.4696779700918459
0.2574148807360657,0.4832105065771596
0.29505704741825267,0.4619365456064507
0.2848247332057328,0.4681609522090526
0.3035582978207755,0.45813580317061786
0.2922768344840629,0.46632855456448374
0.2151580771154116,0.515523028348704
0.2860903835078244,0.47657392739642457
0.25953494955921985,0.4977272787657728
0.27371245183607734,0.4852760520088795
0.2696713681074985,0.4957373181242021
0.4272896028273291,0.4463157981425134
0.46428732413843726,0.44453144828040164
0.244031383628329,0.4997463508461389
0.34907166687556035,0.45182600917872195
0.3407764426648032,0.457613314963265
0.24361823646617456,0.5029555651190066
0.29620051116480983,0.47054706173297783
0.35509527644411026,0.446544380039075
0.3125638112907021,0.46539442587765073
0.33640572402514096,0.46254874934600976
0.2769011050773364,0.48472465573017326
0.31260163199662094,0.4626297342835921
0.30835850563206435,0.45633416979724317
0.31308230008247023,0.4493851476313935
0.376801078121965,0.43356494451472544
0.4174513568222091,0.42688072676469635
0.37026769890113626,0.43635908422513975
0.33617629064100035,0.4387016370820884
0.41461861779384096,0.4280212236347657
0.33033185012276967,0.4455306815356393
0.35114017796191294,0.4381534649131213
0.32631636099996236,0.4470187476227457
0.2939303798030359,0.48528759521104364
0.29755260680016526,0.45958898559667477
0.4489350977335273,0.41905429195804056
0.38080320047602645,0.429207167453116
0.4139765234490298,0.4285201660232838
0.37708921658848865,0.43213713587640107
0.3465337368170761,0.43843226260474494
0.4196386109830165,0.421014868021927
0.27846885567885865,0.4579649982247961
0.3302413351074841,0.42741798770177425
0.35278470546655794,0.422480217439179
0.3752588237247371,0.41157860488059694
0.23901667490712983,0.4929018747254447
0.29164707538177836,0.4507739143225815
0.26297546202466227,0.47535682996943784
0.2719110268080357,0.471408376789704
0.29669608247992973,0.44561097238657
0.31746440493684386,0.4412286620589886
0.30079179239803366,0.42635039232223193
0.3701376347943947,0.41881923123276327
0.2950480186952973,0.43191610450461076
0.2499862443792262,0.445975877561071
0.27133614520307703,0.43776238861231465
0.2655602527021425,0.44176447418045306
0.33916431266816094,0.41991144559452254
0.23925529623129085,0.518105174825268
0.26981358626340607,0.43521967045916327
0.24896469387362283,0.5007664145727887
0.2384083389639245,0.5405535410789837
0.3055396223565263,0.4349971001171593
0.22562266677080717,0.5437281606357437
0.26832926852878525,0.4484515594042165
0.2545357432309518,0.4573446811577587
0.2739543176474213,0.4619261938213357
0.4804315961804065,0.4313904615783268
0.3164751017271688,0.4465935295480898
0.2550938632238838,0.4789326128699902
0.2409572434006849,0.5479048621053715
0.2743454448485384,0.4513741552184222
0.2485852135428666,0.48634850744699865
0.35598970446856504,0.43462164927935076
0.4751252752235264,0.4325780399158818
0.30389803082871997,0.44955513143100967
0.4239584829222857,0.4335958936455959
0.22451271811796594,0.5507911944189051
0.25234113670481845,0.5327244674233527
0.2756140141654843,0.4483914667407463
0.25497445803391816,0.4801072023165207
0.4474604271849058,0.43580556332406356
0.31979376101590584,0.4434623374347874
0.23756827535946579,0.5768488705498869
0.26990154665543725,0.4774538016479197
0.3203617892819288,0.43657785375266295
0.26226708385277214,0.47991093800975815
0.2921856573040553,0.44812194591781934
0.2811393113114527,0.47084328942366793
0.2946314785546953,0.46272633842589284
0.280478290254664,0.47436933890212407
0.2756538038020606,0.4752288314088189
0.4024527145478525,0.44855895381014727
0.3919652176855683,0.4491593323156948
0.27298026292291167,0.48450478059931334
0.294046165296946,0.4690472111631737
0.24465089290009795,0.5622646244561782
0.34028813785876844,0.4510891024151533
0.3115200759310085,0.45967209796274816
0.2633857060908681,0.495227258347841
0.24918791457115755,0.508644733274787
0.24672190295280055,0.55252268732365
0.3181998710555008,0.45708828373469695
0.409454052617149,0.4444448836881054
0.3527620696670618,0.44919317139293086
0.2842445876809816,0.44397815981915606
0.3282657263955074,0.4388081991066972
0.3645182879439231,0.43579992351018726
0.2697497013216014,0.465268060873847
0.37970352954648406,0.43285820998103586
0.4364667197641797,0.42461312663927153
0.25335085796018214,0.5102820630385937
0.394583103161003,0.4268157782706814
0.2649617243266487,0.4837159964360256
0.366923700661809,0.43351444997038024
0.34906911366312937,0.4360967980842158
0.39738740667312294,0.4316456555307967
0.30678425043125634,0.44517518425088576
0.36624155379746903,0.43523038436466394
0.26426406409541653,0.4511925326297173
0.23664475613791838,0.4704200083041876
0.24458376810667531,0.4541070888104455
0.4206446191889432,0.42294136148120504
0.28871189027048905,0.44566252040228593
0.22427552067433593,0.5441067495447655
0.2622323230913391,0.4475812899212961
0.38583052237815485,0.4302043755468603
0.3401613374604175,0.4332918114265737
0.2505605898106485,0.47722920477392006
0.32133052844192606,0.4366228357366815
0.31522111979270484,0.4436123924704277
0.3599589643730334,0.4338623789107666
0.24678516294745198,0.4783850128956694
0.29134724191117234,0.45982935232737837
0.2672357017871081,0.4659914721474046
0.31025325474686694,0.4405151054256216
0.30668733961118916,0.4451809466860896
0.22716935615866515,0.48756445746977595
0.30324149125738636,0.4475543436926334
0.3066683773459246,0.4496475154037972
0.3236906739566371,0.43218494289250897
0.30674892082070676,0.44818739796016815
0.31321232931381116,0.440689992546816
0.3343112342096095,0.4280697293975048
0.3059673866343653,0.4503283517370638
0.26299185865921515,0.46183425261920846
0.2618471153402688,0.5019561693525257
0.24748830853705645,0.5059879793380393
0.2748609777229263,0.4595159287090622
0.2758187967779789,0.45258539181920027
0.26196786415721285,0.4831079045981184
0.27946315038880437,0.44656706445582084
0.50302099989803,0.4196916970637803
0.26049594470680876,0.4830111853544923
0.24517822485650284,0.5183386472795513
0.3033454304775517,0.4354328271583463
0.2605628123531993,0.4668884880236911
0.4187166186499323,0.42182097395664075
0.36354028447347597,0.42801437081658117
0.24161179335419028,0.532696790464605
0.2764825576812278,0.448412259801978
0.2536843682540611,0.48528593038598394
0.35544385628438835,0.4337879049482062
0.35580367532106355,0.4328155217547567
0.3748130456437287,0.4265572213926681
0.2992935213078491,0.4363728466703266
0.28545194755735304,0.45851824637115307
0.2621428903943271,0.48641026201544874
0.23768108721687592,0.5209231895792806
0.24318039254220808,0.498338923301937
0.269978287694517,0.47784492245424215
0.28192760963287616,0.47456047584831046
0.21777744742131364,0.5577079504055926
0.2503869630311962,0.4957758767417701
0.3180662556947903,0.4349430376675245
0.2424223521566886,0.46041801625141904
0.30267914549448677,0.4431820101685748
0.2780554555921791,0.4515849486562268
0.31202964625384916,0.43618518570326553
0.23165910491211492,0.4935093759676718
0.2539098420821899,0.5690855451409642
0.25118745488778504,0.5786717582424326
0.3375224904916439,0.45105184266701975
0.39511234507761406,0.43348011567685957
0.3254431544439717,0.46008461645469517
0.4222852775083871,0.4328097551990544
0.35667744052063366,0.44829361875318857
0.25917093868453134,0.5057040189212386
0.2292976085051962,0.588679674421472
0.27281614169642737,0.4695120273987652
0.3799299722318346,0.4445535060518855
0.25764707198719555,0.5690755991697816
0.38935673383600894,0.4352446859851712
0.3495517127360569,0.45031050923564153
0.32259234041414847,0.4668955368691508
0.23088735587499715,0.4672390004560482
0.2080208460334962,0.5212659850596714
0.2550387885777725,0.43136205953610884
0.21196769571698887,0.5116708334766696
0.21854776338220006,0.49785342370350527
0.24467997849319797,0.4390240533255102
0.2757347294475069,0.44342773633137356
0.26508912252988304,0.4779374548728502
0.29812532025417027,0.43667078358496714
0.2209917140087,0.5398884288265849
0.2451347513597765,0.48816304102181113
0.3070458322684464,0.4346393603364635
0.2591683112731052,0.47837307923996264
0.3354673593570463,0.43236011993415174
0.29803436318787363,0.43774450212888766
0.2949457482509161,0.43826933868752704
0.3793308762337789,0.42907431707430954
0.23463698017478665,0.4934412334780147
0.33283395246144687,0.43317555816251213
0.2988368350875354,0.4360634828332618
0.27447225691195837,0.459813186220039
0.267899855161776,0.47557016156692583
0.26253975929011797,0.4371094474164306
0.2051245135004246,0.4542550615528458
0.2399806063192352,0.44699268771575745
0.31257939793726286,0.4219868938732219
0.3028104981914112,0.43263668929027527
