0.44356160261169286,0.1555406993005344
0.46052342841521465,0.15297657180661112
0.45637863184106264,0.15314227777640801
0.4539590376795037,0.15352540170367118
0.4489770100935796,0.15381044008997552
0.45295904995759406,0.15375683019784944
0.44698829693333125,0.15449342856399587
0.4457651788792029,0.15450875631959404
0.4437083492674407,0.15528127647187964
0.4473752051998072,0.15429654879260632
0.4444881668114153,0.1550850997221679
0.4537210814950899,0.15370051524136855
0.4576919694112513,0.15352163160700744
0.4593686849539573,0.1530555113172681
0.4473176204552294,0.15455422941626393
0.44541236566763526,0.1551742502117504
0.4589870119010105,0.15339058146436071
0.46645457705135196,0.1528210779268598
0.4419457326215042,0.15578073980947663
0.46527263842123173,0.1528914379994784
0.4448059930581212,0.1553192596987982
0.4546098190665725,0.15393573387209547
0.4470860392248021,0.15484406058040187
0.46328080881906797,0.15304247551339248
0.45600202766132847,0.15366788083729885
0.45736797078726626,0.15365605313861108
0.4547871844783803,0.15380406951977812
0.4514885556990609,0.15410140163051872
0.4547678833948753,0.1538662600604915
0.4579332019755785,0.15367554533585526
0.46303929139168365,0.15359206286884264
0.44406222445069393,0.15685080255746087
0.4642371076405245,0.15344676707752902
0.4561049607079087,0.1540741168788629
0.45352882987450494,0.15443135773081687
0.44534389114362305,0.15627321572879985
0.45605494771080163,0.15439006787728615
0.44931674741279076,0.15510873825934923
0.4476433665153744,0.15569760060295856
0.44972406169415813,0.1544783054420511
0.4531463660215998,0.1544589170261562
0.46667556312747566,0.15329952949401607
0.4577818947107909,0.15402287522365746
0.44825906693723433,0.15528642032831977
0.4482312209957729,0.15562734003715126
0.46859734286817273,0.1532319657480743
0.4558283807948522,0.15464614990776743
0.4514966322190021,0.15550886711186532
0.46472786512498887,0.15353566508914365
0.4547026166432693,0.15484476163060676
0.4709537405742133,0.1532252778740695
0.4523407559540605,0.15505729637243817
0.4777993987606259,0.1527497725412825
0.4565696935960873,0.15427755874624066
0.46785102790078426,0.15331581730199045
0.44837742613468934,0.15629324361605054
0.47582016699423624,0.15294281571325466
0.4607947529456294,0.15384644086482194
0.4529913721242319,0.15497118364945883
0.4495680850331635,0.15575779629025327
0.45383041391853757,0.1549609640874734
0.46287997950719517,0.1538183659131999
0.45498397427949533,0.15483791174037684
0.47178788808140015,0.15314202588371598
0.4522237944261074,0.15512235917434233
0.4600924135607155,0.15394350244401162
0.4580872412771106,0.15323474007633126
0.4520257978775029,0.15428969399139508
0.45355350152603385,0.15394860628548931
0.4467585777580303,0.15600613194717036
0.4482591403183673,0.1552045183438455
0.4472371709800306,0.15539922642295112
0.45591612869104836,0.15381347177778443
0.45126244397652476,0.1546498715408174
0.45671265204414985,0.15364763734975415
0.44395345016434007,0.15644541308321216
0.4489731131407946,0.15490499759321463
0.4467178714689435,0.15637840359264568
0.4573715952102324,0.15396918470240684
0.4604351898758105,0.1536992972150694
0.46647802621729084,0.15297795670895792
0.45940146993311776,0.15382848527684237
0.44825380477709736,0.15598158806619003
0.4538442462767851,0.15420976177262985
0.44980027689010876,0.1555560224387111
0.460798483422493,0.15341067606594888
0.45302848166522874,0.1545322956096362
0.44983080082310506,0.15533985451888477
0.4518908063546017,0.15465199167134203
0.4472550282973905,0.15677908841514882
0.4482035848317624,0.15639019276215274
0.44730005732047556,0.1565650425066135
0.4487110093432066,0.15569080348415185
0.44724527004537395,0.15690160269610684
0.45920292479879526,0.15388956773932422
0.44856232332713963,0.15581787081498819
0.45540295380395096,0.154116127918087
0.46186120887955223,0.15335589755053944
0.44824469107773746,0.15617837665334605
0.4591738712866697,0.15323000070423176
0.44542886941339843,0.15507782962425867
0.45814612313293585,0.15330599775750595
0.44611726022174203,0.15470886604646303
0.4501824501964076,0.15398602679021584
0.45402975026069337,0.1537979327305159
0.445115153176369,0.15586371676854743
0.4656983993486068,0.15279633158154032
0.45392841438733095,0.15398544041513662
0.45978690921421367,0.15281279416557453
0.4485352836067899,0.1540738775787206
0.46718711352018144,0.15267571893803725
0.45466235717894893,0.15341944992119755
0.4478708124902805,0.15464877523119744
0.45505553935272924,0.15458391531404808
0.44601846510520454,0.15562608988216975
0.4551433806952995,0.15442854913503426
0.45146178223654826,0.15478027703827155
0.4549111285093115,0.15465392030476724
0.4417807892951279,0.157013299025094
0.4479016226762416,0.15521095465174656
0.4412444625331385,0.15705594636922351
0.465561130209334,0.1533344451282126
0.45785245222260634,0.1539776073447576
0.44462807113349495,0.15581797870048272
0.4414059638760241,0.15702641965814215
0.45061303897466354,0.15505627345756198
0.44241803750993963,0.15659568305871746
0.4625330476283221,0.1536815605714119
0.4475237373508745,0.15525397260590015
0.4410358067355072,0.15721707721621517
0.46088550687808066,0.15385201545033425
0.4577018673738066,0.15436673135521228
0.44348610260808696,0.15637389954211584
0.4545004241457887,0.15474516373322306
0.4754406261120292,0.15327886705902535
0.44686380598853837,0.15535247225573215
0.44495066975449066,0.15563709135599996
0.47585715647953897,0.15319084496245025
0.44367610420874515,0.15603572402674284
0.45045973961203994,0.1547746005026059
0.464190221639848,0.15339396248782236
0.4551817580544507,0.15413575158467183
0.4476844289081705,0.15546950009286054
0.45259801718316073,0.15436577784992364
0.44931449117635225,0.1554250727559741
0.4515569901758668,0.15472058127979832
0.45558765133460544,0.15356494331358642
0.4501558973786108,0.1548433477757783
0.4647416756317348,0.15321052794770618
0.46194117624542963,0.15342850208273895
0.44965907857761644,0.15502503889052835
0.44465690357790166,0.15589741300526608
0.44759096138108795,0.15579996185199874
0.46325338874488403,0.15340874999541657
0.4518566438040529,0.15449470773725296
0.46495230507140717,0.15313714167271275
0.45714701925110585,0.15410313487006091
0.45814448602969865,0.15371110063231727
0.46000786453361503,0.15360987023221473
0.45490876035006045,0.15438780523811121
0.44988668506237345,0.15467223977733568
0.45115092930193523,0.15452247343495631
0.45351367999694725,0.15440935670726416
0.45346279133324713,0.15441155094209727
0.4482950430806376,0.15506645337840322
0.4553310597795587,0.15432571837336692
0.44527348511214904,0.15559482294783222
0.45618018740067995,0.15414076715233532
0.46479209983388575,0.15341265710352814
0.45803129179213825,0.15396723958798758
0.462673548774568,0.15342123167559765
0.46118259195376615,0.1535140767950874
0.46796398836454933,0.1533843144027888
0.45582729910272923,0.15414462041091473
0.4660892177753874,0.15341017958033323
0.45568755118847126,0.15430922626000595
0.47552580386350307,0.15303120241625565
0.4522543768770617,0.15478643379430415
0.44659485324584103,0.15588899693725342
0.448481226839459,0.15547906231624373
0.45394547586923695,0.15400610533766257
0.44954585049389173,0.15486799553052613
0.44918544275560823,0.15535317565956694
0.46002414842490186,0.153062758979025
0.4524951213608962,0.15457555502515954
0.4467332827192644,0.1557289444078177
0.4553395577802931,0.15374728669038487
0.4771942799696915,0.15277999469699113
0.448976817352076,0.15568423659884137
0.4567814538619645,0.1544205581621436
0.4672130203564645,0.15341174105972086
0.4596592580617365,0.15410457259124308
0.44964149170215295,0.15517915445206204
0.46819502899515436,0.15338931872367595
0.4575931767269651,0.1544038923111788
0.444111635334425,0.1563513765860579
0.4639361266433849,0.15378608718997214
0.46352371225175226,0.1538841187507018
0.45872288361635494,0.15437068656097447
0.4487017323969204,0.1556862174811698
0.446219574407041,0.1558229364104215
0.47354773988503396,0.15336986526111687
0.4605867454456244,0.1539663884852863
0.45326845222980117,0.15456369194079456
0.44921249728398394,0.15540238085970734
0.45204634992882153,0.15498426796117165
0.45894106017858016,0.1541830949346869
0.4527374474923033,0.15496435887114687
0.4657356316078188,0.15367809578052496
0.45685537490458117,0.15345658835716358
0.44755181499648095,0.15477543566554763
0.45298525779159426,0.15373816858216724
0.46175943614189396,0.15307642560779774
0.4655577477803533,0.15301957232203148
0.44451858455320126,0.15634571725551877
0.4457325553923699,0.15604445551176954
0.4551885117952314,0.15370179765078737
0.4507570743436455,0.15447366708985155
0.4516256097731376,0.15376233654491786
0.461202348682262,0.15330889290831767
0.45071716820420904,0.15463120366708596
0.4466467277097375,0.1556990364073448
0.45927009083907366,0.15386967710572363
0.45024246032260773,0.15462361632455443
0.44110718323630577,0.15598992957852714
0.4392078533007912,0.15660919901882595
0.4458362665726155,0.1555862356167528
0.447862701074849,0.15482885222345388
0.44405949761412605,0.1556072972925407
0.44647740409759623,0.15536225550011845
0.44925244190026026,0.1547902844745328
0.4470269570107393,0.15524032742846466
0.4460864365848703,0.15543889786228493
0.45087703822509423,0.15433458109602094
0.44369004819057606,0.1561854398180693
0.4437741510958771,0.1560766868692503
0.4611015362040406,0.15315354497239683
0.4444707317290745,0.1556912271531348
0.45453617873434876,0.15344221238494143
0.44246262006512055,0.15642918205903827
0.45291510912911814,0.15382961727805072
0.4448999750600624,0.15527115554213636
0.44398266556126476,0.15601190361617123
0.4505512776321063,0.1542963018481027
0.44843570031493474,0.1545395111704962
0.4498652959144267,0.15447915632345705
0.45215361616799293,0.15415183891806858
0.4436624845053391,0.15637502663693362
0.4526970177356793,0.1541325967717182
0.4477754808478247,0.15465216353880729
0.4460503205372291,0.15502021217499432
0.4552056449174393,0.15396331341164204
0.4450973265623899,0.15655982375311708
0.44570530932143587,0.15595554516089727
0.4509616769978795,0.15424996311994219
0.44695226819232836,0.1552437591729988
0.4660628895206462,0.15281153195379873
0.4580489529138561,0.1535515229755502
0.4581218309064441,0.1534101923560106
0.4540662799695553,0.15419782024886208
0.44866000514021726,0.15501481711534684
0.4636947103761997,0.1533520330840148
0.45357540074198255,0.1542488089490907
0.4502218935968129,0.15482096480319824
0.4443298029715228,0.15712033741449016
0.4494671882642717,0.15494553553384863
0.46588432669586777,0.15321703199078093
0.46578516483687105,0.15332920791086926
0.45408292711067844,0.15393798926081392
0.4513183183547677,0.15479465255507377
0.45235147523782787,0.15462590054339348
0.4536542849630292,0.1541030546235225
0.44613709501161614,0.15517224443965813
0.4523790061834301,0.15447229518701097
0.46412420183500486,0.15359326089162076
0.46533380904750077,0.15339315792081018
0.464288285399094,0.153545829096498
0.45879675508551765,0.15364981954045928
0.44608927635366624,0.15609750730656655
0.4576868534808165,0.15389207033995633
0.44940138610513397,0.1548422106110729
0.44564833360815925,0.1569428937010652
0.4536872511771268,0.1539442346033568
0.44477805213121235,0.15620896739393555
0.45664264539444543,0.15343567290222654
0.45597983173532464,0.1537925669117223
0.4534490273398781,0.1542014165521016
0.4484751598852705,0.1546594608161619
0.4509829042919079,0.15462303926167145
0.46268211739994314,0.15321346348364998
0.4474389414855047,0.15547229295495454
0.4454158539097183,0.1555762028762649
0.45237659359664373,0.15455205073124373
0.4616659942177604,0.15323662496913418
0.453334257426515,0.1544304435014637
0.4562267938480473,0.15371873502274955
0.45541584626368403,0.1538848086264056
0.4636486238998578,0.1531644139339359
0.460955790525338,0.15318746037562153
0.45523766353260586,0.15375942022986466
0.45685432852221086,0.15367979195358739
0.4497746862961661,0.155097037495688
0.45043816238631873,0.1547268332240808
0.4585815951036682,0.15355315193388816
0.46598362150475625,0.15276554827885416
0.46397562581381785,0.15289494196517447
0.4585722109507002,0.1536203188826214
0.45173148042600675,0.15468029915575668
0.45517747708026135,0.15399146540670644
0.45568999261567916,0.15368215311763186
0.44916576797199764,0.15516778720132243
0.4518020681203298,0.15411056789169203
0.45772847726362687,0.15366680922258089
0.4539882759910799,0.15407977275802603
0.4498246812365193,0.1548362020990979
0.4551281270354775,0.15403292084128106
0.459035436021922,0.15351739539289375
0.4490790946655298,0.15607165828224953
0.4591680435531656,0.15324578384836315
0.4639166553132331,0.1531822199654849
0.4580605666517017,0.15413332219211817
0.45797804359146765,0.1542023071792688
0.45411603460324557,0.15466133602442628
0.46489426094013375,0.1535903008200274
0.45005401861614325,0.15617641749106653
0.45113348624271626,0.15511759360727906
0.45596758114069613,0.1543707074393082
0.4682931837259749,0.15336560569484714
0.46116961438622806,0.1538653324632854
0.46058016925806183,0.15394504181875235
0.4632215567859954,0.15384004533381845
0.4581790166579315,0.15411543786776633
0.45252758215940464,0.15497551785261215
0.4503033432214232,0.15524224386259083
0.46474798120694216,0.1538261475052852
0.4497201210529579,0.15622926080038607
