0.32309200790082565,0.20085400896942265
0.3118098141800178,0.20117221823093542
0.27972879024565334,0.20943483681697708
0.29343289036463877,0.20457317686676638
0.3045275150010234,0.20185259122151689
0.3261521246357897,0.19864305146745545
0.29715776842527086,0.20374217763386046
0.29278162149439696,0.2063032484679107
0.3528676579313917,0.19779513875820587
0.29153193114273185,0.20823494281738614
0.3270563320644436,0.20206384566440494
0.3288748131682693,0.20161809485930463
0.33392754274057096,0.20096092177147534
0.33826073162561454,0.20093272646806232
0.31110102761071645,0.20340651803472268
0.32674198397625964,0.20212824023404954
0.3126232958626797,0.20215703174317484
0.29058125207024504,0.20920574304286532
0.3089389778864693,0.20483890370132496
0.3419091005756962,0.20064259064970916
0.29402051944548646,0.20685457637872146
0.30873625755775225,0.20488150541778424
0.2904930448078204,0.21164545717058914
0.34775776447503864,0.20062461193138462
0.3469878106042515,0.20062541569388814
0.28869791875482426,0.2123921707094127
0.29924165529601937,0.2058708584459881
0.3298735515615667,0.20158872506896777
0.355614601623416,0.19977350673680133
0.31377731202505194,0.2011625143020541
0.30335476574672926,0.2044597255002109
0.2747311920094435,0.2110992410594166
0.26762178461088443,0.21868783893215718
0.2748181253905953,0.20912920088565568
0.34209590062720246,0.19999678457548759
0.289945766391987,0.20617949113031656
0.30904292446210807,0.2029722152911475
0.3356203880418276,0.2002204417683268
0.28758212687611195,0.2073918419133388
0.2956888476941796,0.20499834958832336
0.3484731362363003,0.1951725761387292
0.29237663018393806,0.20324850892662719
0.302775151928107,0.2002975351862567
0.3234081053086,0.19590906654946544
0.3207814347762085,0.19599881339363762
0.29872159205898,0.201224805328591
0.33599346558292237,0.19575131569500176
0.3174529122963697,0.19789121797681597
0.3134259726104573,0.19904150127793305
0.31225486951405385,0.19971771949936204
0.29734762879964216,0.21647418902478063
0.32352213610711805,0.20273112609243707
0.33055158465656526,0.20025779874584523
0.3026705190118498,0.20839712952317457
0.2980959109597239,0.20868502781961362
0.3549877991487569,0.19834292386366845
0.3114817577801564,0.20483063520686492
0.32814572968491423,0.20272556535419337
0.30792018068077087,0.2076051474639226
0.31874124537464954,0.20403252222959978
0.3329226679145597,0.19912129429054
0.3821107501235036,0.19819339723895324
0.30699187133355704,0.20333796210597238
0.28095454626806526,0.21787199388957493
0.29142626184292314,0.21154013247886533
0.29725078420441314,0.20669235578693723
0.29926393774941473,0.20418992287576765
0.37211909844606006,0.1962149673043751
0.33122684914180445,0.2002410319941047
0.31373147655463984,0.20246019127862386
0.33843600487954684,0.1988495597749322
0.32724676424567434,0.20061162852472383
0.34865927981173184,0.19777585678814974
0.3213026282217089,0.20126085683896391
0.3201607569960898,0.20193761386771936
0.3081054085126609,0.20260959339760096
0.28565256691747376,0.21251374565573966
0.29653363030102325,0.20755280751233252
0.29309227255928066,0.2092192403827259
0.2983431815162643,0.20595641041011462
0.33287094036474996,0.19928748492994924
0.32633861810647347,0.20153971915572438
0.29354814996427914,0.2096292706644271
0.28154577808269093,0.22112809642245018
0.2999454007774245,0.20436821044567594
0.36437455378901634,0.19933037956858848
0.29128970869725707,0.21004227253792337
0.2902345582855172,0.21585610183805076
0.32013016043529074,0.20316178697353035
0.3516865988220031,0.20038245869576457
0.2842941886801533,0.2172084149546961
0.3253452487921152,0.2031063318271664
0.2907330065846595,0.2155614372970448
0.2869270549230942,0.21337373398158455
0.3031421139912048,0.20631436692826094
0.3340585176958197,0.19965778856937616
0.30565901391850725,0.20587379137662695
0.2825963858555381,0.21510497315935723
0.31901099273275735,0.20237271424205627
0.3187984810768969,0.20502105691224182
0.302187882611844,0.20730608501878833
0.31397213024399306,0.2056093978233211
0.29494749594445824,0.21042381911933067
0.3162821964639523,0.2053783046383808
0.3311900591604576,0.20074298911381114
0.29473093025061914,0.21307582439258604
0.33113063900643563,0.20197549545349444
0.35267948699917845,0.19793238735137667
0.3516848954599277,0.19807566776590937
0.3047335711111528,0.20353902215520356
0.3178023710820865,0.20201606774892122
0.31559496008975574,0.20257538992803936
0.3359626023030011,0.19832046148070967
0.32226558056420446,0.20195937157157462
0.3251911417713864,0.2008299846999715
0.360798108478213,0.19609331679087097
0.2978976120250783,0.20503223047949698
0.30852997397231063,0.20351606659031726
0.3301241317742184,0.19924466906244587
0.2952035521901561,0.2057689011492429
0.3298094716083877,0.20006609294754557
0.2949365222453229,0.21849515982520445
0.2774287675864326,0.21170035562363856
0.3101897750189453,0.2001679103258869
0.3058938317366948,0.20312466391961456
0.2799696130511128,0.2107504303913447
0.3067133605856608,0.2011727892832609
0.3051900433314017,0.20323106133828925
0.3396643246113186,0.19704516629326296
0.32995937789209,0.19890182496808162
0.2894425835227172,0.20773589921853697
0.32725040622375595,0.19905870779551343
0.29510422236921796,0.206326976242702
0.3163801598467827,0.19922165610184833
0.2925351213301751,0.20735973257729848
0.2988500275890999,0.2036061637050576
0.2948692482314469,0.20646566507892086
0.29814545853742075,0.20582604981896935
0.28905355375729874,0.2087653581272128
0.3288537362589635,0.19990525209076554
0.28964220990267264,0.21215181297456498
0.3014326337809073,0.20640811429550382
0.29110044577768895,0.2084071781860493
0.30309743536403405,0.20421814088808726
0.29966684156872625,0.207248761963759
0.31207674909241123,0.2012109199485267
0.3423826448007755,0.19984483824047994
0.31829348455460754,0.20063364440680267
0.34353741570406376,0.19916959956882901
0.320090714259105,0.20246171621069273
0.29006596230344384,0.20829916455658973
0.33263774415069014,0.20150006171125873
0.2885483110936582,0.21430201181314185
0.3035573957757224,0.20581964882303125
0.3038418670321341,0.2055563724419262
0.3361660829135599,0.20115652658595304
0.34415337206743896,0.19919493539977
0.3279374851668676,0.20171507756321763
0.2887506532310263,0.21346702644469173
0.3119026288467825,0.20480706205403554
0.3382162020082462,0.20003145925460103
0.33791731317276535,0.20038293238785015
0.31758107371287286,0.20435902293282407
0.28275429654766276,0.21469918994471804
0.2962092149698364,0.20349321568667175
0.30834216413305526,0.201694565950654
0.2803580641941539,0.21572203034977844
0.30772574785759116,0.2026820864733828
0.28565426999738996,0.21275399215448276
0.33453424335291215,0.2004578841461979
0.27454939604789264,0.22361568633047765
0.29148558193479307,0.2098010527075093
0.2779733132755543,0.2166210210790397
0.2833853800119579,0.21367304269811288
0.2916894124326919,0.20768897133262434
0.2882667968105648,0.21205549874346447
0.2885466209605502,0.21159112669234276
0.27671455551096885,0.22279019958017812
0.3383770661673057,0.200790520439397
0.3227459815075471,0.20465200081070678
0.29566226001876467,0.21542456949061498
0.29171252285245386,0.2193001407672979
0.3042203194160522,0.21200020653133334
0.30064856091567294,0.21336468731177494
0.32463801278432036,0.20275248897657577
0.31468800152364346,0.20511882645050508
0.3079493978556794,0.20574310512140598
0.30641397907412476,0.20901357451093194
0.2959050090082433,0.21395159864343083
0.3213043774163592,0.20502441186251105
0.3710644154055481,0.1987842942086501
0.3293630872338117,0.20208464440418236
0.3440730337788886,0.19890955578275452
0.3376963146152381,0.2016485717739767
0.38179277087354857,0.19791750571168498
0.305469691834281,0.20971286614776227
0.3837248658963537,0.19772338907337514
0.37614244279326436,0.19826379473259007
0.31805870403126996,0.20059878899023628
0.30026506637626577,0.20760775351627012
0.28184144131663735,0.21517637905661907
0.3447979734413088,0.1992314651490917
0.295481436968137,0.2080427776500961
0.30441964611891853,0.20552035630392482
0.2989980499599073,0.20783694242433925
0.29020013619977764,0.20997632059301283
0.3094920925763843,0.20367894436635267
0.28841651579227295,0.2126397976771532
0.30341763485629897,0.20582091387571297
0.34904202733822615,0.20042854185689507
0.3538683095225236,0.20015679409072884
0.3345452865703746,0.2006057576034612
0.311252583742262,0.20950772103972207
0.3028122017963103,0.2119979947480152
0.31971039233395765,0.20261020167674787
0.3104298801351717,0.211221846629243
0.3758814304281588,0.19791413799251686
0.3501786360725779,0.20016320221358802
0.3212300698058415,0.2015991964087738
0.35737442522570745,0.19856416176683778
0.30068122236010836,0.2129355829225568
0.31007021577735444,0.2116283398977299
0.37986803996938073,0.19755467424400083
0.312613397674917,0.20615055985075448
0.2977328649629823,0.2039303107148293
0.29097562857140985,0.20945231242474113
0.28223314046421877,0.2139565112271608
0.30680336775110856,0.20214651477093276
0.29132944440128233,0.20750383961500396
0.3021385136401544,0.2032533734780579
0.28205837745555923,0.21474493779213766
0.32531289660296414,0.1958312483031607
0.2849871985397007,0.21338701802098128
0.30730850020559924,0.19911090897257458
0.3508407728216518,0.19544042644355217
0.30682776579532356,0.2019719008122007
0.28905428211013445,0.21002567630993016
0.30477812329468,0.2043718321781792
0.3150562167768478,0.20276688083569078
0.2940780039285529,0.20773833470866274
0.31051921413772976,0.20331577782060342
0.2878934127660978,0.21281079047117113
0.3336408697068101,0.2000117196599183
0.2967047571745863,0.2071319619181746
0.2923138632457561,0.21225121105448977
0.31349510413992776,0.20307593855359837
0.34725206870719105,0.197549602239192
0.3386044534039247,0.19897550791922292
0.3163247931624715,0.2010067599218581
0.35127945074071865,0.19653411047327873
0.2851051046834078,0.21684466658496937
0.3045225376395369,0.20617806332079547
0.30841511946980976,0.20420302232384754
0.2923981763428162,0.21105080811921792
0.29164747017702536,0.21257984064484542
0.32205930099352686,0.20320217184169392
0.31054922509698624,0.2061476731054633
0.34421771792701455,0.20079705569076273
0.30428426162943434,0.2084676074735425
0.31135454385957334,0.2041983621697214
0.3330172504313048,0.2017478580112258
0.3089300033901294,0.20831153907223773
0.33752089502358507,0.20082756581356725
0.3447159824906689,0.20074421904312142
0.2983621834058864,0.21463425139276548
0.3235372076541834,0.20263048515718157
0.3104015987492084,0.20678865536227203
0.3469531491413444,0.1976026892860121
0.3130060091834403,0.20338509759073642
0.3303769059527636,0.20298860481054484
0.3042937513500505,0.20804352201515652
0.3090587625589276,0.20650541590035254
0.28885827947270437,0.2126331998441606
0.32579462103225176,0.20299179297279016
0.3314968761562794,0.20146876071316866
0.37398282400888067,0.1974602417312718
0.2979263800760723,0.21006562726281588
0.31158368470957715,0.20529419621730888
0.30555890288325754,0.20733067001074632
0.3496098105002286,0.20081364814444405
0.2897124843235926,0.21135841948370315
0.279230634339484,0.21489076912828886
0.29634268593795626,0.20689855562145568
0.3033731779134163,0.2039032229940364
0.29526538259210117,0.20704033736776023
0.2849964970018956,0.21320785774083767
0.29152469128157543,0.20840746926418352
0.32697040300587554,0.20108073172775753
0.3001860050904483,0.20670631317841895
0.31127937882622964,0.20269676932490552
0.2884010233997501,0.21256090804460562
0.3015593785590904,0.2061861030542513
0.3394196192835112,0.19593834571213703
0.32715080016417025,0.19844449724189267
0.29306181133160314,0.20555843461972517
0.3274453273346221,0.1980312196236203
0.28610348348856435,0.21363107404446688
0.30090572166730506,0.20412070459837905
0.3023376511598067,0.20221876132370284
0.3275851664233572,0.19738127894135898
0.2865811940617723,0.2078506609527451
0.31645586464212994,0.1995602650929244
0.3191975505028697,0.19863498106810407
0.335853248619856,0.1962704125022928
0.3122136645194545,0.2009927138643531
0.31162948418159403,0.20214102030656614
0.28329966577833615,0.21561620766999978
0.3449369846569009,0.1947777675125026
0.29129151407119597,0.20759649588994428
0.28879884432726566,0.20775381520183653
0.2996600407891511,0.20412950485808704
0.30534641720552147,0.21312552293629972
0.30354690333571205,0.21632418280753668
0.29028321103301097,0.22250969152841327
0.31979146871624603,0.2074032945706706
0.3235574638050151,0.2061706322905278
0.3647700093458206,0.19962202263348158
0.380428643180227,0.1991527532636882
0.3050025937952725,0.2157153515650539
0.288620954164184,0.2265326032088768
0.2979117999332243,0.22089548700304268
0.3088743956201081,0.2081890708168746
0.3254123449556568,0.20531212038395752
0.3517239511056581,0.20181410174897088
0.3287466920503614,0.20350181695772673
0.30164290876754385,0.21894082036723095
0.3614518028384788,0.20006304152745996
0.29984742849887047,0.2197165625972222
0.34741740123339226,0.20317571073456012
0.3292013098333216,0.19990891607511527
0.3343856968481937,0.19767259352373448
0.32005126285770974,0.2011795033114414
0.331603274676473,0.19830165519308154
0.3055535128826778,0.2024282720617109
0.3273033275228318,0.20070420632134534
0.35578633647579144,0.19480908509091452
0.3293478507417817,0.19986209453694975
0.3394124215624112,0.19672484936800025
0.35503245728451793,0.19671652500443795
0.3459618715192241,0.1964678473455804
0.32031443554695493,0.19911397920366727
0.306334252729074,0.20213704508626174
0.2903205964074992,0.20868733785894103
0.284566864574598,0.21248187999529777
0.35808912835075773,0.19571073571221123
0.33460862635932836,0.19663605414953883
0.2901290102442792,0.20909555683052783
0.3250471762683645,0.19842900428774204
0.32803049585232114,0.19719630536834773
0.2937520741060841,0.20715951366695903
0.30124840056635677,0.20312717448129378
0.31135717526269613,0.20032033126867427
0.35332971419713094,0.19641091573297745
0.280357448920339,0.21387829249549342
0.3093922978538148,0.20199644144395812
0.2974831682030692,0.20675078417389767
0.29717463466674887,0.20706040677744378
0.324309139137368,0.20476679754309282
0.30725495735324254,0.20743763002444762
0.2951279700026306,0.21283564529946136
0.31443905109727915,0.20540789865756115
0.29782626907938153,0.21114981536475494
0.3405417433498612,0.19996227483026308
0.3288096957031922,0.2034809035009932
0.33936336839253983,0.20263495273273982
0.3285483187050067,0.2046619950215406
0.30791455494481895,0.20554978284524633
0.3037189258613381,0.21080689312703985
0.2940898123103859,0.21310827246768108
0.3383020710460791,0.20291601895257058
0.34889758678885235,0.19846497329455628
0.29882714805269334,0.20715601940915457
0.3747422300026014,0.19665224834270215
0.31974613904628024,0.20160197483920803
0.3655167662781936,0.19746834116880985
0.31181264895679894,0.20588563174123756
0.3419666745733771,0.20061926855637277
0.36285801700787923,0.19788204907696047
0.3189366686144176,0.2045226913165611
0.3184427376258081,0.20462013040570293
0.3175767348439911,0.2054271733669787
0.2986558957624666,0.21440503212249407
0.30990875419496966,0.2070675173000312
0.2978617561091752,0.20260494004496665
0.307122721547244,0.19981779060112906
0.29769671876260134,0.205889692946388
0.302560180197602,0.20045508399575973
0.2966084434871571,0.20669267608410255
0.2884113456896893,0.2073494578525035
0.3213337165838482,0.19854361195765352
0.2873057960366442,0.2093037587624774
0.32432134218038083,0.1966218030206376
0.29606528825763606,0.20670393865639847
0.32308621730350967,0.19790607507499258
0.3370904364140873,0.1952654101759391
0.3224725351077404,0.19815819842281535
0.29684213781170227,0.20593829993162976
0.32218407892472833,0.1983304039617272
0.29775640838376444,0.20844275686100872
0.3026339737740341,0.20730578661811994
0.3433160167645555,0.19879580085827783
0.2945001133469935,0.21413825713402868
0.33510488622053963,0.19883983233753996
0.297147962152213,0.21126847525221182
0.31181937446070507,0.2023908296953975
0.3316300260319296,0.19966364188741542
0.29422692406388473,0.21525983766582862
0.34668729271885135,0.19804486758545473
0.316177896227185,0.20023651430390046
0.32551009659740693,0.19998828760762138
0.30917287342162525,0.20377866067926687
0.3030778545781471,0.20387583197570563
0.32914079832849275,0.20236753767944715
0.33713442224112533,0.20159185950815817
0.30763916677434716,0.21079743049680286
0.3036947581886067,0.21192670579148915
0.32821203180249153,0.20544902923297528
0.31219838204564593,0.2056290888054137
0.31004333979505033,0.20856592262749862
0.30109769664739144,0.21279937959839745
0.303174045649831,0.21275186699369872
0.35334759364838914,0.20010447903378778
0.308669648875886,0.20913327058550407
0.3121175683817686,0.2081996619972353
0.37497391500248,0.19941991057501374
0.3060519742498273,0.21142623522513232
0.2980691619448266,0.21723052235007717
