0.35173406758425524,0.2919466291811329
0.31183444574923286,0.2985231699251907
0.27609225164026496,0.3005124303912936
0.32033477493521406,0.2961018175740409
0.3032483053837819,0.299168373380721
0.2931299785017312,0.2996158762365901
0.26498701759579246,0.3198153181827716
0.34379399612630174,0.29439097034779677
0.26360731829264267,0.3291542836905191
0.313173228137282,0.2978108381579482
0.2632462301741751,0.3337174059014838
0.2742320901484455,0.31385533656031467
0.26602123573235936,0.3155006886172031
0.27440001066449904,0.3102774571759851
0.32117797278118376,0.2952626503691592
0.3059539182710462,0.2956887300391413
0.2975020931448212,0.3003738764866083
0.3011786614427183,0.2982669570435195
0.27419591909265045,0.3117015989349645
0.3183522603169859,0.2928605375536085
0.3027224603363058,0.29606563513341894
0.3263111753746091,0.2907780612757093
0.27450681246863456,0.30361382092431005
0.2964824204356585,0.30131045236176063
0.2741484643631704,0.31353780427880823
0.26417435913433446,0.3190111607937824
0.32327343404680914,0.29266223595748203
0.2718410311259115,0.3157699465999228
0.281647259410396,0.30199231415948136
0.3442020783188531,0.2901877106783278
0.26374873700395407,0.32777168009709917
0.2720691825649324,0.3056783879948709
0.2835504342077562,0.29870632287863697
0.2700803756257343,0.31683463408260154
0.29504850678612365,0.295337670325182
0.2920647516939,0.29567069160994425
0.3191613016174707,0.29400600420654954
0.24623197772603642,0.31483683423087294
0.22802947356056666,0.31742745422018365
0.32760612388133015,0.29814559953103686
0.25803643839164897,0.3100085463694605
0.27186009268806605,0.30101068809823134
0.26030274081674326,0.30583834272720045
0.25435011433169663,0.3145258618450209
0.2749169726625679,0.29910503719695875
0.3243426271212556,0.29817336881597284
0.337059138491736,0.297993660730613
0.2576101114447309,0.3139104417063756
0.27315952006268224,0.3000535738733724
0.2736897039738234,0.3195022086792311
0.2840172945242613,0.31105152146283066
0.30940406104584717,0.30604168737507986
0.30943937480303313,0.3041546568296053
0.2817992848743311,0.31257042556076825
0.26164803820982074,0.34133461443975216
0.30622718738445126,0.30791083457926033
0.2722412494620349,0.32001562674654854
0.30485534085552973,0.3080286804150218
0.2750249461589119,0.31930123759538315
0.31830069754425727,0.29733428477025475
0.2668481647302302,0.33002559296607564
0.3003051934679874,0.3087007547340471
0.37065964065234375,0.29656716194896215
0.2916779804294601,0.3053847027173749
0.28495779721782594,0.3056405173216926
0.3143669830286317,0.29917954779390754
0.30153398468596454,0.30109231349199855
0.34354641752881193,0.2945251188515441
0.28300596659163874,0.3056620965702149
0.3466900054529057,0.29366565009039897
0.3263923029424487,0.29507802718811127
0.2930963157718965,0.30350267267831876
0.30875263288107,0.30055083273798866
0.28172531075595464,0.30918242433339793
0.32284493301926065,0.2977717049946576
0.3233584059353022,0.2968334532202275
0.29349176802590854,0.30279164332401887
0.2796034844078207,0.3100283512753417
0.2741650095391574,0.3162308262118188
0.2727487139246461,0.33928162576317655
0.3613195446568687,0.29117768376478886
0.31331269861657113,0.29255142420236013
0.25294195386703733,0.3120273799493129
0.27511547914545925,0.29932577364687785
0.2655816003665718,0.3087579595650369
0.26780600237469326,0.30860456078323334
0.2855574400209766,0.29647102744079434
0.3095530390159167,0.2943625350756252
0.3054905912652037,0.2950116214794762
0.25818482670739795,0.3092102607820067
0.30269090882896116,0.29501766990030776
0.3023146128233337,0.2956576225193848
0.27219875910263447,0.3013984232875428
0.31779885922115875,0.2896825927369633
0.2702284310568008,0.305407528828083
0.252352763235273,0.32829934846668996
0.26957252389662123,0.30384160027757534
0.28474146296842834,0.2988975964772894
0.2405770208943605,0.3246434859089475
0.30244286083049804,0.29469736559558113
0.2642134545955802,0.3060433107770195
0.31693823536938975,0.29458660167373596
0.25324317091946574,0.3225374029110895
0.2584223539352022,0.31239320674386956
0.2888645002089043,0.29593417486775936
0.28776594729725813,0.296880849017261
0.2874955230168266,0.2985270977431789
0.3136264739499813,0.29459284653772416
0.3196581716138036,0.28996443065749605
0.27500648389601695,0.2999759533432956
0.27859961730940297,0.2978308646568326
0.2915320904875438,0.2961716895343029
0.314298795699875,0.29169564491200217
0.267740914498332,0.3041246599985903
0.3105627849343037,0.2947579862935341
0.2926606057087763,0.2954324991053851
0.28486895661966394,0.29749273778448004
0.30476345623258,0.29524212744436845
0.3126304521595578,0.29260203888327874
0.2522609489496208,0.30644991335359484
0.3075875398960537,0.29495065979983603
0.30647191578731525,0.29146052255199734
0.25660831365405334,0.31902965038474823
0.2843090441452337,0.29530854372813464
0.2524419912020428,0.32158545694693247
0.25787889560351396,0.31580123575786
0.2596802788819915,0.3092139336244777
0.2788197964732255,0.30051949927325
0.3367220059214394,0.2878629223019008
0.2692315551173694,0.3039108737856197
0.31250634007559114,0.29138961899814925
0.2757180720243092,0.3019811497987007
0.2841904770344086,0.2956425535428745
0.2556574705848834,0.32047970083551364
0.2949088131081599,0.303043919660845
0.27079258788479477,0.31630784427597763
0.3068138222588806,0.30033892872430434
0.324814027677725,0.29456832987587656
0.26390576965652807,0.33100359132822577
0.2753025697677735,0.30899170050705305
0.2841912556808884,0.30713936758138616
0.2699599114890076,0.3234400900334831
0.3232703817700366,0.2964608329822734
0.2636067575163556,0.33348848520734653
0.3023052262769032,0.30054696669254305
0.2912535990912846,0.3068444893165402
0.31449313187111794,0.29910078572619986
0.2913662547984266,0.30580598904648376
0.2550455202692452,0.3268179486924475
0.32418224793419925,0.2967634751646174
0.33821882334940384,0.2939484051596794
0.2692945425954142,0.3174091577665492
0.2960499629574579,0.30052197025365934
0.3145230933167094,0.2976712201237232
0.2751059478659337,0.3070237802650893
0.27365444748327516,0.31285173189638193
0.2745809555871111,0.3102354764698416
0.2619818407650102,0.3213335518087685
0.2930065512468483,0.3029563955077367
0.3179338453709255,0.29760761282548875
0.30092215897472363,0.2994632553749217
0.2918165722212454,0.30608766463959963
0.26885275682334625,0.3190661152384335
0.3246766935849451,0.2940307187582812
0.2694463929444743,0.3106397333766328
0.27711444808934865,0.3069148574692293
0.2653716773335012,0.3134955000774408
0.2505179089277489,0.32966500815197086
0.2805562711303426,0.29681201985061023
0.30854649284292246,0.2959112957441566
0.27084585685980184,0.3098651671232466
0.313407946730339,0.2936075781524088
0.2599824131248422,0.3169764588902757
0.31025755306454794,0.29579867048259295
0.26533012375863607,0.31403486301633027
0.25313824380283345,0.32715760536739236
0.3266620187242116,0.29353709351809326
0.2544824572008579,0.3268722977362394
0.37284373085693095,0.2928974652072868
0.27502104966750274,0.3007814424441131
0.27259102751006026,0.3023407918542108
0.29958161520597115,0.29446248183729595
0.27237281916582334,0.3036254893044854
0.28943327525614704,0.29748206600983335
0.2832615829924769,0.29764625382536625
0.30181355578237073,0.2938090376638954
0.2730592287422159,0.3013178787690835
0.2939642105203918,0.2951928273799379
0.25295619718962514,0.30882091359631786
0.3212266529310642,0.29197518574672066
0.26400235887969564,0.30518104473090524
0.2443398294904088,0.32494862289955445
0.2779396806624437,0.29926361762132564
0.3036620903123539,0.2914097653225538
0.2774266285886882,0.30624655244990834
0.2722387382598076,0.3066860690846264
0.30956153459579444,0.2910556815386056
0.34816453081017745,0.2847740336804579
0.3220610340213462,0.28690504752662355
0.26229740574459626,0.3085240293556624
0.282115192804279,0.30075321714271347
0.25899332562846666,0.3106781895980586
0.2787949048713108,0.306077513010772
0.2878528336691375,0.29506729150020516
0.3142010565631672,0.29026611531049634
0.3014998676579056,0.29498727394647484
0.2821284913831798,0.2999954322048694
0.2810379532813471,0.30177205530441076
0.2669155210511794,0.30157929757669855
0.3059957837895755,0.2896563587802903
0.26024614702212806,0.30687597567424824
0.23954638619344215,0.32952505090895146
0.29956208824658137,0.29495814711956586
0.27095776719915127,0.3012791939896186
0.2505106479623034,0.31016813462450327
0.2407177045548068,0.31197675885171944
0.2650241956547885,0.3061166783375165
0.23720057832228797,0.3426917091991919
0.2561818051781611,0.3073723810906086
0.27255487839986753,0.2987168191465254
0.28804967664439335,0.2949780492634031
0.2860886264731329,0.30078726015572127
0.2701756647477911,0.30717674751185897
0.3137865370739809,0.2929623174021913
0.28180690349099974,0.3019619375658502
0.299752105369058,0.29392734811413046
0.26360164984608786,0.3140529590016663
0.28917091626144176,0.296149808316588
0.3327508499630957,0.2910147476372113
0.2788925201996596,0.3033062118678245
0.3209746401774045,0.2925225818560049
0.27657939776340085,0.3066227211516869
0.260360262176824,0.3162465233879138
0.2869258782455993,0.298047469754927
0.28442625240670566,0.29805001420084687
0.2561505595414416,0.32082631979058757
0.33934938604215387,0.29362393285153765
0.24988135574473672,0.32627350812509465
0.27052190410308297,0.30031578070069304
0.26371945056645724,0.3103076580452739
0.28792908086345315,0.2980077243530075
0.2615344616148452,0.31217574827857814
0.32125312269503004,0.29395708636350504
0.30041209338754216,0.2953685146661966
0.3111618767655204,0.29496372976950735
0.2589350918691095,0.3189970655390319
0.24848563014085817,0.32725499950058884
0.31173969776856847,0.29407462353897823
0.2641670941353638,0.3045030089269017
0.2594708531278105,0.31737021524431897
0.3261363099154119,0.29392995260037463
0.25494179699223884,0.32562628894900936
0.29474358438292225,0.30236626977425235
0.3386484574842023,0.29358936725480106
0.30988473649281423,0.29832656179661565
0.30064772809534024,0.30084652189293254
0.31488520954753657,0.29651822105830083
0.31822883693413906,0.29453000593896633
0.26262946185756786,0.31975728052108127
0.2923774324610389,0.30236927317653967
0.27272621678519926,0.3133039817546002
0.25979747965308386,0.33096459041259446
0.26314731529018953,0.315133608735071
0.27408254176846525,0.31300849855439716
0.2755890692513206,0.3042552486589819
0.3103792886203301,0.297624951709428
0.2744439567991355,0.3128851336050596
0.3401546365716295,0.2934758302957599
0.29800960158151685,0.30072173932611657
0.3020322649125352,0.29933116480405825
0.25442181343066445,0.3398365893297756
0.2939079732158714,0.3007977973410448
0.2571684913665115,0.32427102490707405
0.31021140676194303,0.29352633091832003
0.2663573649158667,0.3064351954573847
0.25084555608484665,0.3481184851312209
0.2546343277661803,0.3386568183700213
0.2557872714486429,0.33595314782851204
0.3053617040415184,0.29889477354746535
0.2922478871784634,0.30194760167140594
0.3081566790579239,0.29870691099798075
0.2649130211607253,0.3069832856394665
0.2914603635075221,0.3061205087931986
0.25907797807215505,0.32047371871262775
0.2646540281927925,0.31834264612144064
0.25330718814214864,0.34076970188596595
0.3537412222313834,0.2928230535145846
0.2626615519103956,0.3136018867674744
0.27286203521531155,0.3011808445389872
0.2603245982140855,0.3238365674223611
0.29918379156784786,0.3003447477695758
0.31699087680733834,0.2972628004419693
0.2718146524901727,0.30639221217707013
0.2588756847890177,0.324620991996904
0.2656222410863944,0.31052108292747027
0.29709883470820897,0.300826111299327
0.26077681332361746,0.32254135347944124
0.265768213479731,0.3090682150396848
0.25954825747284566,0.3239136511496145
0.31689592407926,0.2979523148296508
0.2563358848315331,0.32759706598490984
0.3352687941027315,0.2960369506727082
0.30388710905698607,0.298208504341804
0.33269404750757864,0.2966449646440275
0.2540847580101103,0.32532293934512063
0.2691406031011742,0.30914726346834753
0.28039448413330914,0.3080831192808485
0.30153967654146163,0.3011801749561271
0.3301793997195332,0.2988784442790361
0.2671850867422074,0.31472690204323944
0.3242785067928515,0.29936695636701993
0.2563541841053766,0.3175218081934022
0.2640510636189906,0.31501887032293696
0.29776669737946726,0.3041984537424944
0.25023845259817423,0.32614606839345317
0.24922731134497803,0.33490031370651013
0.313359510948663,0.3009580869549882
0.28648027606102433,0.30036302256680636
0.27147059435793514,0.3067121623235764
0.3553188849073165,0.2929865723609782
0.25666931398398835,0.31086532365173164
0.2777209933240446,0.3010403909603815
0.2890240582568994,0.29609950510389965
0.2872411345406485,0.29737915907387374
0.2741225110083456,0.30399594292527327
0.3292891161258127,0.2931642317526924
0.25646000765865057,0.31382473600046845
0.2623981744818868,0.3071030921740422
0.25499522822154114,0.31758439381034903
0.2601268336158733,0.30861398985948313
0.2726363658276452,0.3051332891190642
0.24611384835379,0.3102353596263588
0.2755896055064717,0.30063058810438603
0.2888480009057919,0.29654199417182814
0.311252643596677,0.29401116794056226
0.28325804285947864,0.2981769853968441
0.23625253272674612,0.31643061962945646
0.32931534259995177,0.2923657808307803
0.3005643129231131,0.2941435945273235
0.254527244464516,0.3075808417805924
0.28056621872690307,0.30018254457050064
0.2594339386993008,0.30325774777857045
0.26927194900947227,0.30319664382126504
0.2979921477151385,0.2946587220583979
0.2509587759859874,0.31389568905504195
0.2714735200783492,0.30556046539140164
0.24785044142999027,0.33355609332143993
0.2925138881047577,0.3019556619940389
0.24996005471897545,0.33050613170998433
0.28414393248357245,0.30522470277236724
0.24582873419142795,0.34011947387568353
0.2936651655128878,0.3015840172869053
0.2949517849007094,0.30118946029419674
0.2988614002765714,0.29910308383796985
0.29756119211127374,0.3008386124148008
0.30259748804098985,0.2956636932587674
0.29385605910997953,0.3013363426245222
0.24921327991625028,0.33087510574731205
0.2646737325745895,0.31005008975969023
0.2782687614107556,0.3054166452632938
0.3218997080289794,0.29303793472097733
0.30118965617994786,0.29697798752833343
0.2978963004307935,0.30075471622857536
0.2865823778684041,0.3042749509842268
0.3083800814938266,0.29525509636837133
0.2671279564102788,0.30936781798023744
0.27463775303060123,0.3167339857604364
0.3433342515689577,0.29625422009841246
0.25242315824269906,0.33510784606159394
0.28232189514818684,0.3067042664321899
0.26422091927859787,0.32490995444132625
0.27777942644493153,0.3143304408070775
0.3460745802699374,0.29569023708073283
0.3658328250831049,0.2936075662396131
0.26186621454954445,0.32873682380322655
0.33049620688426723,0.29681016587826053
0.2798145071770215,0.312577580621435
0.2667824949302724,0.320742605705043
0.3047184716840568,0.30109177723024166
0.2830818406988061,0.30263068402536636
0.31935770465133073,0.2986972674142137
0.3081636872271436,0.3006729039016581
0.36243470987940357,0.29551668467002523
0.3101725536032579,0.3002157039276586
0.26174104515231017,0.30912731394126775
0.2545068701296374,0.31501738349941494
0.3451662552953572,0.2890557071990432
0.259680321116866,0.3129115973110722
0.3085785758603846,0.292443165941034
0.26535045217678266,0.30283258863752494
0.2833473213361189,0.29894261703116937
0.25579088028140556,0.3149858240446637
0.293525653308726,0.2971020314010256
0.31596684178522977,0.2905105012794761
0.2645992434506854,0.3064225906185982
0.29856525743884643,0.29588161275191827
0.3327739208901233,0.28985340037091334
0.2649707529984111,0.3102147319554941
0.2595866573052067,0.3185074944691915
0.25339926221198245,0.322854162297415
0.31181686000153824,0.2960658772574725
0.2525877977183268,0.32861402145215585
0.27687223029616337,0.3052841338088219
0.27350903375994523,0.3069603736721566
0.26270038203067836,0.31349285790502773
0.28324357175200227,0.29882443258127434
0.2572459624039293,0.3199172371894637
0.282963367622208,0.3034785517090639
0.31031412821640303,0.29797490890240436
0.28218153306368693,0.2969074952025116
0.309357815805289,0.2956516287641919
0.2620071119950023,0.3241151331364558
0.2700237500557665,0.3134674769744196
0.2778431656916505,0.3046377838280596
0.27081947845296234,0.3065288463606958
0.3021844394891601,0.2966506839488913
0.3107244520093319,0.29532039847800856
0.3170062508004839,0.29420884089868266
0.3031321129692565,0.29577873228714396
0.3178438696679211,0.292981063452089
0.3269004124977351,0.2911117690577049
0.2688482515524912,0.3174309585448057
0.30173821892337926,0.29680636860845094
0.26718772330382257,0.31884027248104646
0.3289832489111277,0.2903344781510509
0.32279133840223234,0.2915150235206708
0.31403371063539387,0.29513067476736904
0.31064900355245917,0.29550837266066593
0.2798602971266562,0.29742640188446823
0.2536161081555241,0.3102503086262172
0.27845947827494777,0.3036472671276016
0.2662796907414994,0.30749561430784667
0.29585637032058903,0.29724734894116756
0.24959727941051962,0.3327810064147727
0.27528418703461266,0.3039005623632765
0.2701013436332814,0.30513264999631873
0.25063062966080907,0.32238012345497546
