1.2849799960000001
1.110225491
1.0871412
1.074714047
1.064083017
1.0588143890000001
1.047889461
1.084805548
1.0990422990000002
1.039434103
1.062090368
1.041421589
1.1167566020000002
1.1676347660000002
1.064733235
1.071101844
1.0597551
1.072169441
1.0428844430000002
1.050826466
1.079119468
1.0617574870000002
1.055624279
1.0453369780000001
1.063528445
1.145775848
1.0787655790000001
1.078895863
1.0796698820000001
1.0534571480000001
1.266942532
1.0830456270000002
1.040843709
1.053188586
1.069387192
1.045475258
1.058513351
1.066828163
1.049252407
1.023831902
1.029051725
1.033209496
1.045683943
1.028602865
1.025457201
1.031743581
1.046118958
1.0465991030000001
1.046303274
1.033803907
1.017884258
1.0341684290000002
1.023700349
1.0207404420000001
1.03541686
1.031365868
1.037662545
1.0425659440000001
1.040961543
1.026813915
1.285770549
1.037068227
1.028221223
1.055787448
1.0413195210000001
1.031247484
1.045765969
1.025716808
1.035203401
1.040171517
1.042733689
1.041192112
1.009445009
1.033111491
1.024962745
1.015920588
1.0376362190000001
1.034355972
1.051574481
1.0444776420000002
1.0409992750000001
1.046152739
1.030895259
1.031211788
1.027184241
1.035815402
1.06021092
1.028367587
1.02271518
1.0241297500000002
1.733463038
1.4865420260000002
1.4789776730000002
1.4855827490000002
1.469567859
1.455452068
1.470353274
1.4793937750000001
1.479030029
1.464564942
1.488548326
1.4723372270000001
1.47931099
1.474782304
1.483463403
1.485589258
1.4871168190000001
1.4627597440000002
1.4709234770000001
1.4882678980000001
1.5091729710000001
1.46615109
1.500047074
1.460727673
1.489896059
1.461202324
1.5128639190000002
1.470830042
1.4743453830000002
1.4555654660000001
1.736486409
1.492516331
1.473033579
1.475538915
1.4757924470000001
1.4570401270000002
1.459264877
1.491310323
1.491521196
1.4710676420000002
1.489441698
1.4631691990000002
1.4600953360000002
1.478709542
1.458606614
1.432720774
1.477789515
1.478904997
1.4524895150000001
1.5585338130000002
1.453805429
1.472213937
1.4714071210000002
1.47796613
1.4777037030000002
1.462189176
1.472291542
1.4668084680000002
1.4700649170000002
1.4840357110000002
3.081071772
2.9818611500000003
2.9399563040000003
2.9172309800000003
2.9058276440000004
2.923539776
2.905315609
2.91582585
2.9203351210000004
2.9075424030000003
2.9066126270000003
2.9025428090000003
2.905231935
2.941563194
2.915221282
2.935508523
2.920731699
2.934822757
2.928626334
2.9501953850000002
2.892535575
2.945410683
2.926698483
2.9204938300000003
2.9328452470000004
2.959422646
2.912972329
2.9507375220000003
2.979178677
2.9311057810000003
9.906287383
9.718487875000001
9.709515936
9.769717372
9.747960512
9.690509064
9.589503194
9.786421165
9.75698745
9.890918423
9.793282195
9.718204432
9.799594756000001
9.715897510000001
9.760033715
9.755341915
9.755044602
9.751844543
9.765981778
9.85427527
9.834184198
9.831917214
9.858937577
9.834094895
9.948926437
9.892004538
9.787687875000001
9.810134136
9.840485449
9.771225148000001
24.435383756
24.696450270000003
24.390113261
24.361548464000002
24.210854967000003
24.371461723000003
24.309663699
24.342603945
24.304161606
24.579677416000003
24.384459420000002
24.718723049
24.654920516
24.748947041
24.588249304
24.723682373000003
25.396436333
24.753359073000002
24.637575963000003
24.789881034
24.598505896000002
24.815210192000002
24.611004051000002
24.785683267000003
24.72691233
24.815042826000003
24.771224211
24.5643442
24.661196085
89.605389783
89.008917769
89.275310676
89.74762349000001
90.801537385
91.237284454
90.360385316
90.57305225500001
91.33051671800001
91.08867761900001
148.61124856700002
147.830580824
148.069828531
147.915051828
147.914191214
147.581388583
148.63545892000002
148.25546379600002
148.36862216900002
147.944121396
148.751554285
