0.355324256299524,0.3213272051407573
0.3310993180170539,0.32599869560353245
0.3374157972684415,0.32558721745393876
0.31389255846457154,0.3270530763439522
0.36305539107403756,0.32097876102943773
0.31002991417624354,0.3447406633551794
0.3412331451249746,0.3215624841338559
0.36833935083250063,0.3203881609531361
0.3041407889485471,0.34918213351964394
0.3752581709367607,0.31839595520139186
0.31281929998122626,0.3416162203661936
0.3024149028878498,0.3354054617381511
0.3105582537688467,0.3298216975377742
0.35751379946129963,0.32272785225178596
0.33381956338711105,0.3251020571204796
0.36413098624863127,0.31982940994181963
0.3171554070290569,0.3291181209368409
0.3279015051365835,0.3256047922828291
0.2951570520781741,0.3400462774071825
0.360528802891878,0.32220406511905275
0.32140951666026957,0.32597328570299283
0.3084352582391384,0.33441100113695743
0.2948579129735226,0.34074036268754765
0.3086385109296128,0.3338959632037679
0.38826834151122547,0.31933369350689383
0.30223261235721693,0.33778697232493293
0.34355377397543013,0.32290108858669775
0.30324263643853705,0.3347774919551223
0.2903877317389757,0.35951506512066983
0.29421313255369197,0.35406079123109124
0.3435076719644681,0.3149109114009671
0.3578383868576627,0.3123911349658012
0.32059811761748297,0.3233364175681416
0.3269198796943579,0.31752316489419125
0.3119902576060161,0.32695457702538305
0.3130467681553169,0.3244129490267786
0.3210769911260255,0.3190801074862749
0.3552060684897547,0.3134119061014545
0.3376146831611884,0.3167619032130597
0.317656636201774,0.32401721706898745
0.30260993357690164,0.33134585627218766
0.3096111517277467,0.3287879736940062
0.3203408196934959,0.3237246534972694
0.31921449864656726,0.3296726603130598
0.3334975926511399,0.3259664441438341
0.34914306996837474,0.31685788337191556
0.30687533039593173,0.3450460584343543
0.3446181639651987,0.31854298078513205
0.3426763363202574,0.3212440919484756
0.31339498256676335,0.3374181278479927
0.37571606183207645,0.31305193948019705
0.32315700224405536,0.3271257876710416
0.3691117816005045,0.31501656935242844
0.3445185154046024,0.31988378157004005
0.3666200412244713,0.3168110504086671
0.3354769353880295,0.3246837490652647
0.34826661309638507,0.3177677422274064
0.338821426323942,0.3233510049575961
0.335736448857219,0.3251344797353016
0.31436983132132146,0.33669085424281675
0.30987481071084994,0.34199277521942184
0.30349970974990825,0.3449386483962541
0.36687608541791594,0.31983178050773564
0.33035846863123935,0.3264981758304872
0.34041784310102363,0.3243872891195313
0.3741431290245463,0.3159249851593604
0.31869027003200395,0.33528249925424025
0.3267541286178829,0.3293600581367603
0.31875022736523495,0.33360273093042875
0.32813863670950977,0.3289005250467821
0.34748639150380684,0.3243576575561121
0.3729625338845146,0.3179599270087947
0.36781549022475785,0.3189882852597101
0.34760088104447745,0.3200603987941882
0.31984247134409244,0.3308545245392596
0.32798329157998457,0.3292423129799647
0.3077685186659692,0.34409614792168636
0.3670509607564105,0.3186508754435157
0.33316154849841534,0.323019690162015
0.34018999202403394,0.3212435333614103
0.32771956756694565,0.32632066585980024
0.2927331527354823,0.3447782280833627
0.2878294625495986,0.34511323818833406
0.33351106722762425,0.3216085215528209
0.29583841710131964,0.34458351089483563
0.30355312453909983,0.331140015516483
0.30052934024823313,0.34434386106097764
0.3236768127924784,0.3300958643832121
0.35779198024082143,0.31982023349057714
0.32378274709874133,0.3288183549207325
0.30300312406359264,0.34293715655637225
0.314106546396153,0.3377121589505935
0.3774277599403593,0.32171582355145834
0.3286418090356671,0.3277737526975348
0.3852692044847559,0.31997992073439546
0.3115392175670164,0.33800410461986724
0.32928915143936993,0.32501093545501186
0.31742993372997513,0.3344073472782401
0.3016263762017334,0.34636300448791696
0.37379632159054416,0.32344898824292867
0.3107316313228003,0.3418825274004021
0.3234695174969698,0.3332354179102497
0.3509262165253398,0.32388568914481614
0.33416508688482355,0.3249323857696975
0.36259074765902327,0.3237968673781667
0.3824750740865105,0.32166488066357224
0.30647631630401545,0.346253709998103
0.3096951202462496,0.33912600902837803
0.37236482925418074,0.32523497437117754
0.30241615111996556,0.3638416439441156
0.32781014194283953,0.3311685502248825
0.3376069525780647,0.3308466445906591
0.34369355087283215,0.33015956051345946
0.2969278724594778,0.3733024222694859
0.36713134608227155,0.3266783383469999
0.3215785224835578,0.3360369986047878
0.30262927974868775,0.3537215438724183
0.30495706132447187,0.34400331555297686
0.2978187579729266,0.3663882698758167
0.35747201173742904,0.32707023762673815
0.34706601613109844,0.328845982161662
0.35271431344091525,0.3272577893536961
0.3264003837315964,0.33185210469774085
0.3027822771400781,0.3488869719340529
0.3360056628311268,0.32986158593010134
0.31174971120694867,0.3432779291036663
0.32771449930558666,0.33174981761292915
0.34571912542571165,0.3286678400123647
0.30031553602084554,0.3502500983674347
0.31235775360560125,0.34253621250739713
0.3476396128440164,0.3255357370004754
0.36424704283290926,0.32308238200210326
0.3280976027393881,0.3315863888048806
0.31497341472281404,0.332935099966344
0.33538466683061474,0.3315721529782463
0.370381187538457,0.3229395074988084
0.3470123768610271,0.3270030433602208
0.33580046270326674,0.3310283275308314
0.34840005724505385,0.32466605962479195
0.3795977022073436,0.3227960678283694
0.3146210325256105,0.34068100783650923
0.3446347761194181,0.3294197763254402
0.3143714550072425,0.3423421578030711
0.3464629822734,0.3284802485092997
0.3123495572279316,0.3348491117138418
0.34307642995387516,0.3201505645147334
0.30290150319541287,0.33672248719249587
0.3255715141500096,0.3225541458953497
0.3180969305292967,0.3294298106394145
0.3011859949135115,0.33905846974556786
0.32976022425134793,0.3221584564515545
0.34064767096646953,0.32048497941850546
0.31244838379225665,0.33067295486065673
0.32081645303503,0.32673745738928817
0.35227303055250997,0.3180832552050244
0.32022651396268226,0.3290524500853011
0.34914383857496606,0.3189496878288475
0.3562892949296257,0.3171546164569322
0.36650738614396905,0.31929494199529496
0.3068597269180031,0.3387302838584098
0.3433073007677594,0.3240244840480665
0.3053311791620332,0.3397024834474603
0.35821691170736386,0.3213891748030384
0.39028628376319374,0.31682274905112834
0.3302240981062234,0.3244089700161698
0.35103145565581617,0.32278179454232936
0.32856588640401213,0.3258199018635034
0.3577747820929461,0.3217247795517881
0.30768295945076596,0.329140767975744
0.35640158955670037,0.32255153328361597
0.30351262124991674,0.3480274374050635
0.3573932674127289,0.32242619847522064
0.3604484583921382,0.3194975863541393
0.3599501045214653,0.32134670967011064
0.34214204005503596,0.3242115527830572
0.3460018770178016,0.3232090482974869
0.3740477071340168,0.3186568974143464
0.3603428648891728,0.32083416283688826
0.3111289726361818,0.33216956069586456
0.3334103560365643,0.32534977451043734
0.36462878922020026,0.3187868832623319
0.33817229143738536,0.3239218207838585
0.2993972655174507,0.34860956466221044
0.3040155592513907,0.3379438290284567
0.3325566913721015,0.3258710393651511
0.31346385316892916,0.32748737074529866
0.2994747554339471,0.34077325824941856
0.35516199698179024,0.32001580416776476
0.34391704161894554,0.32377387568136345
0.35522136547117195,0.3194851146667533
0.34464617525069086,0.32157492201008026
0.34506252109047186,0.3206113328665955
0.3208300704034477,0.32610049402753427
0.30043707685190035,0.3404294856672633
0.3040898807254427,0.336067436286196
0.358982675613564,0.3187920595578694
0.3486087152922038,0.32041377808114446
0.30778352910674694,0.3333847674978143
0.34989088579987476,0.32423724438394197
0.3067779225799934,0.338947606871026
0.32169695239322493,0.3305959823135725
0.3533258340122003,0.32366396585359747
0.3596916547063321,0.32291719386026574
0.30868548400124507,0.33471724036801304
0.3753435684442014,0.32041150635486526
0.33235417743233137,0.3242901333718435
0.3758980035552398,0.3201261892312905
0.3290817483679426,0.3270096597168862
0.3157995504146596,0.3343333397266353
0.3043479785585318,0.33897702656390805
0.30204304551241934,0.3395984865663571
0.3001547686510715,0.35147410808631
0.32382505875313355,0.32957705644814206
0.3204387065482818,0.33351074848116863
0.31642048254186594,0.3376808433480342
0.34688936176452784,0.322783067196284
0.32935107959266163,0.3282195524222665
0.3119697398195186,0.34004074886454083
0.3399539408975978,0.32755760419374536
0.3588182942657412,0.3212156607678911
0.32030313442522834,0.3342644649850439
0.3609038346883653,0.3186514122609551
0.34199780101602933,0.32315733216860154
0.36157883364245913,0.3160220616294449
0.31512258322081477,0.33921805630837776
0.35757494634625087,0.32261069445153373
0.32536903166639786,0.3326262230692314
0.320268141164764,0.3357131011164372
0.3231767195256829,0.3324300525206796
0.3579644574581011,0.3206637861812762
0.3665231210045151,0.31713308263627804
0.3217794244600551,0.3366594659399422
0.36585143879116067,0.318278886233582
0.32666786237027745,0.33112793938419294
0.3076758199974719,0.3395204760818182
0.3356904431685503,0.32509779729398797
0.34181870865175273,0.3246996311820832
0.3162459274949701,0.3388764159728184
0.3308453172326788,0.3299769687992609
0.32277407697555655,0.3356002668947426
0.3539399723654781,0.32439023570664777
0.32178543549492894,0.32679487809198915
0.3079666697351692,0.3317810027013943
0.3045503711956342,0.3335242378265524
0.31978085123723343,0.32731375415005975
0.33073243635146865,0.32407669522043936
0.3081411186700753,0.33137828218811705
0.31346540574620524,0.32948502320864387
0.3038787809910097,0.3351636100037471
0.3023692534531338,0.33822876596045015
0.3383991123606984,0.32267608796117137
0.34844670678351547,0.3225253462388811
0.3373119805265125,0.3239247077835581
0.31405038364384424,0.3289487819367446
0.3071379406530582,0.332407336728921
0.28822465491183513,0.33923972080150644
0.3204674791504833,0.3314691621634772
0.3218964040033735,0.3281902083143494
0.3195582087106897,0.33361777206955523
0.3401765683963082,0.32239615891558693
0.34470565277051973,0.3209969471958535
0.3252155600254459,0.32685761868603413
0.3376218165285099,0.3231057385710621
0.33745171761509696,0.3251082687217169
0.3538008090462615,0.3195152670495243
0.3671657839426841,0.3132633160943495
0.3069256085083551,0.3380803612970871
0.3318400769736234,0.32545409260733343
0.35864847089606094,0.31845502369954676
0.3088582140911841,0.3354263303818433
0.3663920990141503,0.3181165995238883
0.32895693277511584,0.32681413901734413
0.3213825458403612,0.3298694077426811
0.31255507487965994,0.33439902867488763
0.3227907990971935,0.32712869059224503
0.34725859508612644,0.3209065489726818
0.35619462082365183,0.31907304213135856
0.3179518732547683,0.3364531459004245
0.35220776927270825,0.3279519968006211
0.31261948017443664,0.3433034355538641
0.3524636280128352,0.32743577649344524
0.3118156926809163,0.3447756486458881
0.3445423632652971,0.3286391209445399
0.29996934975496226,0.35198201647897026
0.360954014481786,0.3270809613335022
0.3775895291895047,0.3247073955679738
0.30968344647763824,0.34515900714140285
0.3412058268971298,0.33055766115461355
0.3060430523320152,0.34939020237714863
0.32824365004568473,0.3337272880539217
0.33414101810500685,0.3317392634307953
0.29591911129205545,0.3628230083237498
0.34375925252159484,0.3300506978935439
0.30510105205308813,0.3499901771278079
0.29938305564382184,0.3611217101018411
0.3252531238000101,0.3255177047968785
0.3008501448455189,0.33541096352718663
0.32570498053707925,0.3244925644282308
0.3004975575450211,0.3356530837508657
0.2822080697444331,0.3462249585379058
0.30407833092859443,0.3302318854722456
0.3015131676580849,0.3332655914812707
0.3030587304654345,0.3319526465875411
0.29503685988469835,0.3396137477350003
0.3019625790636278,0.3332364073475131
0.30971479499104543,0.32767151408356876
0.29669120409476907,0.3377836296634275
0.3096082008194425,0.32995872415863226
0.32103411517945,0.32697267932216395
0.29795439690362135,0.33727070942955406
0.2933877552491972,0.34466372307772064
0.3005753868518302,0.3356271882662845
0.2949927759855958,0.343592267305109
0.3165155463732358,0.3276520801964298
0.3308937921532939,0.32709102878344265
0.34498747218059644,0.3235895284744231
0.3149236475111494,0.33122752759874247
0.28848852085659993,0.3453153026758194
0.3543130043679663,0.3203441727623511
0.30341516887408165,0.34366020922930673
0.30406044577831043,0.33871703121673963
0.2968390369656284,0.34479000331150933
0.3351341201712451,0.32647120650358136
0.3544399204134261,0.3192551671175662
0.34509830066871633,0.32153490038832333
0.30657026612404564,0.33664349342985633
0.3283345210518715,0.32788236573935897
0.29819871680587007,0.34457125134789274
0.32752391546876386,0.3290116446014557
0.31211461633415144,0.3356707800548797
0.335264995759114,0.3243486612085551
0.3148359462701123,0.33489480136309197
0.3155450622591468,0.3297042196648132
0.30832317804685033,0.33763970724808806
0.30745239506726313,0.34290266494228
0.308282014381116,0.34236858163011
0.28558725456453626,0.3563640266979008
0.3664512830113832,0.3234730069011256
0.31553374251394434,0.33476494350777886
0.35186299828515194,0.3264605283241658
0.3449726054726088,0.33058549198522347
0.347754763576194,0.329638896874571
0.30313423284887075,0.34466079698683155
0.3204710451356763,0.33076555861304546
0.3505368706098991,0.3277527214457881
0.35447511892917666,0.3247667707086078
0.29937799551057387,0.3473560588775278
0.3219444693594614,0.3194381387156329
0.3201437063799467,0.32040070798106185
0.3004639965107778,0.33034110140354783
0.32882404094212736,0.3193107660994023
0.28700993208043124,0.3362637778088741
0.30348284151546845,0.3274840635359384
0.2814847807419102,0.3505144073961601
0.30558492376895946,0.3246497300517826
0.2813973995198183,0.3506617534739316
0.2930081187921444,0.3344736558489285
0.3114041296795072,0.32443479281097576
0.29833509573991,0.3305851064078127
0.3201327797331376,0.32113810175104207
0.3390072159435811,0.3185064035882446
0.2817105596605187,0.34312121128533946
0.29536601988515737,0.3340835052182258
0.3129973598744247,0.3221751405388226
0.2967083559906463,0.33135561889639337
0.2846501943056724,0.34115089057879827
0.29600837534940216,0.332085314361153
0.2933463665773849,0.3343095283841758
0.34152608343070684,0.31694711341759146
0.35919385147801214,0.329004308812906
0.3080488169720828,0.33269637526342394
0.3045661959740455,0.33362315545976756
0.2873960053005141,0.35524025418999255
0.3170418845022926,0.3309320946102417
0.2911963329717255,0.3398916057350851
0.28774923101150973,0.34114658924361324
0.3295504432428651,0.33055248031497747
0.3062429377844985,0.3334445704052193
0.33982574743780375,0.32936912732772355
0.3081899274088259,0.3326857656187045
0.2900670072360497,0.3399435320658739
0.30248844436924965,0.3346428265679237
0.301221427413666,0.33511418737335485
0.3390093451011061,0.32968787091890334
0.28768472421562336,0.3496503636690445
0.31533448944310266,0.3292156098546575
0.3413865214642353,0.32630739628457456
0.3410148777892186,0.32720706583998366
0.3061503719583152,0.33968168161666606
0.3135822756265346,0.3305232476371285
0.30182975534227474,0.34223265847100826
0.2906273564494841,0.36613700324748966
0.3003895169070149,0.3520625567637927
0.35172797064257066,0.32150574110107705
0.34313932375333384,0.32301863407427833
0.3587929128711795,0.31975031081491295
0.30087896518372026,0.3504294970742336
0.3256082267675642,0.3273068816609964
0.30863043223346354,0.3310618036167059
0.32181673850415876,0.3281777182892749
0.36975511053876337,0.31905015059302655
0.2987576703933082,0.3554480334593756
0.3591194318937115,0.32209284833503493
0.35156087293641375,0.3231932606232515
0.31075885460179736,0.3322574489338219
0.29221124421867006,0.3480953937697243
0.3393924171327046,0.32420409807341494
0.29838222502770884,0.34612916723198656
0.28910725900397943,0.35165960228450094
0.3267476503830236,0.32573228204548815
0.31765835631432104,0.32875783699724015
0.2993422307077857,0.3438903962624138
0.3169285800700321,0.33122898193376976
0.3078977321900728,0.3361630911401347
0.3362966165213774,0.3246124740311821
0.32179027179045494,0.3284960054665793
0.3052957914759289,0.3367211825753086
0.3041800170988175,0.3397806152381654
0.34919401449031073,0.3235623984886877
0.322563030929383,0.3279876702548636
0.30505213892361777,0.33684999252547787
0.314277802747366,0.3317566296323054
0.3297151085534694,0.33036582220089
0.291711713839369,0.34430875359471413
0.3071435985995374,0.33176458566229816
0.29628478991589574,0.3430746689002964
0.35607334833200227,0.3238923097314691
0.29930243263240586,0.3394212774028942
0.3056522625209456,0.33636452696210206
0.33363615500651383,0.3277824461656906
0.34509620159062115,0.32630908772636097
0.2972090977430856,0.34123656347160886
0.30318878435411245,0.3380860553831682
0.29004241930908475,0.34606527451649205
0.29050985553500336,0.34507685544931044
0.3839452927967114,0.3198342801554458
0.35591555351818444,0.3223042066867853
0.37649297361757705,0.3205519604243953
0.30655274411147887,0.33801336584486186
0.3615952448956458,0.3207646489871822
0.32592666008225224,0.33208116992048453
0.31439719906657065,0.33495532767451136
0.3275698740072688,0.3308855198802205
0.3195337858129322,0.33407238107467163
0.32773547859478475,0.3294579202916185
0.33010636891011425,0.32381984876929704
0.32253326337475946,0.3338153135600167
0.3243993607453396,0.33251386077770145
0.3181167120203991,0.3342798290007712
0.3115662889602381,0.3213786562221178
0.3211770129264839,0.31883446039535007
0.35043177766029293,0.3125257121796159
0.31145575672319525,0.32396941898371406
0.3559516508296,0.3125143058330163
0.3492445893493174,0.31259781037115936
0.2996240308985809,0.3348846698974517
0.3184842012447545,0.3211090399111982
0.33399304538044744,0.31509734253877186
0.32009266250022844,0.3206533075347835
0.34370268154830436,0.31323710848330694
0.306902983016855,0.3332301146262996
0.30870695137888077,0.32898420273771056
0.30716407074353735,0.32983440079598986
0.2979469752002397,0.3395350566811628
0.298395210723459,0.33927750807720736
0.30327126532211435,0.3308249405393739
0.3110024044302953,0.3258168107889335
0.3417155361325007,0.3191890987490558
0.31445105938588136,0.32531155665581885
0.3029239580356923,0.3334274377772774
0.3020692633439368,0.3380325744281769
0.3359732547947773,0.3197736520879785
0.29593924364057106,0.34359934169297063
0.331818618928524,0.32260290178230855
0.329298860138866,0.32343869885511084
0.3182989206919691,0.32415246773986073
0.33223869724623445,0.3214385015986873
0.3109411174376625,0.32969610522948656
0.31057668975444663,0.33257837758977554
0.30886106084483417,0.33413425857658263
0.30433607972312093,0.33860248722467695
0.3026094012690665,0.3546843035466223
0.3220831733732328,0.3229000306344513
0.3454465954721798,0.316741099889375
0.34724660512647737,0.3164526787145421
0.3345630848405393,0.3191980318724781
0.3333585125342759,0.3215593151470163
0.36851632482159385,0.3163193597473417
0.34276284985851424,0.3168103228616345
0.311459302861709,0.32716357491318443
