0.7749893090000001
0.7376502410000001
0.450344677
0.454768339
0.446104357
0.445060186
0.46024470500000003
0.459177667
0.45278882600000003
0.453101487
0.45562168200000003
0.44959706600000005
0.44998798
0.48401699800000003
0.44560150200000004
0.44103703600000005
0.445572212
0.453962429
0.44729503000000004
0.44535957400000004
0.453170499
0.439966621
0.44268874
0.445605662
0.44361476000000005
0.45866098200000005
0.449803916
0.458230354
0.490632353
0.442073653
0.732686241
0.73721961
0.47180368400000006
0.47368787500000004
0.44977338
0.448208003
0.448916262
0.44651848400000005
0.439383929
0.43972971200000005
0.439848938
0.44162009100000005
0.44172984400000004
0.43687773300000005
0.468639277
0.46148745300000005
0.44036790400000003
0.44339685100000004
0.436345757
0.44295877
0.439264892
0.442110363
0.448850417
0.45159271
0.44198407
0.433703808
0.453010085
0.446027547
0.440817738
0.438925897
14.812573369
1.020537268
1.169322087
1.2781653750000002
1.3565065090000001
1.110364286
1.1443760950000001
1.1495038290000001
1.320556478
1.2181517510000002
1.138901395
1.1240697990000001
1.2648808180000002
1.2139270020000001
1.2294909040000002
1.3707896030000002
1.226387764
1.221266984
1.123785494
1.293131778
1.241213211
1.099028637
1.3347907330000002
1.220803123
1.320367735
1.175158191
1.1834742900000002
1.239734361
1.1190868980000002
1.160892674
1.205492393
1.0943711740000002
1.053808593
1.0378495410000002
1.065001652
1.077068289
1.1457109840000002
1.193534597
1.023562113
1.1488658740000002
1.0941759930000001
1.099080517
1.0453369270000001
1.118661131
1.122199714
1.04870569
1.266509931
1.1428542320000001
1.0849749770000001
1.0968586820000001
1.122692929
1.0105191900000001
1.056503798
1.055120483
1.088880836
1.054944141
1.041068844
1.0661586280000002
1.100395382
1.140028881
1.074771873
1.282775016
1.0818664900000001
1.097628363
1.100761169
1.079657106
1.105559355
1.062619666
0.999715949
1.7629759100000002
1.6260326280000001
1.623220021
1.6186330850000001
1.6230069370000002
1.611775009
1.613619578
1.6191864040000001
1.624532923
1.6157509760000002
1.7898927930000001
1.7859166990000002
1.6005122760000001
1.6108499600000001
1.5969415
1.5956350940000001
1.578681951
3.3692841330000003
3.207822386
3.1745886480000003
3.2100713470000004
3.1840709940000003
3.198724522
2.3547971370000003
2.0941961040000003
2.020411137
2.049254527
2.271187149
2.035702815
2.0093502290000003
2.100153808
2.020271253
1.9861396040000001
2.0564265930000003
2.346190743
1.984640978
3.447199362
3.231235369
3.2089179100000003
1.091296593
1.024310389
0.9199542340000001
1.0411156560000001
1.0030786470000002
0.893130822
0.9886309520000001
0.8792879680000001
0.9752073010000001
0.8647636030000001
0.934828077
0.894844327
0.9599714890000001
0.967270897
0.974958823
0.9434753990000001
1.521990071
1.412753769
1.3873881650000002
1.408025698
1.3960708860000002
1.3882536170000002
1.384449045
1.3836299120000002
1.3954101780000001
1.390865427
1.380116515
1.396937794
1.3890723500000002
1.375390082
1.372383648
1.376966216
1.41503449
1.381672492
1.404016672
1.4190289260000002
1.381565983
1.3774183050000002
1.394239008
1.4654746250000001
3.0781794810000003
2.692734778
2.7298414070000003
2.653671575
2.683935351
2.636701848
2.69985139
2.9954070980000003
2.6640315830000003
2.731313263
2.669529546
2.623357255
2.6586849690000003
2.8593364240000003
2.6941686380000003
2.6262973560000002
2.652719448
2.668313301
2.9046053200000004
2.736400134
2.656475674
3.152626564
2.9458846260000002
2.887436896
2.955326496
2.9930228000000003
2.9286481180000004
2.9380449210000004
2.9388470690000004
3.120254353
2.9682333020000002
2.96972884
2.947307565
3.179950214
2.858674884
2.817504241
2.867138526
3.1709477020000003
2.853269839
2.879688218
2.8605196860000004
4.404836113
4.281824777000001
4.240137890000001
4.237727245
4.229133814
4.382113865
4.193687604
4.390218968
4.238818297
4.031063832
4.521495106000001
4.284257234
4.175006859000001
4.236605207
4.233330757
4.363840719000001
4.076583681000001
4.438366275
4.380319905
4.15462166
2.274542996
2.223505121
2.329409109
2.265143943
2.222166704
3.286787737
3.219721745
3.241875534
2.562003781
2.5232385340000003
2.557093887
2.440316956
2.440003802
2.428575539
2.504270553
2.513775362
2.542117695
2.5781668950000003
2.5411896520000004
2.477892303
2.4011642
2.397458614
2.480917375
2.4922415580000004
2.4388465100000003
2.6141513240000003
2.534550233
2.4116589410000002
2.3880454490000003
2.515138416
2.481748573
2.509611879
2.566865271
2.458037027
2.94439573
2.873879182
2.870981344
2.834224625
2.85914321
2.939554375
2.865296804
2.8928160870000004
2.905210117
2.137025092
2.064641276
1.992373962
2.039226846
2.078937699
2.0285645260000003
2.03151715
2.21895874
2.144252862
2.1137110740000002
2.0549703470000003
2.003014466
2.086930771
1.5895979720000002
1.457368873
1.4303579560000002
3.1593149990000002
3.0384590790000003
3.3292514430000004
3.040538155
3.234288496
3.23806255
3.114310428
3.2394831600000003
3.159685928
3.176201207
3.1431669990000004
3.1385225830000003
3.1929160380000003
3.2172292650000003
3.2732520710000004
3.020252214
3.179117042
3.1963003050000003
3.2158648540000003
2.9117757670000004
3.190946545
3.2315538530000003
3.237851103
3.1537773120000003
3.1673134320000003
3.200348168
2.953028781
3.1855421390000003
3.214500557
3.25979358
3.194999124
3.117815536
3.068887057
2.193034474
2.016987854
2.1719059840000003
1.3077757520000002
1.040804279
1.089616123
1.048402371
1.121031139
1.3002629650000002
1.156899146
1.072677018
1.0505891920000001
1.0708752860000001
1.078741254
1.107343216
1.3904161780000002
1.141601007
1.10205244
1.080419204
1.115513825
2.1797134910000002
2.0738836480000002
2.011365823
2.586401017
2.5482324060000003
1.785905266
1.6611190960000002
3.5365272790000004
3.4122356380000003
3.4654460100000004
3.45557245
3.4430614320000004
3.4832330060000003
3.321976599
3.277233652
5.006145561
5.0707198170000005
2.5983233990000003
2.464617381
2.481568654
2.4834567670000003
2.5148364510000003
2.4888021030000003
2.450496127
2.428507376
2.4107429160000002
2.416236323
2.379306285
2.411511919
2.463515482
2.443120048
2.440855618
2.4528455730000003
2.424986547
3.058425197
3.023007471
3.0027861600000003
2.984482879
2.998368167
2.999592077
3.002370548
3.018837479
3.101781684
3.047890405
3.079601938
2.200571102
2.01161431
1.9989887480000001
1.9915790770000001
2.002543633
1.9969310710000001
2.0966895940000003
2.158209707
2.009439638
2.012258028
2.105827875
2.0065565690000002
2.02496561
2.054262021
2.0632357750000003
4.523642438
3.9863011090000002
3.9790334780000003
4.126534791
3.9381291600000004
3.9514145330000003
3.9638234160000003
3.9553907550000003
4.0013969110000005
3.9704791950000002
3.977630199
3.9680888500000004
3.945993349
3.9748870220000003
3.971698491
3.933390724
3.965921239
3.9428275380000004
3.9804920630000002
3.931571984
3.9728874270000003
3.985065323
2.1372701590000003
2.0100574
2.0090645620000003
2.0241777130000003
2.007578548
2.022277326
2.035587659
2.0636165440000003
2.030234752
1.999726442
2.016782108
1.9939080770000002
1.992364677
2.0285333160000003
2.0405827100000002
2.267144901
2.171466755
2.088213751
2.07978826
2.11466779
2.101154824
2.071418874
2.121522059
2.100915049
2.1113131860000003
2.096848753
2.08774922
2.109223623
2.090429163
2.088770625
2.110158705
2.107810271
2.086853822
2.099142885
2.1081180610000003
2.1140431410000002
2.100428511
2.095042561
2.082016444
2.094724273
2.092146372
2.097209566
2.09331424
2.095745844
2.163034352
2.283658145
2.187302524
2.279284122
2.13334026
2.099762849
2.0805932460000003
2.258701101
2.070435777
2.025550853
2.0308167800000003
2.278085416
2.095588947
2.0936653460000003
2.162083472
2.276978993
2.08768819
2.12000206
2.104506106
2.097977244
2.094773408
2.099746971
2.1149607980000003
2.0805813360000003
2.115761375
2.1035373390000003
2.098453409
2.260707935
2.0879895210000003
2.290414845
2.0956539370000002
2.118859204
2.4412098230000003
2.2368423710000003
2.387284906
2.159180069
2.172997859
2.291927417
2.0975650420000003
2.1102492930000003
2.279549321
2.109019939
2.3054569710000004
2.123789784
2.283697551
2.082250821
2.11861394
2.2950381220000002
2.106533438
2.1007082990000003
2.201560966
2.0227791610000003
2.047096112
2.053446161
2.282457988
2.095612611
2.112513323
2.258090618
2.299879009
2.225080134
2.281578026
2.192500152
2.290440369
2.2419120710000002
2.197099382
2.2155558340000003
2.189354266
19.946227922000002
0.672790938
0.643733891
0.47214922200000004
0.47465063900000004
0.45796319100000005
0.668167448
0.639994187
0.448303926
0.46399191500000003
0.460146716
0.898226356
0.705701389
0.6730747420000001
0.711917078
0.6794233670000001
0.7171461960000001
0.691622331
0.736848351
0.719480085
0.701723932
0.697153841
0.8828886650000001
0.716751086
0.6355738900000001
0.648838578
0.8891614710000001
0.667800966
0.6396079370000001
0.626997138
0.632655376
0.629424058
0.6393414420000001
0.628716636
0.616579875
0.650874674
0.655962005
0.643365358
0.6451328860000001
0.6236003830000001
0.659411445
0.636751556
0.6251671670000001
0.6252398720000001
0.6329697360000001
0.645176549
0.6323330380000001
0.6547345450000001
0.65219938
0.617772097
0.62965629
0.8615161530000001
0.6638044790000001
0.6508433050000001
0.642347046
0.645922271
0.6369401800000001
0.645490973
0.651964282
0.6288556240000001
0.6362051350000001
0.876725696
0.7199334700000001
0.6348559300000001
0.843344041
0.7454487430000001
0.6536944880000001
0.647833026
0.622962491
0.625709131
0.639161643
0.630765554
0.6381805380000001
0.6397476200000001
0.635232562
0.6313937740000001
0.642835857
0.65501469
0.8559870270000001
0.761457139
0.867167899
0.6798096880000001
0.643752725
0.6259069110000001
0.616594386
0.6419948590000001
0.636777785
0.6419174240000001
0.864316317
0.67702299
0.621636092
0.8680971590000001
0.8584673920000001
0.7118144080000001
0.635381305
0.914146933
0.661902741
0.6399912080000001
0.6278696380000001
0.638449255
0.633315331
0.6250284740000001
0.640812836
0.872030214
0.652195721
0.642492199
0.635727503
0.636189762
0.6649222760000001
0.6390052030000001
0.847038248
0.6805103920000001
0.8510221880000001
0.6843907880000001
0.657970634
0.847921546
0.7016081430000001
0.64074261
0.6361430610000001
0.644389796
