0.4433837731016717,0.15497672957407213
0.45393984924642466,0.15319042233831906
0.444404051630295,0.1546346522856016
0.44498336055237186,0.1544542662965318
0.4456785627592254,0.15431913927714846
0.448611225022347,0.15357448615649047
0.4435920243205817,0.15483390863774113
0.43941593719005895,0.15503214182753294
0.4555506824176652,0.15293211539478144
0.44574308351880815,0.154254969468225
0.4610653190232259,0.15287184671462556
0.45248050409960944,0.15328171230009388
0.44034325184892115,0.15501884580793004
0.44391613706000643,0.15473787601528924
0.4392965692020084,0.15556915456455933
0.44582070207058716,0.15414949805232459
0.44781184370584565,0.15400352063199982
0.45182574090715555,0.1534202065475225
0.44473920139846596,0.15455421586925094
0.4550047649011178,0.153409114681756
0.44599761834045887,0.1548950512290061
0.4493865553589504,0.1542727585245411
0.4524789779974623,0.1537032667609926
0.4453251356197424,0.15641095741807437
0.45439163670041655,0.15342182490474107
0.4575922434717113,0.1530023476541693
0.4558043747661796,0.15318112312808987
0.4523755524954028,0.1540411613035758
0.44341048236776154,0.15663101661217002
0.4495741275642347,0.15405108821387434
0.44885102556955897,0.15444241084514923
0.44911406402740656,0.15430577870557763
0.45798700858684493,0.15253333981133774
0.447738375914795,0.15463932873739322
0.4457957685179811,0.15569210572750988
0.4487620174653856,0.15462092120758092
0.4503155311236979,0.15392986860637675
0.4612862314752593,0.15311240545254498
0.4479599568837708,0.154231021364416
0.44518042943574865,0.15584786844132933
0.45528498286230257,0.15357679758365944
0.45517568476481357,0.15357846594910207
0.4511534983432749,0.15386702850893574
0.45179919433438287,0.1538550389935142
0.44554848485890475,0.15512504209307737
0.445503191912483,0.1551858762878168
0.44370004945585745,0.15605398131878506
0.4539560758520834,0.15381562858113199
0.45566070738794345,0.15313136955343573
0.4443663893748409,0.155978855467913
0.44640873608973514,0.15472890788668056
0.44571126485377516,0.15515029919727233
0.45966172473922823,0.15382812364362616
0.45429748896607874,0.15406734496693072
0.4473326117197626,0.1544284720453549
0.46240285034877837,0.1535040533007937
0.45708803961858163,0.15397986921043294
0.4549091622617264,0.15403216316340193
0.45751354047832654,0.15392439795133653
0.44611562917377623,0.15504197020431051
0.4516321792475087,0.15437267815015526
0.451963079755492,0.15407688561031163
0.4421670369058611,0.15584592341996012
0.44991514297235646,0.15441658536120773
0.43930438844973596,0.1560239491071184
0.4618866583812076,0.15370128430877233
0.4468887175702262,0.15472450856357223
0.4462992519591938,0.15490726517120648
0.44237360055489255,0.1552572718465238
0.46037098434058976,0.15373469852993712
0.4380821363779481,0.15675911934626027
0.45179663642060564,0.1542784912055247
0.445880789028673,0.1550807218086529
0.4448715944920363,0.15520731527352202
0.4420773132910035,0.15591855660722204
0.44864862513065584,0.15500258645546966
0.45778342675663036,0.15351724247046747
0.44267174972181045,0.15505725366396056
0.46441873659782534,0.15318792317450616
0.4617513024613837,0.15334832813780885
0.4488119866049327,0.15451568685564865
0.45022513579617124,0.15420097928829304
0.45365710723467034,0.15381053051881333
0.46613583776642503,0.15300237433791108
0.4520464488287309,0.15393715304611794
0.45711300997582877,0.1535741439071043
0.4562060380030223,0.15367426669577702
0.4596725109918251,0.1534127876934214
0.4625555169084441,0.1533334750758694
0.44737197544290136,0.15537836400212904
0.4426364038030442,0.15700157703893564
0.44448538192305115,0.15641129408498539
0.4546155005339816,0.15418190519770894
0.44969299516869843,0.15473192062162702
0.4572919437216098,0.15406176061188212
0.4595619721461263,0.1539559125383798
0.4539680536316469,0.15427010195631227
0.4684512507969642,0.1535196194616208
0.44476335268403355,0.15591346393940353
0.46079230838233515,0.15361322450502235
0.4636204751177848,0.1535670084019141
0.4685552332742524,0.1534307355598589
0.4686520765219917,0.15342237412245172
0.44320347866001275,0.15648659301555568
0.46024243218631833,0.15392603354543727
0.4519198791507038,0.1545423627750514
0.4494063512473702,0.15524319074221082
0.45469317623331285,0.15292791178327925
0.4422121539350479,0.15506350821060644
0.44570720041842243,0.15444228408535476
0.44236120813022123,0.15500752742683083
0.44538290679047904,0.1545577148237618
0.44344479308248846,0.1548835739906783
0.45435427870593703,0.1533782551173642
0.44746532882381673,0.1541772430344872
0.46576422523649424,0.15266901687307272
0.4504974167793823,0.1534933771731311
0.4437617808341161,0.15464422591319205
0.4454537097883165,0.1545096427306385
0.44858784099999116,0.15400242166949835
0.44975218400344996,0.15370373824031386
0.44140419715141915,0.15518788352900645
0.4412209951609981,0.1555872806582774
0.4466827237914151,0.15423273901745774
0.4690025116965621,0.15275039296532808
0.45897353737835817,0.15349538953596298
0.45257040165593165,0.1540106510909732
0.466558331772795,0.1529883961357578
0.4618019352041636,0.1533533368806313
0.45514056035955425,0.1536950283816279
0.47026625143311085,0.1526501627517221
0.45084913582370667,0.1544155161312859
0.46060674484845054,0.15340150548881848
0.4649062187430295,0.15317202399872623
0.4665424061984042,0.1531141471993273
0.44798595964099436,0.15464419428460247
0.44639052133359874,0.15464490584244
0.44982753646762136,0.15444847583345256
0.4582779767908295,0.15354352158636225
0.4622974368980694,0.15325336217399
0.44325696608434,0.15505370219977135
0.44725679686561326,0.15433224032057952
0.4478131849617515,0.1542904898747144
0.4565561931500705,0.15361210002855924
0.4443269010956161,0.15434821277100585
0.4481639021040842,0.15391341054615532
0.45466638618517635,0.15384887891104407
0.44044315678706103,0.1550586739943124
0.4478583407784552,0.1540396957477377
0.447477423356172,0.1543141770182224
0.4620979790673511,0.1535116175931042
0.4437922922586169,0.15501490326475642
0.466890853006954,0.1534658429398597
0.45278408553102206,0.15384908713289452
0.45505564198694654,0.1537396033892604
0.4471184687987549,0.15407684571821811
0.460093555125421,0.15340444352666663
0.4586672027906773,0.1535214070233245
0.4650283089211707,0.15318638196600898
0.4628722297998912,0.15321483589023427
0.45257512022189983,0.15384332616631757
0.4578470090161366,0.15360023011730062
0.44527481446426087,0.1548684493714636
0.4585296906708707,0.1535602365229398
0.46715182523742077,0.15316319536675185
0.44695403969139014,0.15463325584487556
0.44442583749370035,0.15506761485970322
0.44687928090576723,0.15483532481939952
0.4542461051093884,0.1536305383303821
0.44903157359571017,0.15480127530329915
0.45118407231134844,0.15427961421079361
0.4455391826405839,0.1556722722346653
0.4556516386517297,0.15347609235527573
0.44951623688921244,0.15451236247041059
0.45167481454503283,0.15415720285392953
0.4538078969301155,0.1539952055609931
0.4539886840238222,0.15397995164898884
0.4459560018879994,0.15541160787746428
0.449552732109869,0.1544693859037165
0.45537255627329015,0.15370813325178373
0.46230957073507345,0.15326384245958527
0.46343515393635853,0.1528199843994773
0.4619730356523388,0.15331426123405723
0.4486345229105887,0.15498092019369003
0.44649513251216055,0.1552043820582939
0.4567890889453784,0.15332104452960657
0.46201536754287287,0.1525819010635475
0.44433902152659144,0.15474153746146255
0.45274524046073283,0.15328027778377773
0.4470168833918775,0.15374798790079697
0.44271052331519,0.15610815050609417
0.4436062730816874,0.15605129217481814
0.4654040602211401,0.15246356236872444
0.44423115893165727,0.15474803455095806
0.45795003538690804,0.15291414244411689
0.4511507829960467,0.15373628668417708
0.45173364036460545,0.1535334426837853
0.4441085194276249,0.15481370941446285
0.45557946808157956,0.1531551857959915
0.4468977103912088,0.15442475348011275
0.44632961015797984,0.1547187878292768
0.4522933471477463,0.15347928761851964
0.456707517898062,0.15313207206969426
0.4579423383012469,0.15310730126168076
0.44364751510029576,0.15546185420923428
0.4613583709792845,0.15290186494725344
0.4468161692011477,0.1546131931370931
0.45371362141357,0.15396874928087295
0.4478391836737472,0.15569298836932585
0.45763769474296984,0.1535497164698255
0.4485625099112952,0.1548110853940137
0.45291991138981696,0.1543468616627673
0.4598627417086893,0.1534311389304083
0.4621843055684604,0.1533915525542756
0.465176528378849,0.15305327256080184
0.4568939155836126,0.15361249993217646
0.4629830469856177,0.15322595833547273
0.4506252759095751,0.15464528628596874
0.4483331797550094,0.15520642648201408
0.44721752090966244,0.15600678399478332
0.45544866385892696,0.153931978705321
0.4517761861339249,0.15447705401311015
0.46699573283509893,0.1528883441849136
0.4471825004098827,0.1549484691307416
0.45860753306699786,0.15334505895996864
0.4571088208443392,0.1534117643837996
0.4616032345030051,0.1528945514740861
0.4546254529423312,0.15368095015319963
0.4444613958438903,0.1553899153363774
0.4516549205491037,0.15402405633388286
0.4455870292373191,0.15524520421460944
0.4717457814134541,0.15273309917657485
0.4657921352133697,0.15283630935475162
0.4424228362702136,0.1565514263097245
0.4505399923883587,0.1543132380026355
0.44323055521390564,0.15604159295567738
0.47112140204207786,0.15279715327531143
0.44798048590160505,0.1549250256563175
0.4600193338909955,0.15329983487190094
0.4482873017432783,0.15439750126881727
0.46990455508293955,0.15279855818134472
0.4507608389918495,0.15420064163046548
0.4723676061538641,0.15262045462364973
0.44328351852696307,0.15503677317708753
0.4578163512251041,0.1536332452357823
0.443181699092234,0.15544426630206643
0.4469891507380445,0.15463479432206553
0.45656286770127774,0.15373680588677696
0.462883043994026,0.15353480427144997
0.4543488912976365,0.15395952970654211
0.46324683277595785,0.15353094714746562
0.43830009875230674,0.1564240120280844
0.4483250605163616,0.15411885295431835
0.44060251341907297,0.15568807227993045
0.45379598451241293,0.15407354232302173
0.46175327892509693,0.15360586374110302
0.4466565758272209,0.15488926960885638
0.4446852011365617,0.15521927785117812
0.4588366619834029,0.15305423385296155
0.4489770182544079,0.15433395076147144
0.45389820334519265,0.15363754786041556
0.4543023988109847,0.15356998320886842
0.4440230183588332,0.1554960730824602
0.45098839761055876,0.1539788334154675
0.4529450253819451,0.1536974579244912
0.44661622536386014,0.15463076635172193
0.44415470926861567,0.15529358888489264
0.45367000509828403,0.1536686096734265
0.4502978420390782,0.15423643362000872
0.4420859431258024,0.15608019650851346
0.44854520986314,0.15460902205460408
0.44315124059985594,0.15569237382541615
0.44546868732570244,0.1547709646163946
0.4511000224501076,0.15396480887057448
0.4590207570739129,0.15299111808374155
0.4449583939272711,0.15521424786087626
0.4555496835375156,0.15328225982407942
0.46093133756196386,0.1528519107806551
0.4432912017423157,0.1555848511260504
0.4523651742883114,0.15390255661286123
0.46807200652363024,0.15261749411711434
0.44619343004584505,0.15588209940699246
0.46060815520186676,0.1526338925923734
0.44859787636156595,0.1544065667625002
0.4563556419804193,0.15329825750302095
0.4684639440156553,0.15259340198245033
0.4493761404542866,0.15422043972179525
0.4528618208472192,0.15345955274520384
0.4666929889878295,0.15261920434936124
0.46014206604799546,0.15279250158430963
0.4519488102610054,0.1535382201946881
0.45152003716673833,0.15364019723928896
0.4497753750184504,0.15399661074061294
0.4579302437712074,0.15302978772582626
0.448100289302402,0.1548015656546714
0.4493226329252401,0.1543215355059481
0.45173409121948344,0.1535480668066936
0.4481917835866656,0.15464881701837746
0.44948212394151416,0.1540978304262362
0.4476015364646779,0.15546905657262683
0.4630258842854811,0.15302078981195166
0.4447704284667302,0.15629214569873565
0.4497362148353526,0.1540692150421543
0.4523041237467784,0.15397731852077434
0.45964032996748844,0.15325795682534749
0.445589545548567,0.15569365867866997
0.4471005431979214,0.15477094669925365
0.46281001690517304,0.15313499213088236
0.46821342869977545,0.1528993957891547
0.45566649464340664,0.1532999408433256
0.4535192721958888,0.15377929073680396
0.4524949139742476,0.15392878916717062
0.4669817996176027,0.15291104554494958
0.4555119917698222,0.1535627666658301
0.4483774471741013,0.15464804933550613
0.4489128590566436,0.15428662060425777
0.464116618654727,0.15293654386483388
0.4616740799111162,0.15324520056171545
0.46846256504525696,0.15314757228549664
0.45793316288443026,0.15356204342822186
0.45490896408108444,0.1539268563137726
0.44941818960427443,0.15500811227272518
0.4551049864792937,0.1536873336018526
0.4713092741636758,0.15296631303909108
0.4634917546424139,0.15345403413068484
0.4459322469917247,0.15514383801192738
0.4659285921420291,0.15336217894667772
0.44264750642580497,0.1554446165902375
0.4453500728932204,0.15526332230864476
0.469103114934259,0.1529971163205997
0.4518837106643097,0.15411092806850799
0.46832130459480853,0.15324479356077708
0.4503916583976289,0.15429496611633184
0.46801980525072717,0.15328585933919267
0.44537978115593224,0.1552491988836843
0.44569299923171773,0.15488196472663407
0.45564747194676963,0.15287841800631283
0.4491546761750758,0.15361400028149727
0.4507437918280787,0.15347585938134334
0.4628555096977255,0.15257945168226564
0.44410605016337623,0.15593405072850125
0.4541657012520606,0.1534176082788167
0.45420871337442076,0.1533000119800076
0.446758738207594,0.15471483135684658
0.44784708976146753,0.1546905775002426
0.44498303385951077,0.15555837712019335
0.460474277483002,0.1528636954537478
0.4555895939774414,0.1532924233756184
0.44823803693525116,0.1542767006482931
0.4499257524826723,0.15389538051182175
0.4487853131253989,0.1541061292127158
0.4550682679106672,0.15364363413149368
0.4564491193865754,0.15320910371944968
0.4463591488057196,0.15465205421990358
0.4543046137888605,0.15388335442215273
0.45564885489433476,0.15359429224380705
0.44958796895203756,0.15405809916377183
0.4451514902316825,0.155098880432898
0.44846279684029233,0.15446565126653206
0.4459561639311132,0.15473412162382844
0.4521694593285604,0.1539928528773217
0.45302905025442286,0.15377376135035992
0.44627913230649285,0.15432938314829853
0.447995936173401,0.1539987188977225
0.4545781011215779,0.1534542790255321
0.45249877555817686,0.15387118560643262
0.4568567306009815,0.15331778804685295
0.4436628971933441,0.15600713734742502
0.4561024799818264,0.15334134222225365
0.4454206681336203,0.15507825885875398
0.4524976204597972,0.1539069347644822
0.4534026489352736,0.1535103684311142
0.44454499386432106,0.1551224717988853
0.444230278877647,0.15523733423973657
0.44386583718285816,0.1556479017929856
0.4439726251908438,0.1553598782348812
0.442891149756418,0.15615370602230152
0.4571767001982291,0.15328119826951822
0.44772288353247935,0.1549883752450077
0.44562099805812183,0.1551058122363017
0.4486107994154511,0.15440297776065495
0.4445845614641047,0.15695250814731534
0.4566869963618528,0.1533339306163878
0.4599942053249226,0.15302135956374488
0.4519375886330915,0.15404806912344013
0.4607002198144961,0.15297170927753667
0.4482597877662156,0.15456576568398392
0.45317638934694193,0.15386947794056471
0.4478475500343396,0.15479417950082625
0.4561348934624441,0.15355892613498306
0.45464777895687336,0.1536496196559971
0.4524963348695238,0.15399469939688062
0.4504488503992813,0.15409043118983437
0.4503061725732813,0.1543002348803581
0.45360664038442156,0.15372238040826733
0.44944289700882895,0.15440556792942672
0.46363961705868406,0.1526631847704037
0.4478703615523296,0.15462458369685306
0.45308417035974297,0.15399953360934043
0.44485263989341495,0.15587249606895456
0.44590516616156256,0.15496811252334883
0.4562478223992844,0.15349060269626258
0.45484208491748884,0.15369763299200576
0.46301461956163853,0.15291046665669636
0.4530068633608063,0.15406476295363145
0.45247198483757584,0.15415204470984473
0.46030261690559326,0.15303003925805012
0.4576776291400829,0.1531199369478306
0.4517767432065798,0.15428737989195412
0.4450071290037408,0.15522450872628132
0.4488235621979907,0.1544465829536531
0.45760313710972955,0.15347579587823895
0.45349655280730755,0.15381693937315605
0.4602773554324406,0.15369404979968596
0.4475057686042119,0.1558948711982782
0.4678410901760564,0.15312298360533336
0.4527261905113687,0.15440867232347455
0.45468768174092494,0.15425268655051488
0.4678434004492139,0.1529544360578015
0.4617990706674091,0.1535590576706208
0.4507314097544899,0.15443542879646951
0.44487831404494177,0.15638142586972817
0.4559694831292174,0.15411085039581665
0.44813324507922997,0.15520062212127744
0.46573869885838887,0.15324905052382815
0.4491356229713183,0.15498208178338807
0.4479044417960626,0.15570872177864747
0.4466222280974704,0.15590104811765745
0.45716331246660913,0.15385568578018372
0.46363841985509563,0.15347383126347044
0.4653385621055661,0.15328131278582743
0.46113963191366625,0.15303809394478368
0.44567546207518344,0.15456991787356159
0.4548814693295182,0.15349467936479466
0.4518407420426626,0.15394469364053912
0.44329943337928257,0.1553343589073536
0.45905365084572086,0.1530501770498952
0.450871383870061,0.15403983409679609
0.4533788879184659,0.15362500306237034
0.45015037624536647,0.15416180356875042
0.44730040042251124,0.15448498595931368
0.4499272372075203,0.15427606060461463
0.45164268699116233,0.1540295535543996
0.45204124048600114,0.1538054512439122
0.4490128797857283,0.1544296605704673
0.45203019570066816,0.15381661039379452
0.4581111903333922,0.1532785741717231
0.44870247226527066,0.15444932499436112
0.4653013307928266,0.1531731939599272
0.4690909773617575,0.1528992255258843
0.45866814099329134,0.1539054644940246
0.4664362419434045,0.15316838374589262
0.45701107083206044,0.15404587708914416
0.45269481300592357,0.1547122028968241
0.46236424768273027,0.15323598307128444
0.4538409069320658,0.15442361285651068
0.44649776334856384,0.15626302705805883
0.46822287734600115,0.15300201561666363
0.448459978461843,0.15561517105335476
0.4457125178741655,0.156978599510164
0.452244523308664,0.15472372805055723
0.4471361386538298,0.1559050453339712
0.46166528891925473,0.15350440974866494
0.47150208609445976,0.15276165844122475
0.45408358574383845,0.1541098606195337
0.4507584755068083,0.15481556349301187
0.45992168474832235,0.15352502980527433
0.4589626434379831,0.15368688454035712
0.44793647536380093,0.1558813425586627
0.4448749274176622,0.15733296213403275
0.44927929971179753,0.15555566496210674
0.4449691358648085,0.1555899650320982
0.46214279831331945,0.15326201346556934
0.453263817123706,0.15355741317146795
0.4480354798679877,0.15497155304854135
0.44849186922174245,0.15457941577971215
0.4465312410398296,0.15511848139091833
0.4464305731681234,0.15547103134954746
0.44345752390330895,0.15599207754610916
0.44885740144339836,0.15457177682516138
0.4430752863136248,0.15641517950115433
0.4524240339492429,0.15407545560658645
0.4605238650824491,0.153337228769281
0.4495228949854014,0.15432803933240063
0.4477466575660402,0.155032336462327
0.45067257355995827,0.1542937297243446
0.45664986430423177,0.15347041126597377
0.46010055817157186,0.1533499889364011
0.4441713417156292,0.15583418052542578
0.4430865947716063,0.15635175797899759
0.44817050519851365,0.15491145980971463
0.4450741889912849,0.1555799940563669
0.46468372496261057,0.15314618499218557
0.44892891205194235,0.15391736746708745
0.44249917576610265,0.1551157291208458
0.44654204886621546,0.15425572146212244
0.4541091956822922,0.15327933077284556
0.44133070955410825,0.15549425414287688
0.4603174207174359,0.1530319862479779
0.4537990984509847,0.15346703546751214
0.45489111920269326,0.15312511426213798
0.444355785034172,0.15465102615144763
0.4453244824779111,0.1545355342469187
0.4497253967359049,0.15370064560259933
0.44843120757950344,0.15396938531874582
0.44071284920714526,0.15618744386851355
0.4473057385177487,0.1541646471702324
0.44638137117316273,0.1542883018778841
0.44888956120938234,0.15394526859608407
0.45329672365887663,0.15367525778214416
0.44093808206095403,0.1560418107939517
0.4418372926428706,0.15521387405558013
0.4401537304475157,0.1563080313183001
0.44996495037231965,0.15432274565733806
0.4433803695873915,0.1548972553361549
0.45035873035167123,0.15420275227111094
0.4556309869581964,0.1535541028526223
0.4593770883713577,0.15310734735163892
0.451039474034149,0.15385806560288218
0.44961287486957435,0.15443581446905313
0.44748109549089254,0.154475701922444
0.446291014869891,0.1545791187124529
0.4428754204438101,0.1557273429654223
0.4566469376180753,0.1534327701814186
0.4454378672065587,0.154669217090097
0.45782920787826725,0.15336272609396892
0.45428688435511866,0.15363091024267844
0.46197054195385656,0.15306407096283772
