0.4545776637179596,0.15464387799755694
0.46080964872795743,0.1539463638201493
0.4568666870899014,0.15422173727230237
0.44415913751815045,0.15558010699954017
0.4548270721093216,0.15463211421459944
0.45496461252167775,0.15452526081229284
0.44581579029211804,0.1555478692019164
0.46521985437528485,0.15360336747868814
0.4516280200035188,0.15483003903730233
0.4535450459163229,0.15475784628380326
0.4552511702227575,0.1544719035892023
0.4433569704810818,0.1561005334525602
0.4618910043326542,0.15389312942846653
0.4522183586461419,0.15479243444164942
0.4618053650386077,0.15389326904264355
0.45488350858338,0.15457972105545895
0.45368164842467695,0.15474738949591837
0.4473711921587192,0.1553095880176401
0.45368725410443994,0.1546519452461811
0.45157527377445505,0.15510230008291315
0.44720394231957294,0.15550640842569205
0.4588575288435278,0.1541227499630355
0.45480308885207565,0.15463471266400955
0.4481845728169384,0.1552881602480973
0.4564915571827741,0.1543454535298869
0.4637063596364111,0.15385123647113044
0.4515809622720563,0.15508383187324684
0.45493340269982063,0.15389333767766702
0.45191082070794625,0.15458364697549745
0.44456647559437074,0.15619811882801254
0.4493924330211875,0.15474349243771898
0.45040020921625973,0.15468814455174065
0.4463575613384174,0.15500488044209104
0.46190104800415216,0.15311419386051872
0.44322765694892247,0.15634936604303157
0.4559413398169813,0.15345499520989478
0.4520422151864717,0.15442553262558134
0.4512127232291132,0.154639492258863
0.4623206060948645,0.15308042023125443
0.45470551377593316,0.15401434538010697
0.4527176205303535,0.1540765427665463
0.46030117783266467,0.15321333791912348
0.4704796354882197,0.15295924431982905
0.44846974880323437,0.15498971584422563
0.4457221417339146,0.1558402213424683
0.46133333927968373,0.15405770726151632
0.4562136865147959,0.15406014431613002
0.4491080985803111,0.1564440315120568
0.4636229041383209,0.15374288452941445
0.4629011887459157,0.1537515096077659
0.45061177565298927,0.15554323678290513
0.4497896527970125,0.15619891577758446
0.4625372453885779,0.1537867270127011
0.45159679339874864,0.15533477738364745
0.4493593715682117,0.15624450743711593
0.4645077559916069,0.15336276196839896
0.47307132062114376,0.15328569526885932
0.4520390573150462,0.15428148227921465
0.4643173592288398,0.15367629976075814
0.44775035668586793,0.15488598338287296
0.44677225611894766,0.15537503530418006
0.45863411500379925,0.15379582128417252
0.44233558738542567,0.15631888545935613
0.4427432707312275,0.1556848121722305
0.45407578903216644,0.15413459830105702
0.4450186840089203,0.1554803650421563
0.46264118784830127,0.15377523033338017
0.4518961579277471,0.15449435172144332
0.4568837989704546,0.15394462202887557
0.4557754540461446,0.15409746273054628
0.45032570853483966,0.15463683756858132
0.4515360433532753,0.15462833083004965
0.44175840118988396,0.15641137989919843
0.45330789419223233,0.1543389769322301
0.440345817041254,0.15662697727168168
0.4487458378248078,0.15486592630153423
0.4582907852287628,0.1538881501083014
0.4618740733387936,0.15377733467888455
0.4499182449331232,0.1538573596646194
0.4525121965566369,0.15344709803704412
0.4431547006056035,0.15489750705065156
0.44104882536530066,0.15565249635605902
0.45004207627077963,0.15360623139730759
0.44399350855444064,0.15447090415728595
0.44190274961234255,0.1553730626850137
0.45746131040820354,0.15331725311247807
0.4577744834258514,0.15308496846245662
0.4485916462151689,0.15404382031756506
0.4466604142396515,0.1540998226560336
0.4547411001801847,0.15343839402377157
0.44605159410777795,0.15433027134941213
0.4426051212827981,0.15527700657517476
0.4415660233983501,0.15539528050784232
0.45615987926390206,0.1534085308464582
0.4460106039764324,0.1543666460693373
0.4493407391687983,0.15388256208237938
0.4461582955614878,0.15423948102097018
0.45397715670581484,0.1542055076331154
0.44761862191041507,0.15490691968659692
0.46836616320567426,0.15336489009808266
0.45272752657697396,0.1545586250696786
0.45290007719768,0.15443055464177088
0.4695784754285497,0.15320187061690335
0.46017407802036137,0.15365297246047382
0.44554951763738704,0.15599412160991782
0.46230237032562727,0.15338982141101212
0.4603552745878957,0.15353079206186052
0.45087477913179996,0.154699478219468
0.4482361793907285,0.1547434749328135
0.453746396507344,0.15434312044477339
0.4545942726284098,0.15377390234210508
0.4455747672025434,0.15557778843744807
0.4540081095257346,0.1540364220202051
0.4559982124121353,0.1537670879751712
0.4519794301421409,0.15463723194663168
0.4578698046985896,0.15368905549953993
0.4501372389153008,0.1547374180284616
0.47114047294305095,0.15314025063990136
0.4535558699379997,0.1543850889960323
0.46864702787176266,0.15324871580001578
0.4507388027657703,0.1545768932703699
0.45203866335943615,0.15455410184611537
0.45470666369543816,0.1543298878509907
0.4495059871543463,0.15541548784542014
0.4471469342409166,0.1558195163761857
0.46771616127134913,0.15321507536194098
0.4628959160742952,0.15363370786035185
0.44817340676901046,0.15566491817510789
0.45969048732687684,0.15384044329078317
0.44579859039067044,0.1562996694615506
0.46594541185568417,0.15354821032096444
0.4506707144009074,0.15531122065658456
0.45764349184841197,0.1543090230426774
0.4456728133906158,0.1566243770916285
0.4674016105428316,0.15354065225523916
0.45607421974004525,0.15432105843423238
0.45083309746446226,0.1547057818661165
0.4463858401354274,0.1553983105695941
0.4506634872922207,0.1547787445495198
0.45485722949547797,0.15411480007223965
0.4578013572023522,0.15346170354398458
0.461085580753937,0.15333810118058686
0.4470595768210359,0.1550118628852121
0.45548090110530925,0.15394362655909263
0.4526777637383346,0.15428003240956636
0.4489901598117149,0.1548100618187167
0.46117938321276314,0.1530758269268723
0.45258182874437525,0.15440435021915816
0.4514577483233164,0.1544132576363934
0.4544484663475217,0.15420019598465448
0.45461975289464635,0.15415246242481082
0.45446028454429827,0.154183250371779
0.3111781221198458,0.2228305965310915
0.3193062171580892,0.2148949364976045
0.336126663569516,0.21316920014463972
0.3463976493159291,0.20997935265039044
0.37559652903093066,0.20674752557952603
0.37457506537605517,0.20681497881807528
0.3127457758210856,0.222291764336967
0.3328407914178508,0.21323501413466095
0.3564336777148554,0.20857468307575436
0.339418553354058,0.21285498391727883
0.36492598095391465,0.20776147553056953
0.31843771984736335,0.22205577994708928
0.3947795329885574,0.20654324455375705
0.3481678771057254,0.209193904894353
0.34602731878499987,0.21168094269195803
0.33968265502649886,0.21219889577332116
