0.4340269576063465,0.15642184424705613
0.4325605624030222,0.15643940956861715
0.43950623659045174,0.15590712669866988
0.43860867595732905,0.15596849525312148
0.446596661192401,0.15549471678784763
0.4416128557464304,0.15563444528026424
0.4359298022711804,0.15622712280855144
0.4168212369750233,0.16058021064570163
0.4322693249342978,0.15669317810717714
0.4352782662613797,0.15623323684854404
0.4177922965212212,0.16014011327809363
0.422143694067752,0.15776547001691893
0.41966676668790986,0.16001380344699015
0.42157256487582,0.15868139358578134
0.4237162694874311,0.15704194345542488
0.4197484985017457,0.15930562301521858
0.4128905352109909,0.16049271836821657
0.44036948848602914,0.1562016694701167
0.44469583651160166,0.15541785081761947
0.4210401362006971,0.15872405620633762
0.4306848350567548,0.1565927963154358
0.4177734896101344,0.15874378997825514
0.42161263282867834,0.15845817038485227
0.43933861157997633,0.156408474552275
0.4331081430556972,0.15654790406298913
0.4251045726938086,0.1573717118820847
0.4420356226101909,0.15602979759017366
0.4244614077505885,0.15805990027103192
0.4175344191907215,0.16029399087378118
0.4279360455248457,0.15859471658968977
0.4489653871346818,0.1561835727237452
0.4358584655010778,0.15738531260562919
0.4277580613430207,0.1586637218481572
0.4229879822612237,0.15957205094354435
0.4294336337720152,0.15842091238640543
0.42955215537306357,0.15786247922380553
0.43078231434567726,0.15774724496729042
0.4232209940565478,0.15885211981276495
0.4377797779546455,0.15665762675220438
0.44479842753181165,0.15627980884719103
0.4365673703099135,0.15708438867926372
0.4341344374101099,0.15763239319560324
0.4447360707769723,0.1563929995167025
0.443506066356483,0.15662857632024438
0.42695437141719655,0.15873070576981985
0.425750839405592,0.15832452112306664
0.43645543286974564,0.1564426478243268
0.4247955818653898,0.15854558438280503
0.42980251575009665,0.15683722327876326
0.436234904444279,0.1565559176635848
0.440095666026635,0.15577110137261402
0.4209618737897373,0.1589267923989411
0.4270921047025422,0.1569287234748873
0.4206673603730917,0.16015469723258433
0.4222791316272894,0.15880824337909868
0.43600568285181807,0.1568238763206322
0.43649560806717635,0.1562979406169814
0.4264154026181282,0.15778230913573618
0.4192604335400304,0.16094738397479638
0.42405541704025634,0.15856356902816524
0.4379271676639792,0.15737235338042316
0.42029173532174796,0.16000455959843762
0.4462116813928673,0.15686408921048559
0.4382994530152539,0.1573306705994592
0.423509187167868,0.15824075148247332
0.43158775824514867,0.1574847571342351
0.430627553797482,0.1577762723318156
0.4248533380882576,0.1580500988923463
0.41808667108256936,0.1608389228448378
0.4346293137406002,0.15741987783729228
0.4384623864300782,0.15696949133193258
0.4230102735742411,0.15984306024695857
0.42278023986096147,0.16000186484786552
0.4319253243030093,0.15789972717955064
0.4239951560277277,0.15999754949494127
0.44752490986613624,0.15564990206840204
0.4407126283876897,0.15637290638715098
0.42154024077344215,0.16009162470714006
0.43785633741247626,0.15668981241632124
0.45138381672114014,0.15553564545438336
0.4266380880038453,0.15964037907650658
0.44459048257088485,0.15611670251530405
0.43579370011109186,0.1568149937290235
0.4323291266034301,0.15750847581303523
0.4339707227394423,0.15709297741685294
0.4288971338998469,0.15866473157790448
0.4332423256132502,0.1573534280360773
0.440049372072711,0.15656252936327256
0.4522888760055518,0.15524627978996802
0.44511294878931856,0.15582084190086168
0.42950961973959056,0.15806783361778798
0.44461325942511115,0.15599342649842016
0.4276653171266503,0.15926117902145745
0.42508113426486394,0.1579984785126789
0.4187574250345965,0.15989849650216548
0.42108104089063764,0.15957803636198326
0.417696110946846,0.161393243509968
0.42164506353810066,0.1583938530097988
0.43801435839567987,0.15699536883466705
0.4285327691351897,0.1576238824767076
0.4415245764574642,0.15663257072837194
0.41944263396365494,0.15980078989093596
0.4308565067299466,0.15743203552851162
0.4381815901872613,0.1569798151247479
0.4304966525547164,0.1575524498931322
0.440057100100443,0.15677396029274257
0.4364418596987854,0.15705182073848944
0.4276736868237153,0.15786222970917752
0.4311933800402189,0.15706619682749717
0.42120180714164784,0.15944724105725502
0.4402296067161447,0.15670054234174677
0.43850351838428026,0.15693880675943458
0.425455534658322,0.15860343833843474
0.41717119705853195,0.1597514244240625
0.4290516037566168,0.15751295148276132
0.4292156580606451,0.15746844959059708
0.42596221283139285,0.15818488704306993
0.4231939547099433,0.15875841113924297
0.4293292639200133,0.15739427228346603
0.42650767974335024,0.15753445448592118
0.432350517760522,0.1571968368481556
0.43602921668152644,0.15632614896457558
0.4207328662594215,0.15933767329632903
0.4256208317567093,0.1585452900067241
0.4393203763545164,0.15625966623359067
0.42202571691866836,0.1591880889665059
0.4336872509722106,0.15676819211122758
0.44289979992190315,0.15618182452450075
0.4307579421661267,0.15728948942985094
0.4201635286944299,0.15924152232497574
0.4380044976126618,0.157242532249329
0.4316114502842229,0.15774362771340134
0.4194065624226379,0.16042625176973274
0.4397851873924832,0.15561466941558663
0.42774128742727846,0.1578392831908797
0.43499194859555385,0.1575449481993573
0.4249318797422132,0.15822421286512045
0.41893838510825965,0.16098272674618128
0.4372873399501293,0.1573119702415686
0.43222783067702075,0.15767993302976197
0.41934260353733277,0.1605582810229116
0.4369863049223965,0.15740017207025736
0.42405717939012805,0.15919928498430688
0.4225311320363731,0.15929844245100627
0.4444332801258506,0.15685998882641028
0.43550930274529054,0.15704782122514363
0.4180234784114612,0.15978624864502983
0.4331280020076354,0.15712506323070516
0.42646538609856627,0.15852651074928406
0.4300724921117345,0.15755431989760993
0.4468132769233827,0.156695916556848
0.4421392237912087,0.156961626423049
0.4269326120890929,0.15773083151954748
0.45005820449381817,0.1563857275045553
0.4246578495020744,0.15924940679410232
0.4450269099614211,0.15672645413652508
0.4400351996547317,0.15704099602599933
0.4443088650945505,0.1569188552528397
0.44091512957340284,0.15629863404484223
0.4305767182608243,0.15806773811918506
0.4398667869284649,0.15709589164421345
0.4324229209363188,0.15771560051023653
0.424573633139959,0.15900159268435177
0.42168303218277436,0.15904882660251693
0.4376329647470517,0.1572513490255314
0.43471792556044725,0.15768915207492126
0.4186086341924537,0.15937819918939247
0.4286435543576561,0.15814011043875909
0.41601691702405624,0.16093657152088897
0.4365258257561832,0.1576872708124791
0.42589828120528567,0.15864533999713618
0.43155958155266483,0.1577504822231838
0.4251623529416967,0.15885774606387687
0.4383248733260844,0.15764866474296577
0.4244876412622573,0.1588086647265153
0.4221211189690209,0.16014967238821434
0.43160598966743396,0.15786619071046215
0.456473285055873,0.15688845007376762
0.4279729608406968,0.158590421293491
0.439469018045374,0.15716329036421708
0.42257481204335684,0.1599707982852897
0.42038112985242854,0.16054811482950884
0.4229422051010567,0.15968616081474146
0.41767555523566724,0.1619637671882666
0.44227383522059266,0.15696996542209257
0.4307696383291985,0.15839741915782624
0.4202649381160108,0.16146088775439224
0.4203296260723958,0.16138997226263807
0.4360068601001094,0.15771833352283143
0.43279805660385023,0.1581644570329656
0.4398162819529026,0.15721801179102096
0.4190906306172176,0.16072065864885948
0.43555900602906006,0.15796028388715833
0.4445637460561331,0.15711294348628285
0.4180451999854408,0.16084178325637258
0.436788354935443,0.15792477880249794
0.44607036009877216,0.15689977395396362
0.4376479005760813,0.15789567456744144
0.42342406588329157,0.1584317221284591
0.42185521109974344,0.16059987873964107
0.43865184916152633,0.15764710445893826
0.4348595121175741,0.15811669933443223
0.42195978642336934,0.16034810241063058
0.41732147607637243,0.16108194241125864
0.4307283570299944,0.15840411465918117
0.4210613125837038,0.16060672834008835
0.44328728492953834,0.1571952922165456
0.4452922470374301,0.15707627004332475
0.4516436525471799,0.1567933719333677
0.43156457343637467,0.15762217359147324
0.4391482933824314,0.1567251159329495
0.44130600583285734,0.15661162482534496
0.4272528987951532,0.15846623359789794
0.4250186231199639,0.15922047753408186
0.4240577687969448,0.15933464725339802
0.42054148697477584,0.15974509255730487
0.4327797937562745,0.15753018759080617
0.4196681649268648,0.1603562442597154
0.43333910703547185,0.15737231283734177
0.43035316559362724,0.15817047299701983
0.43156364307160616,0.15783154410813893
0.4432732664908679,0.1565991424924009
0.42555047468583684,0.15901751384670837
0.44632597346269026,0.15649187268783735
0.4334956731405622,0.15720193992720982
0.42521476938688574,0.1590847184565795
0.4178035382365757,0.16168987113722583
0.4441844688888774,0.1565966591937537
0.4307649704252372,0.15783516808051234
0.4234455930867677,0.15961259231159702
0.43060788481117296,0.15815391308635746
0.44649226035205614,0.15616398450323415
0.45303452557907603,0.15599317774946586
0.4301246268598845,0.1583513085778694
0.4194156604569354,0.16059282513634007
0.43275624113749483,0.15762697295764552
0.4173849704434854,0.16045094057154435
0.43841224842107146,0.15751335066809674
0.4269794942863342,0.15900099895805553
0.439510914305171,0.1566214154581445
0.4319386964001796,0.15813395806322153
0.4245615361577162,0.1594945343019626
0.42801513949569053,0.15833944284886756
0.42247472053284524,0.15981619585858553
0.44029782980846566,0.1566119537065224
0.42229511352568866,0.15994061158226372
0.42762523906567257,0.15859294648752112
0.4260820381372878,0.15941243684417028
0.42110849906538284,0.16005630709170177
0.4269556060842813,0.15929638679452995
0.4367670646219836,0.15753658940477722
0.4189672394542594,0.15936347877614696
0.4321538920989534,0.1569710793848958
0.4346402945015963,0.15691636941838955
0.4222102036446937,0.15862227374655738
0.44386281701513824,0.15524567823467877
0.44173689678101935,0.15610823167083326
0.4269922765144426,0.15774391478459263
0.440620439570027,0.1564594601942985
0.4183972478846577,0.15957308015238922
0.4213537546803972,0.15900544513214485
0.4317253695645208,0.1575091195082839
0.4228856146733121,0.1581315103919167
0.4366476816601146,0.15669597534234408
0.43139137046907206,0.157509396155065
0.4264825582553865,0.15798565334977427
0.41798055747850327,0.1602064214248787
0.4437496876999227,0.1559791721739387
0.4205742485177837,0.15910857052388816
0.4193129879011702,0.15911819385790807
0.42562574985676743,0.15824373151256768
0.4238564404185804,0.15883993087790377
0.4308521944307441,0.15785448525692852
0.43027887870123394,0.1579413424937889
0.42541105459406603,0.15837478600667088
0.4311757464204388,0.15761980231684525
0.42240600672567197,0.15899775723325069
0.4301990034970069,0.1579945785455671
0.43515402900008326,0.15728140392317233
0.4394274843781617,0.15700362593180409
0.42598654019209264,0.15814814008850397
0.42435107683559137,0.15840214397261
0.4323744824623017,0.15742218876536118
0.4203852092935086,0.16063184145719656
0.42800476773664475,0.15811141728162467
0.42040432043545256,0.15903796501392403
0.4406235472522623,0.1568563349266123
0.4184309740318004,0.16111741322822606
0.4496044050067248,0.15642006205559936
0.4350213111688508,0.1569210052636698
0.4259400983241839,0.1587859254208259
0.4262599559402674,0.15826852791948925
0.43184840339200903,0.15714963493526338
0.441281481224203,0.15686336238954718
0.43429198862727697,0.15708485193408
0.44600781456476407,0.156531912191485
0.42948059763358065,0.15740337248442285
0.4478006057511515,0.15647749481599754
0.45164865490947054,0.15619146255508926
0.425234684578556,0.1588868752800072
0.4190706560246162,0.16083640283257827
0.4217324230861618,0.15967383226210705
0.4238519039409623,0.15952996045151593
0.4414718848694436,0.15680756281429176
0.4431292772440175,0.156552027348904
0.4202418624423047,0.16041530483333707
0.43712892062839337,0.1569084862478977
0.4513629914492202,0.15622315949522872
0.44249151225015404,0.1561420292226837
0.4174402523880594,0.1605198882912475
0.44175758227529244,0.1568563620005215
0.4493841147777893,0.155833616984294
0.42380745548141263,0.15926919107862358
0.41833747982438524,0.15960672244859972
0.43391673753796217,0.15766267770390624
0.4422188011244537,0.15677642976388745
0.43234933697560557,0.15779706538499483
0.42993279401147816,0.1580113679148733
0.43607107581873233,0.1570520272229447
0.4219781714033616,0.15941358233974925
0.4501884415437822,0.1557761920287023
0.42525218489214356,0.15812895623231626
0.4353240238320534,0.15759602404917014
0.4204627867774303,0.15947287585207529
0.44545746997057095,0.1559547379390527
0.421499823199588,0.16030108962327963
0.43634628823174715,0.15712148509012303
0.429327668836229,0.15729727240038316
0.42411904210383156,0.15973116924349576
0.424305590510588,0.15856946707175043
0.42836930762395575,0.15806448270926327
0.4522400032461042,0.15566542297390168
0.42542891485051143,0.15833037805994288
0.43787068371726,0.1564473417130169
0.4237078747017011,0.16012052247391206
0.4242417865236134,0.15936012535938235
0.44003063796704384,0.15679337469767135
0.42460600730941495,0.1591972149830298
0.4348847727471007,0.15752276293052636
0.44239138577236936,0.1566879545873772
0.4227055903977207,0.16008603005687852
0.42007790883640433,0.1611214002001566
0.4353847171398127,0.15705941974766238
0.43007886288769276,0.15866985032228303
0.42394672948789286,0.15939501494317454
0.4209882837648117,0.1604715335659123
0.4213746623285593,0.1604578668094597
0.4263598596613722,0.15869509600497514
0.4217038734642271,0.16034912561246203
0.4302228657637848,0.15784124879217099
0.43416740569996526,0.15779209168866806
0.43477516208112804,0.15772641243865806
0.423227390879162,0.15969386836017896
0.44351737808314307,0.15646638769270563
0.4235738732343769,0.15928411751523974
0.4283630423354294,0.1574856388377379
0.43597937830163885,0.1569854333724794
0.4251065304679749,0.15911460709617783
0.4240439734509582,0.15924856921047234
0.42529948245656235,0.15893243458680648
0.43087829838233405,0.1571312710530306
0.4366380739217783,0.15674567583755064
0.42444762645978085,0.15924407508306396
0.4216562279936859,0.15990620387388735
0.4279644417095756,0.1579061556603259
0.4256826168991816,0.15799661553068636
0.4196510383780609,0.16078176739121858
0.42286130636430436,0.15943521676638142
0.4264103358332197,0.15945510015560463
0.4340588910949252,0.15824330276446544
0.42654595860913336,0.15907331287204393
0.4376512358418896,0.15795332048157462
0.4301954892130023,0.15891755729631485
0.4399587352370175,0.15782194347780829
0.4359943869313648,0.15803429382769832
0.42262372225513156,0.16106801930955122
0.4253411285004608,0.15959665928073105
0.4245542318103123,0.15989989083685227
0.44106570858373767,0.1578140695669178
0.4333981291496205,0.15837866513238785
0.4476807295791454,0.15716464751606804
0.4463498247501785,0.1572154266820864
0.43355710523224844,0.15836981356661342
0.43170428908298325,0.15861973378033448
0.43609703106156783,0.1580224151497722
0.42320216053878484,0.16079930206977386
0.4454494170146506,0.15779258460399861
0.4386701247686449,0.15792048476956494
0.429613470839515,0.15903266387012596
0.4178614141917565,0.16011612054846047
0.42318086761700174,0.1593290238105254
0.43930975641116665,0.1578487826324987
0.4307486478348342,0.15850506548726465
0.4344299389697998,0.1581374557655014
0.43981346408517347,0.1576598350825416
0.44348574138613206,0.15740417126431816
0.4221268857554092,0.1596095529603343
0.4461183868920045,0.15734127017263885
0.4372197769962834,0.15800172415596334
0.4373526806699576,0.15793343979853483
0.4228165524562614,0.15953861339551928
0.4482613891757397,0.1571542765215513
0.42351277235060736,0.15918918745497856
0.4172888908883162,0.16019124123011427
0.4249307521758427,0.1589714998597317
0.4188874209441789,0.159627797894133
0.43207279775846114,0.15836109703973794
0.4335702231704593,0.1582636414892949
0.4293251294828382,0.1586411583245203
0.4153298854807975,0.16113365628763898
0.44258555981021197,0.15763144431360598
0.4174727807357962,0.15842056809568203
0.42546545807328834,0.1570209966465641
0.4285560375908349,0.15682818249153396
0.41240228700496784,0.1590459242009146
0.41646886862119087,0.15866233025372134
0.42999617178754895,0.15680538872145655
0.4384132714682286,0.15664283565009043
0.42450000958569545,0.15718863494446705
0.4114898432132194,0.1603602611098088
0.41110109968437747,0.1607195503692506
0.4252870744042283,0.157032399205736
0.41956610977323794,0.15804580773927843
0.42119232396928413,0.15756521976612253
0.4281708500015093,0.15689678350823896
0.4311991903306531,0.15678929899041252
0.43293117266326503,0.15668527910786378
0.4297891374315275,0.15680314382016522
0.41827786399050754,0.16077057557782737
0.4343854539232629,0.15619696383180254
0.4191128630989936,0.15990476660712993
0.42461769915553077,0.15795414854902706
0.4277679204875388,0.1568774808529793
0.4206056289923072,0.15832268843447878
0.4472065724899209,0.15562535507390154
0.4242536081975921,0.1582896502348276
0.42708961380186766,0.15737172059085586
0.4185960074684973,0.16024645098781606
0.43961256542934524,0.1561922959066486
0.4267459865543408,0.15767692810537481
0.4184061226640042,0.160320542043452
0.43279919934811084,0.15627732150805984
0.4442210362747788,0.15593476872395587
0.44204492160873887,0.15602776100955848
0.42427500544991686,0.1575214471853896
0.42810342895914416,0.15692303860712897
0.417233146615058,0.15917433738242476
0.4208954078794822,0.15775571325851392
0.43963862152338035,0.1563229594101572
0.42826274632440664,0.1567810131721265
0.41615309097807446,0.1599696005423576
0.41835877217963224,0.1579640390796772
0.41678792341376736,0.15993013359264485
0.4135237808127587,0.16080653751276552
0.42119507668703665,0.15771530185873367
0.42575483475586373,0.157075437694351
0.41757211277086703,0.1590968849530863
0.42897979077757903,0.15658089275254922
0.4135976531502076,0.16009948468552704
0.43722806453639584,0.15651228961244848
0.4193732908252437,0.15854931946261522
0.4389772913634309,0.15610540666556466
0.4378701434027135,0.1561204464667204
0.4211302847908785,0.15798355103750472
0.42409048896447643,0.157622250052985
0.4298169129812476,0.15622896442296735
0.4222970428011191,0.15780235489776465
0.4266681349234055,0.15736420100344803
0.44728993468065703,0.15569017421301526
0.4278038702060168,0.15677950087626374
0.4466470979820436,0.15602740184799146
0.44633401698047337,0.15555675983937922
0.42736346345881865,0.15706282260683205
0.41918395225890254,0.15914138601675698
0.44348113198252737,0.15557984222216656
0.4238290319575881,0.1584413294132785
0.4273279060894634,0.15746460500957093
0.43295526362701114,0.15697370344058717
0.4377902588325147,0.1562802481798564
0.4247915756253979,0.15788323424021058
0.4378263647780584,0.15581375410509796
0.4331509886203464,0.1564999834756354
0.43604446294266747,0.15645569752296126
0.42655133826892405,0.15771135372634257
0.42461397707875764,0.15839067996357759
0.42756390442552045,0.15859939284474198
0.4417185038225246,0.1569014227893887
0.43000646805446624,0.15806689491774065
0.4232551067691336,0.16020371973411374
0.4359804643248431,0.15751459300922696
0.4494599634757787,0.1564610602707412
0.42732651828005674,0.15896538212310052
0.4484280737170005,0.15646221273704164
0.4244960854133743,0.1590922401134771
0.43008687253227645,0.15764080850921836
0.4475277830476323,0.15647431085867936
0.45359058877030384,0.1562537696366912
0.4419015262979964,0.15664794581431005
0.44019774780289084,0.15695076619373305
0.435118730991709,0.15754744656319747
0.436479462582146,0.1574741692156831
0.4217158048633862,0.16037838853460262
0.43873751442981973,0.15720806048807587
0.4522876280371326,0.15640192086918267
