1768
4941
2612
1083
2845
4415
2151
2344
2263
2016
1223
3586
3477
1951
3024
3222
4651
3408
4844
2327
3100
1113
2253
2381
4971
2933
3710
1243
2765
3791
2498
2954
2808
3624
3619
4184
3648
4152
2907
1223
3984
4203
3687
2337
2550
2665
2429
4502
4171
4262
3871
3554
3907
1883
3959
2892
1069
2724
1829
1393
1474
3128
3785
4038
3330
2605
2328
1830
2357
4341
4654
3785
4605
2059
2728
1827
4057
4960
1127
4541
1614
4042
4198
3986
2430
2177
3982
3196
1307
2956
3879
4890
2859
2163
2360
2286
3020
2052
1901
1604
1090
2687
1868
3200
4378
2823
1153
3306
4715
3250
2824
3334
2635
4058
1997
4804
4918
2955
4941
4761
4456
2959
2789
4798
1257
1609
4025
4031
3021
3317
1807
3626
2931
4280
2283
4029
2777
1092
4829
2757
1293
3105
4486
3534
1680
2228
2068
1749
4696
4298
3188
3864
2900
4635
3159
2641
3326
2601
3623
2270
1241
3038
4447
4313
1707
4368
1882
3589
4046
1372
3866
3668
2250
4791
4377
2067
4015
3282
3514
1430
3705
1808
2486
3514
4121
4639
4940
1802
3784
3897
2316
4924
1106
1407
2431
2139
4185
1270
2048
1238
4818
3448
3539
2165
1636
4246
3342
1836
2198
1890
1840
1673
3587
1207
2767
2823
4963
3070
3714
4714
2036
1063
3238
2723
4531
4463
3645
1749
1821
4488
1670
1134
4605
2969
1735
1968
3235
3026
4388
4729
1115
4531
4100
4655
1170
1447
3229
2981
3633
3078
3416
1889
2420
3123
1857
1374
2152
1865
1125
2732
2763
3500
4560
2035
2343
1976
4830
2320
1284
4815
2197
1565
4689
3726
4302
4248
4626
3554
2112
2553
1023
1250
2803
3617
3731
3495
2030
1189
3832
4992
4431
1076
2763
2432
4305
3722
2199
1385
3731
2006
2623
2933
4919
4761
2419
4436
1571
4198
1366
2902
2571
4623
1020
3061
3319
2479
2008
4564
1990
3416
4475
2273
2323
1154
4134
1420
3820
1562
1956
3722
4994
1321
1621
2356
2402
1784
1387
4355
3396
1815
4742
1987
1506
1387
4217
4462
1532
2194
3980
1415
3717
3826
1187
2551
4064
2452
2532
4591
3820
4762
1475
4154
1259
4097
3219
4650
2697
2471
3379
4529
4520
1075
1448
4651
2280
3024
3896
2527
1140
1096
1834
3611
3141
3687
2699
2851
3020
2395
3815
1708
1075
2908
4311
1735
1515
2125
1361
4369
4887
1872
3345
3401
3559
2095
3078
4711
2263
1164
2073
3919
3461
1432
1826
1189
2756
4326
2907
3058
1680
4006
3922
3321
2778
4036
4117
3776
2707
1488
3080
2484
3607
1046
1900
3540
1507
2098
2118
3111
3262
4166
1015
3559
4808
4681
4111
3868
3757
3981
2147
3054
2256
3754
2765
2705
3818
3042
3482
2508
1557
4600
1049
3802
1663
1705
4943
4229
4059
4481
4820
2937
4386
2447
4076
3330
4795
4166
4809
1759
4103
1676
2905
3759
1505
3325
2974
2687
3240
1906
3687
1726
4497
3399
2583
2345
2530
4676
1735
1859
3697
3813
1319
3228
4256
3597
4507
2506
3842
3019
2784
4506
2997
1754
3271
4979
2948
3343
3382
4373
4322
3164
3975
2648
1067
2609
4204
3019
2003
2689
2984
3263
1724
4039
1635
4323
2693
4325
2746
1344
2988
1144
4737
3028
1626
4167
4760
4101
2476
3806
2836
1758
3007
4682
3507
3933
2242
1484
1883
4134
2437
3640
2309
2995
2581
4669
1665
4474
1367
4922
2475
2483
2868
4951
2347
2891
4493
3741
4769
3249
3493
2662
2437
1827
1924
4393
4590
4610
3363
3146
1634
4287
3426
1533
3149
1774
4975
2389
2722
1968
2348
2325
1760
1891
1137
3702
3337
3693
3609
2673
4369
1802
3208
2680
2351
1661
1866
1003
4491
2407
4161
2282
3410
4276
4663
1069
1732
2699
3522
2352
1760
4811
4388
1298
3106
2465
3540
1580
1294
2462
3550
4288
4454
1730
1383
3554
3451
4682
3757
4004
2984
4763
2080
4835
3820
1944
3294
2203
3672
1641
3962
2529
4288
1407
2880
1761
3950
3718
1877
3578
1336
3061
3307
3725
2606
1243
3003
1764
3459
1138
4117
1248
1741
3814
4052
1037
2992
1738
4081
4653
3845
2537
2125
2379
4279
2370
1611
2350
4125
2016
2911
2892
1824
1385
2284
2420
4828
2048
2462
4385
3090
1930
4635
3926
2004
2982
1284
4991
2994
2370
3278
3861
1248
2710
4119
2591
1620
2399
2290
1278
1724
3672
2604
2717
2934
4141
1073
4724
3275
3703
3352
2842
1095
4290
4815
2893
4697
1698
3744
3509
3544
1340
2406
3631
1075
3540
4293
3263
2355
2009
1270
2909
1506
4015
3450
1523
4845
4104
4783
4692
1110
1934
4342
1960
4755
1155
4249
2268
2078
3470
4356
4470
4711
2374
3124
2942
4524
1301
1210
4238
1359
2880
3255
4379
3722
2189
1143
3829
4364
3730
4565
4739
2194
4125
3020
2871
2276
3790
4272
4094
2401
4615
4687
1223
1872
1342
1110
3184
2922
2947
2928
3040
3778
3863
2212
4463
2686
3208
2076
4001
3390
4395
3729
1609
1589
4268
1653
3369
1063
3438
2056
4241
2049
1980
1984
4312
1735
3175
1705
2596
1372
1370
4672
2730
4314
2227
4483
4128
1327
2897
2026
3552
3464
2308
1255
4582
3454
4335
2232
2736
2195
1413
1601
2808
3620
4747
3541
2194
1115
3804
1084
3922
3946
2674
1090
4599
1167
4494
4536
1852
3665
1148
3957
1710
3738
2017
2617
3263
1911
3273
2574
4068
2044
2147
4997
1742
4722
4190
3928
1519
1905
1049
4212
4449
2181
3001
3688
1469
2922
2735
3390
1229
2840
3731
2828
3925
4052
4990
3368
1929
1608
1742
1832
4456
2390
1992
4310
2978
2290
1290
2159
3348
4711
3805
1264
1438
4085
2373
4850
3512
1775
1460
4425
3344
4091
2617
3445
2949
2047
3476
1187
3773
1595
4434
4014
4370
1536
3261
3399
2025
4603
2021
3698
1654
2750
1910
3127
2928
1521
1449
4630
2158
4822
4317
1776
3758
1161
3732
1284
1651
4834
4307
3035
4024
1788
2287
3626
2882
1512
4134
2387
1661
