0.015351843601409551
0.01022175804927514
0.007075432921551518
0.01159447849577724
0.011468945917788492
0.004527365155548881
0.0021612986746211106
0.01832984503987742
0.006409322763924576
0.015908015022225885
0.013002034029406345
0.014799181010996417
0.005585569696228086
0.007915120124199222
0.013566935218694783
0.013175517074752025
0.0024299353595963902
0.006068360832065521
0.014312904375092368
0.019784248643889852
0.0093661463576174
0.01576758892686155
0.014571067037437956
0.008852419579674881
0.01997907888902529
0.0136553956499589
0.0037250989482633242
0.0046081186513505824
0.004067107597880128
0.0013114878073097725
0.002610405561700507
0.015687468286779794
0.014946189846153167
0.005728044554253649
0.005730924040867575
0.005308685485331293
0.007006483768861989
0.011579591414317646
0.009474823005635555
0.011914650036180204
0.010144216346989737
0.003590127525768539
0.018461671041493315
0.0034387557102780178
0.004880679117964684
0.019123548543792473
0.013675157792502248
0.010883890450343572
0.005732027867272068
0.010018429868680376
0.017596735455116187
0.010659634591235347
0.015090046261398551
0.0018163005836878906
0.007812947403049659
0.01935918308850657
0.011959659167207735
0.0017794095867773765
0.011328160666929134
0.012143487157573275
0.014950659874844466
0.012979131532626503
0.001513896812894826
0.0041087786016738865
0.006363014454160833
0.013566812917011669
0.006917499731397764
0.007041341457620285
0.0054554784907057665
0.002593691750730363
0.019320337897946297
0.013870218272508773
0.007812862865092557
0.01377281070628538
0.01986906338695522
0.011809714649675795
0.0010063664902702023
0.0051190202657753064
0.010939809843978021
0.0053690288580435005
0.012970333651339514
0.0058203293617857515
0.014853969150004018
0.008010848059345141
0.004495035844216158
0.01006488900277867
0.012472369859287877
0.0023826089262010512
0.012922966717109356
0.015649791462884772
0.001910621225927407
0.006442449563378996
0.013759280896272635
0.009434819063076826
0.009694638488876178
0.01788662142873428
0.014854000082511917
0.0058008210371832125
0.010314898932898407
0.019698336534950713
0.019503748966797626
0.01803772667028248
0.002949908655118663
0.01447372462682231
0.009816858808296375
0.017877965225271103
0.002074885851244561
0.005965196359049948
0.013490942744647943
0.01260845458206403
0.01809998384665617
0.008444740858618405
0.018043829828424136
0.012196866278315854
0.017647724774193373
0.01753658595895949
0.010536568259293774
0.008943287463701273
0.014715612297943055
0.016586397481166814
0.003105221333846907
0.008412708066718786
0.0197332806777808
0.003989809848516258
0.00300947199820062
0.012880280481142797
0.013886230866244919
0.01424892157342474
0.002825952008352157
0.0012018177498493868
0.016513324897724852
0.01629935986145759
0.014711811580684298
0.014541662644377337
0.011256627027015648
0.0077152042630175425
0.0072031811061751185
0.0016391645984024663
0.0162310363858498
0.01597639937644996
0.017427610906827453
0.018194240303304743
0.01542551415790629
0.010594564152000725
0.006047593799712335
0.001219938717664758
0.01872711377116383
0.0040683816903445864
0.01231291222894405
0.002179652420336303
0.017787383977334457
0.012303739703086715
0.009965123974362312
0.012944572353508262
0.009624508490081448
0.009487915009266386
0.01431222745622824
0.009588504189911584
0.014921616311933124
0.013153649597982056
0.007173865004007715
0.01787252801602659
0.014742365132832967
0.003503198729995567
0.00639825343983741
0.01176704748150707
0.015581172245961308
0.0136710904591744
0.00812015047347572
0.002085322971260871
0.002181989558172218
0.012065383171090956
0.008965238555040052
0.006653526211789365
0.005126520034926303
0.0014341582567363757
0.001445278209631425
0.007719281766124805
0.015275974347895842
0.003931163650899759
0.0185107363828765
0.009489504465561769
0.011139680700925598
0.014443710542354691
0.01334540429837611
0.012406625426027641
0.00534932513187919
0.004384386852102531
0.006454275348239918
0.004553128873524357
0.01342994121603711
0.012606383910697534
0.006709980124683456
0.0012251309767531526
0.011239625733919224
0.01201696033878167
0.002794906459893029
0.0156476689514861
0.01630910185645754
0.012491085271925807
0.006463450318952354
0.014784823960863263
0.007293227375865388
0.004735153417605192
0.0015982240911729876
0.003985467644088551
0.010872575248314614
0.018159055678923508
0.014247056449028597
0.005369107831271976
0.015915703949756124
0.0028210829315822097
0.0015214154148521781
0.014278691859263924
0.012473359369273445
0.0012264715273892833
0.009568148788264782
0.014308977049082044
0.004492961330490165
0.013674663735015184
0.0015437142114076018
0.002989787742732688
0.01924346690774454
0.0013624936221408128
0.007827315263357275
0.006010549487479224
0.0065219983411991655
0.007898853717567038
0.011426063762648243
0.003149019937492913
0.015071111695771845
0.00676431427862406
0.00997917889358542
0.01834782562713677
0.016900559101925033
0.01726693901110735
0.017225609026046272
0.008331081935320218
0.018047174772097933
0.017472138818787005
0.001826700500059512
0.0106583693792996
0.012178273484033154
0.0014072100574134892
0.019955923933642455
0.00824498478447008
0.010674257590492127
0.002350701423583599
0.0025905946866534328
0.004622845099577022
0.013536178599408952
0.0035921458020973986
0.01951264805055965
0.008978821365500753
0.0030186873243481928
0.004864636870266116
0.013642790758980308
0.0014528267740840412
0.010531670623099242
0.01228326034349235
0.0024514484651742066
0.014740252824437711
0.006126894726396991
0.007707489418522827
0.007667487293121411
0.006102840588308923
0.011824049684516846
0.01588639688608552
0.008458741251475933
0.0027973856146660575
0.019541490054474243
0.013308819850689452
0.019889006157276286
0.0076897669805341675
0.003281635074302436
0.015167991772934042
0.013155402851972892
0.003755948983842322
0.008478286031811466
0.01962511345988126
0.007150580510690719
0.007107505189933595
0.004675216748018006
0.008664782724420006
0.016831029531954575
0.006737104092140109
0.014245195129870308
0.009449940200364576
0.015618603445246609
0.007303600393671323
0.005170215807017647
0.015603091389864945
0.01269747211841225
0.009993088539615134
0.011600246204525145
0.017641331690330827
0.011601502776849282
0.0028148850763682442
0.017024242818717897
0.017228149888606912
0.0020397747287822323
0.013469584196199827
0.011748417487539495
0.01709285095091777
0.0111100975350494
0.016165563455518173
0.006060415645032662
0.0073309474536282304
0.014424306507012742
0.005689912030554625
0.009196931178554722
0.0013433616513575564
0.01503250342202259
0.018402473751870742
0.016365539949923576
0.016445120215061313
0.01152182245588174
0.014010209625515236
0.012500801741843641
0.005822667901566957
0.0013354715036966302
0.009087155297563761
0.014720281560136151
0.011066850970296933
0.005119230451837456
0.005787435798609434
0.010865756124253632
0.011017713560639714
0.0025270922211586533
0.015189724494850083
0.006542237983854346
0.004513857116576325
0.012069797848434174
0.017211484522142786
0.0027501532517346322
0.01974493129518139
0.01733762977869361
0.012887774699745627
0.00609577510377167
0.005097533640430018
0.015732551124108218
0.006692169177001636
0.018472138738087795
0.0019073485274921462
0.015918615571674764
0.018325333506178165
0.014406587036125008
0.0020086339607025424
0.007929364043660774
0.006676419640467559
0.0011505870007863775
0.012092208196599133
0.001959250108016432
0.003179473759157707
0.016421724596221713
0.004039457860043406
0.01859185048759721
0.007222698906928816
0.007767620928914824
0.018795272983604373
0.013510085907443587
0.0080585408946914
0.01809880296918468
0.005219461191515519
0.009645615324875064
0.018389435633861823
0.015591672357979282
0.006636480992096063
0.010446734540331792
0.013205800169807182
0.012870623280822838
0.017039266125507095
0.013113514602813521
0.006322889705426587
0.012462000330384568
0.01349314140311984
0.005912394252448502
0.005738359730906125
0.019381893514994017
0.0030789487782149605
0.0014668433715513043
0.010902833868181923
0.01720583624381042
0.011394067534208907
0.019288214170706672
0.012305980022137394
0.011538297595643371
0.003101722193258882
0.0021545092672171215
0.018965386785572108
0.010648212651952964
0.008571242909320542
0.017510893609069097
0.011508549211919156
0.009523582920270425
0.007259719757418898
0.009898422886852946
0.015529121901418329
0.019592922535786966
0.01696430871509441
0.012323521175099893
0.019529117948086126
0.013180560511939516
0.004423619259916439
0.01345907954676043
0.01706995507789383
0.0019172573577903754
0.0018254355155426618
0.006678791829988019
0.002518532957838499
0.010364400008643419
0.004969932303725129
0.006446199881626512
0.004270471510109232
0.013645695637785442
0.0019219529012190002
0.01732131321820818
0.01591304367137035
0.012638017740693844
0.013332438424209465
0.002332915155643506
0.009512169113082877
0.0016733482258638292
0.0023126420413772508
0.008416543300798902
0.01396457628078224
0.0137378539163233
0.009428708222546638
0.009703162107505131
0.012589319648371889
0.01578654812057333
0.002697986297298789
0.008991187204271375
0.014611988462348291
0.011809742995746983
0.018422663559990043
0.019676450361699453
0.001139288417930741
0.016821768151235983
0.011390518591293659
0.01960886106945447
0.008883555137135925
0.011878140172163813
0.007635465768674614
0.005067181679482
0.01579126094551389
0.0018414076919938223
0.013125791196433693
0.0016957372337103927
0.011163489688024837
0.009198973555222596
0.012620322222386196
0.014175386572356192
0.00904956801497666
0.014143498406992056
0.013283618356931832
0.013022161186776654
0.010480898520820014
0.010545137198995497
0.018109135165161237
0.01898575282693413
0.014580991483678946
0.009651026532325541
0.017538979046290006
0.005747758645116453
0.007246986437782553
0.001582715513175968
0.0064363387436632115
0.01173773816193869
0.005698318051355802
0.004512551031640957
0.00809513025974595
0.018521833525792248
0.006151687719671197
0.018433983443462372
0.01375673020832181
0.006107405146112167
0.013976952321459582
0.0102387400162889
0.01462240781031805
0.007989288485551995
0.018628375265822134
0.011274599479065565
0.01367903269140286
0.014073441929088142
0.01791880792637793
0.010863554381713755
0.002144365560478803
0.008222411154187318
0.004763089913091724
0.013397763651195334
0.004578931186891665
0.002765158320843189
0.019279517715927487
0.01572390847271869
0.01336519248563612
0.002458998903072035
0.013448791692816504
0.00482032211277067
0.01639345129661687
0.01743820410175464
0.0015863886510321889
0.006895380606481203
0.003959287303734218
0.006237068464111577
0.014969694197832107
0.011656236480561837
0.012890309784701279
0.0065044232804477185
0.01788965816815778
0.01111674902386963
0.01067243225943695
0.010963595969920897
0.0061797957472010615
0.0127943292257343
0.010165163110980108
0.012557801692395041
0.006326863092002907
0.0022037011772468827
0.003238111859575404
0.005214913974948703
0.019332498103040056
0.010796254717875774
0.008700868058915266
0.016317500991581142
0.014976901567741254
0.011191144610201442
0.013399175513228074
0.015959621084509445
0.014417523792819173
0.007575332681451635
0.004307375287627096
0.010923250317961136
0.01192375866855944
0.0051673166890979505
0.019045383389442783
0.00844138567107252
0.0146471628056912
0.003473036453925057
0.004892816727261745
0.003955535680490361
0.012953576232101919
0.007089720365347559
0.00937191526547032
0.012434548469475126
0.007237240142454269
0.009374910464572898
0.013900038521229095
0.012935966588014023
0.01993223374733623
0.0042676460025508935
0.01263825786167784
0.0019078167982066168
0.002773140683629322
0.013000329662649787
0.008777258736295916
0.019887630442788354
0.010211568908454174
0.013263417440359512
0.0021153112951601038
0.010268681463501128
0.013235738554498291
0.005786302906108538
0.004615938137681018
0.002020828108216614
0.0043329258989726034
0.014611999462963071
0.005155266132616266
0.0018893132324073114
0.018362960039043648
0.0018050475375167034
0.011103155128024001
0.01974115440921186
0.018789363415308034
0.01595856208185734
0.005603830046793184
0.0019225034038576863
0.012716178517930807
0.019253629680176083
0.009405716081434323
0.013498636489042273
0.006303841453175781
0.007272948162273383
0.007134101888175264
0.0041325034011343645
0.0015936097892002114
0.007614716998443057
0.00932766287855246
0.002174968087551533
0.001868026940592366
0.010632322893185477
0.010165301788831942
0.005113603862651759
0.0067813110685477455
0.011919424350251711
0.004620639034242114
0.0185332388094165
0.00956616421965871
0.011816481433898178
0.006130009674596782
0.0032880278498670017
0.009552369953658945
0.018740989193495445
0.005201278033093251
0.019995140320939162
0.008129852612886278
0.0018101616443762852
0.0149776341885519
0.01624488244703166
0.013273312235113705
0.010205635423356792
0.019129325247526873
0.01959806886746378
0.008092295095253456
0.016735798584757218
0.0018621966842507845
0.017184793539816105
0.0036908506190312202
0.017241210842540593
0.013592839854923655
0.01950195309853319
0.011280164751003463
0.017588852252107236
0.018104319938585564
0.003726401450234147
0.014360273756807818
0.008172654343717159
0.01727208010757751
0.002656644525473945
0.002411138343199276
0.0012666029030847128
0.0018992948126298516
0.019279368123370562
0.0027517619853243422
0.0037977929267629697
0.014825813873426352
0.008049602011013898
0.011176709510731814
0.01161000643531265
0.013166987325691232
0.017900595532047033
0.0045458099302698824
0.0019422747548418031
0.014742294804655665
0.011793833432283986
0.01477680740901751
0.01906802239526142
0.012672569900200104
0.013702806278118488
0.002684404208302768
0.016981229324968063
0.007904110476924752
0.015745457072525476
0.011042600547927491
0.0073131059355431545
0.009637065140348067
0.011809076002206344
0.0038699714924652117
0.017969069273394474
0.012598722742890485
0.0019319771606961062
0.0011355525911568307
0.005263147111676365
0.017599657455755754
0.013974960433213241
0.0073791271989783
0.013329437348357093
0.008077868010349407
0.007132361820927651
0.006639447011255359
0.013684731598293743
0.009319250666433056
0.009340710548826039
0.008728635084206692
0.003204609644804406
0.004019855564426492
0.007673704751090045
0.01742342862190864
0.011384525573958595
0.008065658475347496
0.007403408677181722
0.015532610647324606
0.017498048515755423
0.018704282621124033
0.0032121533680224738
0.0049604776956510875
0.018725183753235015
0.01823950515446262
0.0069226429386686555
0.004239335710740054
0.01565295596753792
0.0075524048813472655
0.015251125321079844
0.01274503588138947
0.005413967082166486
0.013356478346718163
0.014124729584637626
0.012761009480251086
0.006551645795831175
0.009132778886920684
0.007279382591044351
0.0032040276452988425
0.014989068345984412
0.016353359723419766
0.014229552528556646
0.017689713645860836
0.017030214954318182
0.017364211606357736
0.0019454778791261923
0.01884690576892673
0.003417900758296668
0.01698944057882001
0.01809217590541332
0.016257660400320437
0.017568688941422692
0.003468341835385673
0.005512811825504213
0.0078003837282876005
0.016872463957522503
0.002563640927619233
0.013358478553349446
0.00443898353758615
0.011059905958212088
0.009702437891678559
0.007521398072397257
0.018074021799438057
0.013488691078651728
0.013873427525784465
0.01718943815571166
0.014535720748711605
0.01694956714112574
0.008595550380365826
0.015069628150403924
0.005648883816839521
0.015110121658110577
0.002387954396658564
0.00228310890470887
0.002006684360126341
0.010754628373146141
0.010445253101001018
0.01419307213865326
0.013189800419418498
0.017975229878164155
0.008785533141736478
0.005081657994268444
0.018456446774640135
0.011407186104532386
0.002197402667987425
0.0028664194753306735
0.007961499828201324
0.007993865611876429
0.0038408866117177363
0.00941902792919579
0.005903696394535783
0.01171259364575834
0.0026248058961654552
0.0021415701716936235
0.01633922584580353
0.018332256026365804
0.014700932019911048
0.01844988641249515
0.005819309828103433
0.004531204836420385
0.018917903630943814
0.00478586041107373
0.01140033345245555
0.007710624219531127
0.0052544825376647005
0.015347058247519401
0.01932550895756713
0.006776543290340074
0.004243714763911537
0.01136319535894743
0.019607511726742605
0.010474540182522848
0.005651345943168609
0.01784550515399746
0.01683846897957909
0.017499118408665255
0.013518237130479577
0.0180444954061315
0.016978367676278746
0.009642188549275916
0.004948802120683449
0.0029245310005070672
0.0015363407467331542
0.0020490086436382006
0.010116578213252455
0.015507753818566436
0.0064392419831823455
0.015287542090535514
0.004276130589535342
0.005972123751999567
0.017738311038002528
0.01627129936978194
0.008989646256308853
0.005646295415650995
0.018283487484656597
0.0064801398540403786
0.01509799687969075
0.019586274357694403
0.009010955405700804
0.015707531893285935
0.011444514119826214
0.005633011549386769
0.016980158540817487
0.0023374947463904727
0.002199407752814569
0.014931782934879716
0.009235036531219442
0.002720843146155988
0.010106466413565638
0.007637218605634758
0.019272975332767527
0.011524882977215326
0.012571419714017342
0.0016478267490558848
0.013651140702601205
0.007674286644602269
0.015413330423557494
0.013634397533548243
0.007375184801481568
0.013838040466737637
0.004280367773316493
0.017703445459540387
0.0020702505330136207
0.015526540433228833
0.016448956202755428
0.01603899339930938
0.015633044868681018
0.015445204877995375
0.018068265208291145
0.014189210307535758
0.01627264477451205
0.005792162597039394
0.007440081701278922
0.018145517466603433
0.014392301523916025
0.015796648829514606
0.010959860656904213
0.01942332101019993
0.014748355009380383
0.016411163222990587
0.014989652923929363
0.010055275698842705
0.006152621275196167
0.017849113206174227
0.0010595463938763456
0.005284263660997874
0.005230558775936892
0.005916740275377785
0.01945241315901106
0.011588229997791726
0.011553298650089746
0.013052798202239552
0.011898786358336928
0.018262755042968214
0.01011503609775424
0.010087642489757246
0.004550736720960742
0.016384656235439114
0.018504936360703824
0.001754087527140979
0.004007687367828932
0.01676730323447539
0.015986281692298272
0.011166964450726125
0.013516587453894044
0.003219913360629484
0.006070913699394377
0.007735301544621338
0.007143299563461427
0.010585253998522424
0.006595752245254491
0.018096583908359696
0.014088187326289147
0.015942680211969814
0.01427735878058602
0.004779116854479326
0.009070002223490154
0.002331111895856933
0.019344908891507095
0.0011088942172671464
0.016230866161681172
0.005292821914758764
0.0011252188356411412
0.019409795439289963
0.007531581180459651
0.004956432909241094
0.018192945265986884
0.0022010493526769745
0.01686913566739951
0.012632536935972084
0.0050511052569907405
0.01638455674256801
0.007078887648604463
0.01998812393998607
0.0011368231009526951
0.013831994861972962
0.013544738618693368
0.01099858756870881
0.01257569453488459
0.007168536719609454
0.0042596247412383294
0.0035486171350664663
0.014749714580432075
0.006549992317441932
0.002327295904231391
0.006912798761555966
0.006281713395936261
0.007670277466056295
0.012072138434253612
0.019542622225044576
0.01924803413662916
0.009534323102848078
0.019468071245998315
0.00401233294434932
0.0029537306047848024
0.015589140760125887
0.01152181184569432
0.009414917612789928
0.013853465207680733
0.017017844365942458
0.0177887979747771
0.01906136198773151
0.016820306306894423
0.007110072182889504
0.011768839857325335
0.004280919488974622
0.00703680549764475
0.015661704501460705
0.004270233550836052
0.01388021445861309
0.0028128227080155875
0.005252156137021107
0.005132434414274854
0.0036739490974228733
0.017859617559948537
0.005991348136735535
0.009554477245004925
0.001868013998677481
0.0048236792895374235
0.006400638042205473
0.009648215761929979
0.006894039464315726
0.00881963771578476
0.006116105895904763
0.01629973262850047
0.004682855466387402
0.017007179613884857
0.015551422398509443
0.003003880890235054
0.005726621919642008
0.016147523780660842
0.013549871931836141
0.009068489832052728
0.00738008537772008
0.005942465489929663
0.012657731033418308
0.017125046441732322
0.01506006250646584
0.014011731625409363
0.01581525841676396
0.011099577729571843
0.019223257704835524
0.012775770319195898
0.013188853074857905
0.011023383748288228
0.00525324118858123
0.015730472386842432
0.005502719030989916
0.003230136190973856
0.007250588135454403
0.004650838871314549
0.006611691701159387
0.01234683607831073
0.01846237067911992
0.014083354782985918
0.01560929951568081
0.013578618685052068
0.006518989716736652
0.009417279458083488
0.013115874866663851
0.01838015335136585
0.018086518843449244
0.016358153329293537
0.004984584295829344
0.013369069066413018
0.00941911835762771
0.0038520477227003327
0.00113613800733701
0.01677032191565101
0.01146886448403723
0.00511559432196534
0.01581419527171031
0.014102237556072983
0.012116351235854372
0.019272661884224537
0.01740835908086092
0.0014911234454031965
