10515.292901477897,405859.04124615155
11363.05269673281,357382.9789052223
10756.952156798063,384644.2231070748
10259.220563213452,395406.521909897
10992.32208631758,349243.9553515847
10280.25893911806,355855.1137195677
10279.276531311167,375304.3701403227
10627.128931381652,351989.8109722153
10720.028699121674,349661.10050397
13174.594251889717,365079.77876097016
11097.083517313667,390532.9854316514
11463.114400544684,366081.4518994808
10597.234577436933,343661.52486090537
9948.1836032781,367169.9621196002
10447.254049233556,339087.5988551737
9843.659371868562,318542.9726573811
9318.738008578854,339875.1348650126
9631.73586513143,357717.8256916319
10909.798736455177,333332.32447774854
9904.263894551956,339292.9794783475
10367.327801393787,334850.2877414134
9680.060950826113,390562.7625151958
10600.161582374838,352744.85351506766
9906.21497801586,355182.10885847826
9816.947792050565,363819.14987656916
9927.35906514659,325884.56180578686
9860.369889676584,349908.7495943034
10136.943895386588,348974.1996498547
10438.237898141646,334538.6569043184
9594.723304772093,365445.9659518652
11039.135338522394,323338.5378711535
10054.166502681333,329592.98180253105
10845.497192186313,328312.64954301517
9700.532324866928,339437.57685100305
9652.236725116154,347490.2128461162
10285.958949033442,393519.6811358399
10811.395624458972,359692.8668886721
10419.106597180955,391008.96933185845
10647.036227088325,384210.9918747383
10754.198133006314,381539.3443034611
10797.114846056333,365916.929666724
9632.662310106753,323152.9993946694
9263.525984915777,335688.35090032034
9336.446135249505,330832.9960138294
10578.203143179548,350456.1950502163
10219.989507680317,382705.84233229334
10225.455447575345,351692.0375638221
10162.631099009981,375396.31424882857
11138.63744869988,350365.9925116514
10378.499073374976,354260.77099470416
10332.058458813031,374258.06009816803
9614.62300880649,309680.1663448594
8851.917651744345,315921.282548595
14625.779910099427,351959.2511741799
9993.444432518974,367174.74337196467
10941.688405084577,356799.28603876854
10710.016249708136,362193.9237589947
10602.756219415021,366259.5874785622
9831.654739836169,325530.13647561637
8780.482969217366,332375.6178992005
9894.883603836543,395391.92137975164
11414.472273463534,349405.1436183891
10716.986390755777,358190.3402723004
10222.010514952915,377623.2219051168
10379.561865304951,358238.30686966865
9911.6286317053,382138.26745175605
9988.55755775469,353512.714105148
9596.02121745507,355366.0309074925
10183.710135282172,328527.2344651219
9959.97830972596,349348.8164540895
9550.779037920767,311763.2911705154
11726.840897967102,330381.6810805216
9543.837918813086,355034.5155743243
10608.220873155617,332850.65770030615
10096.122973448279,349695.1008497737
9601.128306808945,354573.6363010455
10032.26990338585,328571.28264301136
9552.6235437892,359173.08607717446
10512.057673322852,329268.30205488537
9966.899709503674,335452.2536451463
9816.057897897748,353582.91668869316
11724.082094978732,348700.97376041976
10101.67825291445,365331.1500090312
10443.824027174309,350468.12010403734
9802.029284970286,361913.20470213547
11173.532869696373,329494.42813926
10014.633502210805,345674.9452963177
11028.84572808394,339025.281910674
10008.228640770192,358981.80491808447
11070.200673361074,330535.2920014848
10828.587351916478,403467.866774132
11491.444995518823,359263.3284409
11122.44019197246,360865.75018402963
11138.485027607849,346542.16363665095
10137.40192370239,382568.51624282607
10990.34139339551,376418.0222372956
11073.70409399467,372895.2618648837
11008.357183536986,375768.78742556565
9926.36216625792,327632.37574668415
9843.239156017338,337286.6561264827
9514.28327258526,363116.843554641
10147.216641694564,342002.93125087884
9794.148287157828,345536.85348861275
9526.902855314498,352268.649127875
10068.699159517628,356071.77364565904
10478.247039097329,339892.37769750494
9866.400304396377,349094.3201860144
9541.840271966854,350487.17520019267
10303.255208173794,361119.9521145259
10174.849812241717,376131.13626375835
10115.721245734365,381384.8911624435
10681.309098585836,345505.3656808778
10506.763231840905,371410.38796801865
10506.328371334472,373252.28115827515
11291.288614456362,354923.37364297995
10428.463601741358,363160.3409726275
9056.95329057807,325776.0909003865
10633.83967802035,305497.3042624632
10213.87818107913,320883.7183163109
9551.560701945475,323614.84822326613
9070.00921414891,335121.5777760611
9967.67630623065,377983.49560136395
10693.255836222612,355126.72252530436
10659.304618031114,366539.1129859355
11668.127200850835,338256.7277152505
9791.0500688838,374264.20485733927
10550.691355575558,351894.00252907554
9872.04199615098,367336.79197517753
9155.728583993272,328084.3457076226
9490.493959888194,326609.6691148845
9761.620736473906,368719.6385245222
11108.074658450756,327814.44183432945
10760.897061321168,329069.9918273065
10515.029055322575,350535.5150408629
10124.305231278291,366934.9941392098
10448.703814753333,358479.58758214867
10217.121928081193,347969.73803855316
11172.611124123914,406625.3064403203
13463.880141072052,371647.6497671489
11594.260140455752,385556.74781319767
11192.95989263703,385971.80313747603
11039.446257296202,350619.22409879137
10084.060216214895,369054.8933182015
10682.674384438787,361367.35543623345
10462.647536367154,368816.66161616315
10678.217248114217,365744.06516500196
9328.473854980073,326304.9528065597
8823.336815015617,346102.885118732
10624.314179641542,403539.37291083357
12447.0389704219,381949.7877497794
11360.245770132125,387078.5586199651
10862.443076189013,326074.8697322224
9696.246813503441,337277.76234674035
10525.491024709985,335170.38888005447
11093.366159755527,335929.29373298754
10328.076534010936,359500.4458807203
10710.94396740166,356529.7859094506
11018.392449888404,346893.3908390299
