89342
57456
157177
69813
471913
447956
227575
233663
306711
71760
70167
136749
357692
437044
154213
447262
271155
404971
249333
202842
227711
252803
370583
254030
354819
328422
349398
284844
316463
124882
368530
449387
328882
430810
243786
223312
110885
497105
105996
93745
117204
125626
300660
240331
240259
202873
20444
339203
374764
217238
433319
126451
229645
422952
248264
77686
387158
340513
141852
219669
317534
201951
114666
14763
324043
360838
299609
124577
275907
214164
209593
61492
240710
31241
196645
460772
128306
30504
268435
42025
272770
167215
272091
70390
383069
232945
50814
354572
282442
413193
186335
388988
471661
440829
498367
257996
489409
124773
288511
399476
235750
481896
192107
21356
167848
312576
191798
155462
245614
452635
67049
432550
87527
451843
136825
333232
407236
284078
489846
102336
253989
271267
328798
432464
316104
191129
215791
311471
209757
168882
264385
475506
127833
69667
243232
388710
447468
277342
104250
134744
52888
15174
343836
95206
412606
192770
368090
387019
497690
161289
141070
63358
218364
17435
123619
483950
35514
337399
249500
263785
220413
456442
495149
239340
34836
248312
393655
330577
220007
481224
54466
272263
311784
429653
296325
77063
289647
285674
172848
160162
433090
93209
30454
33609
42392
449497
303395
392461
222175
81181
116967
384928
374997
168624
435544
191848
284882
345037
484947
379963
339138
230900
265157
333802
121186
187437
168404
489553
305249
286711
433215
319543
450324
238832
280597
334288
389017
171753
397629
273645
248154
176159
499462
130938
436232
225056
17291
93416
72657
431150
213864
433977
248957
241383
368452
67176
368114
216728
54934
48144
374660
28146
101179
91021
267997
436357
440016
406642
182802
66748
410000
114304
121694
459274
13768
495456
31878
240456
47083
27886
219457
495642
270104
183110
313784
475551
40834
294471
417342
63001
267918
486744
425216
96043
289474
285125
456840
179364
292194
428304
146670
285433
239425
267598
496707
76519
99404
188808
83383
107317
38655
473750
315676
188073
312443
80448
245433
146437
70400
463607
