0.3042163275738984,0.22042425260333195
0.34914576293738875,0.20406940701977574
0.317141015804774,0.21212247614461724
0.311022644260732,0.2143444338553115
0.329873431845264,0.21005338682971667
0.3237103375712127,0.2110610401152187
0.3321524526963279,0.2069926379415173
0.33870846671878074,0.20685486477323348
0.3061845075007022,0.21799415786310247
0.3067197642894196,0.21569268970597982
0.34474175703911136,0.20584602318453998
0.34866628706477143,0.20517006405021715
0.39675108116661567,0.20204905996476244
0.3136119819336608,0.22081059673146644
0.31986102255656057,0.21599813552895278
0.3223130158612175,0.210637732474063
0.38300503923349466,0.20337220119677452
0.34964608143541553,0.2053432919749439
0.31622539486376755,0.21825482855299422
0.33554663632518905,0.20913848745935
0.36597696651844597,0.20523740560556508
0.3719309305162278,0.2039204270607007
0.32815530236963814,0.20975474062407962
0.3403930753601501,0.20743679111723362
0.3452153618270684,0.2069701936587099
0.3690408397261188,0.20494665132191145
0.3231372743278799,0.2227839335016977
0.39544788320741475,0.20505954262549717
0.3524927162177057,0.20792570358028806
0.3741761629143658,0.20653316533415153
0.3481039598820938,0.21219489364091412
0.32372892699827627,0.21860415144564105
0.3843198886316596,0.2061300051119499
0.32903998480631097,0.218186013385064
0.39133662239460665,0.2052681588885651
0.33700126518228285,0.21471292639185033
0.33397994070203907,0.2169197878165218
0.3407999563014478,0.21438239609314935
0.33524801324888326,0.2166316003977916
0.3437312624060618,0.21336006309762523
0.3461791709336706,0.2129523178266855
0.3564851615138574,0.20556496602304045
0.30392292927382125,0.22253968325403692
0.32821747530931045,0.20971084444716198
0.30529931425614043,0.21877138854720848
0.34010912574404856,0.20916472028103034
0.34404070644171175,0.20842721051484017
0.3122689098321759,0.2181028493219644
0.32678351253355575,0.2125293720617169
0.3130171597581222,0.21634517263793177
0.3049147039900693,0.22239529369328287
0.35401473727247657,0.20784200121553703
0.31582370884597494,0.21519302905886026
0.3528329970593337,0.20826012865181254
0.3241831970234363,0.21271901057976825
0.31956144043437223,0.21500168125098656
0.32300755818759525,0.21366584410776446
0.32116453358378216,0.2148799165632854
0.32141789191216363,0.21426789352563091
0.32165734054969947,0.21371947319748402
0.3531191503117145,0.20794048606512638
0.3047792261160194,0.22250627182904453
0.29723565965363996,0.23027250308820893
0.3531697805220962,0.20777337878637972
0.34397144405380786,0.21018078545737992
0.33302408128808386,0.21180199265465646
0.30093923375286585,0.22621912929535845
0.3501836060229837,0.2101450015999494
0.29982224499908716,0.23002958613453506
0.307289763649307,0.22268164843457863
0.31815897858638187,0.21610342494754267
0.32461699547133516,0.21574780409059743
0.327681804858184,0.21480744197266546
0.31276356045745285,0.2196099325470952
0.3033616841935958,0.22463844794209442
0.3160389850030771,0.2175909940122129
0.33048788770259124,0.21335948885768344
0.3086520941720693,0.2207161456034581
0.31582228195584866,0.2188613326723656
0.3310461058336038,0.21263780604535545
0.30298182183040195,0.224926928974161
0.3080611766377668,0.22119179798097258
0.3044664748380203,0.22523905903362912
0.37464569565268074,0.20464807951208658
0.3139749490787852,0.2169922632844145
0.31361424152466555,0.22290765034785437
0.3171360329944678,0.21387248725529337
0.3415537551096608,0.2091437139748879
0.3352096224834693,0.21075599868097947
0.35852763850343156,0.20498137020257032
0.33022133736412745,0.21384333010738013
0.3450620261799438,0.20685443125827432
0.3068299770149894,0.22390758415005427
0.3337920535563104,0.21328594836318945
0.3515166064538038,0.2068064426150206
0.3539506027521403,0.20581508399927018
0.3577558299262386,0.20549450566076455
0.30536542943771156,0.22512988553188268
0.28622603713945116,0.22434841766094898
0.3399660705991537,0.20832089506396162
0.31741956954379896,0.20847311939334576
0.3160998913147404,0.2139946721778188
0.29654162747980756,0.22020374304428766
0.29476943005727424,0.22203134566872254
0.2883654503317798,0.22352735181294692
0.29302636912859525,0.22279891750821812
0.310521738699961,0.21421101348942093
0.3081853729174794,0.21496456093003052
0.30311893352804076,0.21803032222660326
0.3046150651087096,0.21668722213538644
0.3005436720589406,0.21869970008615008
0.3069443407396183,0.21637568475734925
0.300158874049211,0.21994297356126377
0.36342834309545385,0.20947238916582842
0.2959829716268892,0.22927204108906837
0.2984757103417619,0.2233544179883754
0.3134607929631363,0.217504734396349
0.30801051543614155,0.22020706535317305
0.3079135422480907,0.22203986207108287
0.35101988991575417,0.20958047837238897
0.32104902756444875,0.21707158974141635
0.3357680054989529,0.21247264001225158
0.3454941886323508,0.21203763545734164
0.3240520005253043,0.21524645074222498
0.33322928435009685,0.21332365539214848
0.3288345477631998,0.21403619277496674
0.34863541268149595,0.2109414791000527
0.3476212191548901,0.21137962306750102
0.3274678859063093,0.21494404258796038
0.3276684819497283,0.21470986172441006
0.3483935979010169,0.21124360208780474
0.30091112344703747,0.22653220019014703
0.34688798017213307,0.20638600390736947
0.3257580921216266,0.20908456609639917
0.3041917766654605,0.21632446604722053
0.30228273467447786,0.22286874991030695
0.3133667173764968,0.21569252974709036
0.3243287524432851,0.21334004778906016
0.3159266268737684,0.21479296459771147
0.323249295200331,0.2145250925849156
0.3240261909157932,0.21402986376529287
0.2990107429114142,0.23474643090345998
0.37709652329106946,0.20551092721259176
0.3601580856760102,0.2058053063159777
0.2998071746863274,0.22929649479581973
0.3407037275764108,0.2067482828473784
0.32515788333576157,0.21124434883826887
0.3181424478744113,0.21433197899506998
0.3104361889315607,0.2206629213463536
0.3050706091821556,0.22170965640192986
0.3003584689941777,0.22506066574984343
0.310570183243189,0.21674790660623403
0.3310850163294742,0.20978760625143036
0.3362293889714448,0.2086924207847821
0.33072633161346404,0.2111743041829137
0.30491352799144006,0.2247776183858915
0.31712524005767206,0.21559157106490429
0.34022256159681047,0.2086890805396013
0.3152146253910713,0.2160989296733191
0.31281767203328914,0.21655750788805267
0.3404287994559635,0.20759814628086914
0.30407147326320305,0.22481676397470507
0.35195097981675266,0.204904557821791
0.2854437377450124,0.22886277605483638
0.28855951059102536,0.21677872557702088
0.3161397087519853,0.209914537930498
0.2931086458620861,0.21586924024952314
0.32666048013734583,0.20933268223445062
0.3470651863968695,0.20657605140319205
0.3014820256793168,0.21461354410414493
0.3114651795892733,0.212106424016241
0.33913496721740755,0.20679585447477244
0.3065928324506273,0.2145101073282114
0.3324236091961383,0.20903417802261479
0.30980784130368705,0.21380688553278598
0.3372540641050036,0.20697892130508946
0.3371975861955888,0.2085126919929834
0.31063397524135233,0.21301047661928343
0.3346814863763296,0.20900820251380267
0.3359023305078816,0.20888338164156994
0.376339922485743,0.2037416910963503
0.3051386509777409,0.22101530105052
0.3336890911917144,0.20449520119567643
0.3059517432611813,0.21594605436523429
0.31998372271418496,0.2076151726847853
0.3125183318911422,0.21098013578610214
0.30580395051826204,0.2210127184748321
0.33274454514369933,0.2071930628741521
0.3147195989555842,0.20928861940074384
0.3116815809459254,0.21390055000489674
0.310336100890823,0.2155496427311977
0.33311215213673867,0.20561560407764723
0.37393938915354435,0.20534231880529558
0.3041672681584662,0.22018516872693245
0.3562862112278022,0.20587061620259503
0.3365830277660891,0.20686628898024348
0.32710692264851415,0.208114478337812
0.3184379499048624,0.21199945631098624
0.3098530863400663,0.21385067264700441
0.32483883110538697,0.2109537078860478
0.3053874965852956,0.21674323243112034
0.3076743576325905,0.21563185204761165
0.3057985727100455,0.21656610974401289
0.3636039621900225,0.20389515298459496
0.2951229381528543,0.22331296344158583
0.30046094810716467,0.2175899492715569
0.31666203698060563,0.20898448624692958
0.31390357213705294,0.21289408418687283
0.298349230748314,0.22218970720577153
0.3344779047597084,0.20648152229968106
0.3043858231927235,0.21590942749333528
0.3114077261879786,0.21474368983703854
0.348308743450367,0.20641966295551323
0.3272731321650985,0.20739697008627792
0.32591208734858884,0.20885725583058262
0.3561000887728602,0.20505608149834328
0.3630824672774867,0.20477575685969432
0.35472891853269634,0.20579507723151008
0.3517784792147894,0.2058810508187381
0.35077454266979174,0.2062640671500065
0.30378427057752994,0.22198771265932904
0.37521205304186395,0.20428525991177737
0.32000304767383786,0.21114403506961757
0.35828147768974117,0.20567188138407416
0.35029433528944304,0.20569802490820405
0.3427999421635158,0.207054928930507
0.3288492528999952,0.20976475375791723
0.315074316189722,0.21518900584779332
0.34083889853859567,0.20785259475587065
0.3705198177228622,0.20511801195872176
0.3188300999308186,0.21309119858656406
0.3338910838180693,0.2085748459272773
0.3182359287635117,0.21393606354283076
0.3149241070969789,0.2172985470826617
0.3053224626533581,0.22002098119839741
0.37306728222835506,0.20438270658417215
0.3316078885502389,0.20960073605867865
0.31168366570469513,0.21880762305624288
0.31241206802468435,0.2175903544514893
0.3330733620334425,0.2090673809068787
0.3707707775599234,0.20511755297031858
0.30921064011521826,0.21973608194220765
0.30532973027517857,0.21980047617134307
0.31060691964539094,0.2193387933161528
0.31268801932747076,0.2174386303702105
0.31104000035520585,0.2189174356646612
0.3096958454280363,0.21954078091989057
0.33787232023082264,0.20453951629096828
0.2867765862874491,0.22175594783228997
0.3131669124762967,0.20687810559032535
0.28802897058160437,0.214028535188059
0.32737739540783073,0.20563447418636388
0.2968505763418951,0.2102373339142249
0.291589672292905,0.21318460916370965
0.3018672277376873,0.20742815328215242
0.3361403254278899,0.20472227198223678
0.3003967397862652,0.20903918308408861
0.38953068087710174,0.2074745942708612
0.2974746399933255,0.21537300378734706
0.30601704329231266,0.2135819178104124
0.31182744851604866,0.21190797048422297
0.32603378526372134,0.21083505557328464
0.34901139047801705,0.20856085435384641
0.35854992672992836,0.2082854232232946
0.3302731072972379,0.21005159725178443
0.33332730877157707,0.20937875372269818
0.36346289766387574,0.20782090698966432
0.34159411798852723,0.20908277691072183
0.36918735620209536,0.20759008864377865
0.3335827795971075,0.20916940010306465
0.3788713582954054,0.2075019884087012
0.3789840167694228,0.2074815006714856
0.34471017940739135,0.20882078473841376
0.35989492793096334,0.20810344083397928
0.32804375896911114,0.2104409941165511
0.36861193972409056,0.20779217021306828
0.33000959592489265,0.2103339590479088
0.3273526790997762,0.2108046919889615
0.344109401690603,0.209038176581065
0.369179595770898,0.20770079595677818
0.30230199532861024,0.22656732480602051
0.3627460366834212,0.2043310753943767
0.3311696941613672,0.20484730777010343
0.3024423623946166,0.2182693978793308
0.3158438077217708,0.21091192711781984
0.32956338989416023,0.2076314434031484
0.32142039848039805,0.20898576477617886
0.30313622004355256,0.2177991825554609
0.3116881000627068,0.2151340993636804
0.308206112410595,0.21646815048009
0.3264313329744061,0.20876300129142178
0.3148230340417712,0.21338631210788073
0.3119559302040472,0.2135194596454195
0.309452429599019,0.216241724117258
0.32342010382523617,0.20894587910863022
0.3139591709657729,0.21340755690393445
0.30927954248860273,0.21641961418912245
0.3766309672333171,0.2067112401063792
0.30972363508583384,0.21702186969730553
0.32172680951729277,0.21354437800821457
0.318226756612194,0.21654520447483616
0.3586779587419014,0.20795619233621315
0.36992772377726857,0.20677781941913406
0.34140935989073967,0.21049056009196962
0.3481145320053666,0.2097762339692488
0.3537375118207648,0.2083603596916587
0.34900627465062567,0.2088682895661205
0.33190163665635464,0.21317167711548776
0.33999900086350315,0.2121421363037601
0.3342596907469739,0.21285848013885397
0.3385532217430754,0.2121570410768085
0.3323885414121919,0.21297354504678784
0.3659710733853603,0.20525300150717515
0.3047020014769163,0.21387902394599864
0.32912587000054255,0.20666529820318724
0.3477026064358634,0.20656186999838203
0.3226225577244217,0.20929629652047338
0.3151158160155356,0.2125509223209566
0.31576005818653025,0.21021521533247822
0.3598734759227942,0.2053001806074431
0.37243280295980064,0.20698854597193406
0.3074492697258782,0.2170079818683408
0.33148628868043134,0.21181120821066352
0.31377308041804647,0.21356483380828686
0.33180180603611514,0.20927146759238854
0.3165348879959793,0.21242948432094821
0.3535774771653901,0.20797777121581892
0.3425432402568676,0.20906770655272777
0.36741314689270754,0.20785044397976327
0.35019306100048053,0.20876815510516303
0.3163425547349765,0.21334568660179512
0.36936836849081156,0.20721902194126482
0.36774097265183164,0.2073634992222663
0.3090889074220934,0.21758476475287594
0.33918777357027197,0.2078669415978305
0.3247190595235212,0.20885693817976897
0.3161695694704538,0.21470698651963463
0.3235614109193444,0.21172829590608963
0.3235572936471344,0.21406643717809032
0.31269049734931736,0.21660092531784195
0.29605407009998275,0.22735568703304015
0.37218422281833474,0.20802597190353486
0.3389987465218003,0.20868421788233799
0.3279012156564539,0.21126773712999483
0.29613257889572053,0.22224265418090486
0.29858244874165346,0.2215303897004119
0.3156905637880848,0.21170293825854294
0.31226514184763937,0.21239008947860935
0.3012121215854695,0.21786768993388975
0.3120052598215306,0.21577659630971877
0.304734368648148,0.21666274911510053
0.3025177925607281,0.21784914877149925
0.30857598132495356,0.21656253357846758
0.3102082022049799,0.21627535917666885
0.3554747647350577,0.20422033269238143
0.303291822316329,0.21484340826005452
0.3088751123779601,0.21256006646527012
0.3195607543280845,0.20978322847529857
0.33624669168489246,0.20630284602017174
0.34761925747019345,0.20620204755997287
0.3524933665031867,0.205314924433938
0.3210640523413136,0.20768727772528633
0.3263845588689204,0.20696860452630403
0.31365072343722583,0.20998111843498193
0.33097631308208486,0.20656198350509045
0.31268562911755104,0.21106528794067306
0.31124321890768103,0.2121633956795634
0.34980347436414966,0.20587833780397574
0.32286468997937956,0.20767731246493748
0.3779231360113761,0.20384464993515172
0.2956107054073988,0.21868155886678764
0.3588288081423082,0.2057184451725459
0.3390387259019534,0.20694547924332823
0.31912109366201885,0.20877341409341618
0.3765701988158653,0.20470854948689632
0.30453967602006654,0.21668634836920003
0.3175689001912044,0.2110577159760791
0.3343767664012283,0.20782770352763225
0.316631146653154,0.21263320509335937
0.3112041434241367,0.21331298077381528
0.30813786567211204,0.21570184519934765
0.30923031768903414,0.21444109225698205
0.3346232710735531,0.20764283042300213
0.34943567144277776,0.20596171631431795
0.29544843129945775,0.22934992494821535
0.2976402048127882,0.22465368502477204
0.29890561341412947,0.2212097295971694
0.3313766939069131,0.20705330209516482
0.3189741783815554,0.21056091100603894
0.31013049324189185,0.21637823229364717
0.30070601371476297,0.21879826748493567
0.3399890393254887,0.20682185934066172
0.3105195152585181,0.2130609285250513
0.34221752188696825,0.20656447022697438
0.3243838475467658,0.20995093406044196
0.32893453190752237,0.20849237155765518
0.31590721219577095,0.21244166247805651
0.3060039642432738,0.21703533576778355
0.349423588223166,0.20619682604578235
0.32773065535719464,0.2098454262868335
0.30281090522086196,0.21726659696003084
0.313715303989665,0.21298045812416092
0.3029529875069249,0.21707938910480012
0.31461201024621976,0.21250127944578392
0.30984994290811346,0.21626704346167355
0.34924934344225483,0.2039355345511187
0.3190887378476479,0.21084775547797774
0.33197610362757407,0.2084471965069249
0.33510487992699844,0.20618350883735098
0.3134801339110579,0.21433452624134067
0.3445116719071427,0.20568644285924295
0.3264484045386227,0.20986380588259246
0.33296358052179853,0.20644270260088715
0.31751042399917245,0.212981354619839
0.31082831000116123,0.21524802925145767
0.3270555894765582,0.20906798501751936
0.3178415639610921,0.21254907480478014
0.3486023337207912,0.20488557065876875
0.3452107464096424,0.20525877804123674
0.346848752764478,0.20494968751179968
0.32695294559539845,0.20984379593015418
0.3072435608855759,0.22303169876674586
0.37296244742194384,0.2083665160662765
0.35512405505270356,0.20841550224529432
0.34182524402821224,0.20857990651545327
0.33754056834168583,0.21047863205032677
0.30967542492021244,0.2199407858808726
0.31011153196836133,0.21623722046068947
0.3185643106571307,0.21304003358986626
0.3146615678704738,0.21383530133644976
0.3263366189643912,0.21165117420373072
0.3271280354726639,0.21105835989182098
0.3109622827907612,0.21539345879224955
0.30962216131840564,0.2222849232163816
0.3096351121406223,0.2210192604407272
0.2962628880158949,0.22855318470617644
0.36001979479724827,0.20759727766191038
0.29823744631800697,0.21908648377163692
0.2974458770986352,0.22631150817288037
0.3430773427925249,0.20891964381519995
0.3224185345007651,0.21234555530694052
0.3072806778363838,0.21753378963561626
0.3303825275704971,0.2110752264842799
0.3112756134502465,0.21657584504453997
0.3171557148797144,0.21407926487345846
0.31562567876465447,0.21550168264456346
0.33661857208922064,0.21022893507045323
0.34265274843536364,0.20982804929043086
0.33432318745773976,0.2105774809744363
0.2969782714110007,0.22726777937429823
0.31650698421071494,0.2146451655565445
0.3775050551461016,0.2086252222977182
0.30328320970425404,0.22542296756656857
0.3306329747903272,0.21113482064289382
0.32217063727359646,0.21664435076969715
0.3594211691638302,0.20981145126045123
0.3693995175753355,0.20941441724304866
0.3123190059054252,0.21718021704849544
0.3450484143829618,0.20985144625132662
0.3116631071691138,0.21952143655446732
0.32652952978450706,0.2130210362892907
0.3094499202012638,0.2224404687285525
0.32318575545094747,0.21416488372734543
0.3106310063303566,0.22124864018749874
0.3471711669517327,0.20984997922619691
0.3088032519622944,0.22441871795614446
0.307254209930154,0.22472179891641617
0.3253021546028765,0.21381592386554477
