0.3965705751559385,0.17061466164077893
0.43813837250884513,0.16420187133349107
0.39924081761380825,0.16943905377957644
0.43019920152206426,0.16449887793826012
0.4279904367062268,0.16559484869154215
0.4119631999055087,0.16614976077026886
0.4058311892054664,0.16817622550723876
0.41034670476954105,0.1670363121509869
0.4287801983554212,0.16500346867272866
0.42025934489268196,0.16562637060512528
0.40707425985701373,0.16731811848400754
0.40268414802723956,0.16928188960106677
0.40524686856068,0.16871294392191635
0.41519670983188056,0.1659997141188311
0.4043345672820938,0.16906790921939657
0.41799187519791964,0.16597327982353896
0.4082864453819212,0.16717001764213185
0.4202529579929367,0.16582961811865626
0.43652634003870144,0.1637107745131871
0.404450906948573,0.16777771411693942
0.4109649633183218,0.16591318071488795
0.40916454457842805,0.16744914655319218
0.4185810400863623,0.16508104124901204
0.4160498327627673,0.16559204369500488
0.43376777020902996,0.16384455947946422
0.4218002298028162,0.16466413014378475
0.41632083218914406,0.16535143122876556
0.425225810744649,0.16435685456036947
0.42951273746108887,0.16394544983454667
0.42203451667733716,0.16453508577101264
0.42794452417907325,0.16415739214046585
0.42651496967655417,0.16428125765299526
0.43606466687175416,0.16377470047427148
0.42848198068274396,0.16394560508094352
0.40850418195397414,0.1681079485176172
0.43573360303573044,0.1637536746709762
0.4114438087913177,0.16703252509997535
0.4255624943175082,0.16476928098496085
0.43242632992496965,0.16375996076447433
0.41340703496669196,0.16636140573205177
0.41958056265617927,0.16555765003414014
0.42860150353497367,0.16387855232568022
0.4217980203648139,0.16511977245870352
0.41075545976824934,0.16745430057207542
0.4088002713421526,0.16777115127323863
0.4144168800095364,0.16627750494950636
0.42201656412571964,0.16477984580986973
0.42567268690055343,0.16401439608674992
0.4190805514166442,0.1662660216019273
0.4194755840785562,0.16597610243810296
0.4258134995903324,0.16391503340498378
0.41917919064812503,0.16624651763227669
0.4337849186145275,0.16327492045808698
0.39994912363127544,0.1688803158819237
0.42923724034842753,0.16369095086834545
0.4225121068701637,0.16405494192552222
0.4098104724241006,0.16599343010999637
0.4117419746711161,0.16531912018548267
0.4143483766416535,0.1643045331950584
0.40436410389758126,0.16686788718440423
0.402077134683231,0.16767751783766252
0.4244486321884153,0.1640379944589564
0.4001103512633352,0.16802589950159685
0.4055298625177682,0.16618241314762427
0.4129926968891445,0.16462898493522118
0.4049722409412397,0.1664343502913651
0.40191374400325264,0.16795180489543277
0.41424656922126624,0.16455065528190632
0.40251354110961923,0.16915918974932032
0.43126203802211177,0.1628628721641533
0.40836439243713973,0.16531535532942204
0.4069345930912141,0.16663761516029313
0.4038618458338904,0.16766005806746231
0.41407850290773435,0.16445848377467795
0.42760563181638145,0.16343493785027954
0.4211419163810303,0.16399900430143072
0.4160711795889131,0.1641836374045249
0.42309633104744815,0.16357120454563315
0.40305040212204724,0.16911376374800866
0.43182876586140806,0.1638764377994498
0.4017739476031067,0.16984620631491174
0.4029376762777707,0.16632703746582198
0.4028093492607389,0.1694078646330959
0.4180407932286212,0.16426255989699332
0.42401882765242377,0.16415735069899853
0.40800641437854973,0.16625098220440987
0.41595230462041227,0.16436578447594016
0.4259800601554375,0.16415717517969558
0.43101473562177584,0.16409669284208273
0.41415494254392216,0.1649882128044843
0.4080128004600877,0.16572404730856558
0.41075946289993703,0.16570092442492354
0.4121276876685427,0.16562793782040963
0.402349090574491,0.16944792947800524
0.4134880614445309,0.16555214222748654
0.4139466354880763,0.165277475049564
0.41371883664803405,0.1653442793304756
0.40669665798589905,0.1689917327307553
0.4398504022958705,0.16489122988572105
0.4282604379105631,0.1659847443336582
0.43068933843517665,0.16539253802878986
0.4112679000480341,0.16815503906500695
0.4173059402650462,0.1667080926295436
0.43505246433816286,0.1652339235956293
0.4135169291166554,0.16812833181664313
0.4146330631947478,0.167311132116886
0.4144818129036742,0.167367456408706
0.4249501595045494,0.1663722123790318
0.42136766241612034,0.16664237260174988
0.4383734026737363,0.1652325258964804
0.4238002956929904,0.16652966884237208
0.42288687361123906,0.1666129265291089
0.43926077090577753,0.16502355179758516
0.43869815752301194,0.16515262754565557
0.4123861380207944,0.16815345267055143
0.4247731512602624,0.16639639808158369
0.4016665659293698,0.16780824108073394
0.42741967592491026,0.1621486038564519
0.4020311471398527,0.16645199378131825
0.4164109924643376,0.16374909977308696
0.4194453957423239,0.16327429016614597
0.4111507783998309,0.1642710916360249
0.4250302476447187,0.16289943106628127
0.40848866558042535,0.16460866397506801
0.40517449478901124,0.1656794807403562
0.4070595263909404,0.16540323141678426
0.42693338667537495,0.16255912239726847
0.40563992154045714,0.16555187418294035
0.42701533711128087,0.16219276607323588
0.4028308519141332,0.1677765609462976
0.4275618681809928,0.1632761583781652
0.40589242105738144,0.16603656586289386
0.405688870769804,0.1674127005717964
0.41364270620016563,0.16577244610506758
0.41665146015170035,0.16554010373806194
0.41994855181396046,0.16473616337998623
0.42398646718769273,0.16451162308916667
0.4272608938573522,0.16388667190558437
0.4199442074379446,0.16527340006962912
0.42448908306302763,0.1641296927623579
0.41386172368616636,0.16573878363930145
0.43380798396547887,0.16353752833423424
0.40585266413221655,0.1695495250441081
0.4149294140162638,0.16562722978238711
0.4212859487441712,0.16507515578169543
0.41488500159038183,0.16672335889432238
0.4114833910121187,0.16712208031735265
0.43108113942959286,0.16405608251634382
0.4085257543472407,0.16854106297163896
0.42547795120215626,0.165036476096717
0.411351241628208,0.1680312511023959
0.4286447175257374,0.16480381434047445
0.42935096894117075,0.16450461563541804
0.40879585314887834,0.16829114286415037
0.44351281152714456,0.16258859151349955
0.40397861280655206,0.16763934078758974
0.4216723470484768,0.16435418585702677
0.41259816968730545,0.16535587444324032
0.43349941266091796,0.16313224586970415
0.4425418714946558,0.16297065050470236
0.4277069216634703,0.16396668717388554
0.4090242446771066,0.16637473027871208
0.4107266399484643,0.16602422991614466
0.41633435357106735,0.16498680650688957
0.40880648174858836,0.16727914275596784
0.41600427827791403,0.16507830480452304
0.43132719350621757,0.16341796396880692
0.4071437482499369,0.16750054646221818
0.43016401410308414,0.163717736646617
0.43337486963410227,0.1633784347255373
0.4295434903761023,0.16385764859806787
0.4431727475942455,0.1628523832489461
0.4079988687288331,0.1674285618269153
0.3925991400403155,0.16883189542338056
0.4129100968134868,0.16290031196008192
0.39596638724769306,0.16690927161579105
0.40094727417411835,0.16493322389811985
0.4056562680182674,0.1645125175234547
0.3993971652796666,0.16613225713358096
0.4100685289287701,0.16437770461700918
0.3978042583942489,0.16627941930635104
0.41122609506655067,0.1635304951206845
0.4106978429945138,0.16401898891358155
0.40611886672446995,0.17046102717041722
0.44101670105960533,0.16458190294356156
0.40753397973525,0.1680581311379232
0.4244611910639823,0.1655583280637126
0.4170142669077816,0.166420384295058
0.43930463484373344,0.16471982696018833
0.41447497779553566,0.1670565563091388
0.433221954758728,0.16472117031867411
0.41997254820301116,0.165836858966015
0.4279644106812459,0.16509181957356178
0.410253727264482,0.16774491028790542
0.4322904832745527,0.16494247584840488
0.4109087301319365,0.16764482268393185
0.4298413405357888,0.16509159981431343
0.4121019570174087,0.16712612698497545
0.4182535597031175,0.16618371981708618
0.41945311106877936,0.16609781319664274
0.41260127931602053,0.1671172815698043
0.3976249076695219,0.1699736838466385
0.42820212055939216,0.16357795042361148
0.41894724523596344,0.16421076274517074
0.40164062577189646,0.16887551249726335
0.4140221976241307,0.16455626215350594
0.4021051856717293,0.1670375731617567
0.4251590950382695,0.1641699075653108
0.4100340028082032,0.1656239906255424
0.40383862414641436,0.16689276470086045
0.40515559956413993,0.1663139932984704
0.4130995280354709,0.1654946133290154
0.39971216138824694,0.16953144099676273
0.42595928275169803,0.16379224723786917
0.40824957101382336,0.1662781477952151
0.4010409163478755,0.1694121701283124
0.3977326392236016,0.1699569595624607
0.41272539612062514,0.16557984802424383
0.4075407924460172,0.16630625163246787
0.4401579359929924,0.1621551373539925
0.40173694527118914,0.1684334210812861
0.4022223958901405,0.16707027853498707
0.40904163097209734,0.16510819193437948
0.4258884533850269,0.16347254096065097
0.4146283061614091,0.16412001067341356
0.41334513374954335,0.164744269398185
0.4084986283042725,0.16601875807773986
0.43508841291585776,0.16297397457985596
0.4216992927410805,0.16394641288267514
0.420615753980198,0.1639681831714875
0.4358809104240666,0.16255666474468056
0.4319635180537778,0.16335765904792177
0.4050010092342215,0.16659507559071973
0.4304396810622632,0.16336273236294244
0.43964096104615,0.16255045355482728
0.4054717643409189,0.16608169455685226
0.40524371417717714,0.1664487651816026
0.42753883902397455,0.163698477311724
0.3969621725124404,0.16850694429907695
0.3986947340678081,0.16743002002893712
0.4005718476496352,0.16705836283816286
0.40516770408316316,0.16603464222624512
0.40410170531030803,0.16670784769632718
0.4080430430971943,0.16560701405316489
0.42352952115652004,0.16383431066150247
0.4193041813960108,0.16439860924868893
0.40416437896394747,0.16631653322266868
0.41513289485258237,0.1649982319102305
0.4173338960768251,0.16454642970410938
0.4155299922755241,0.16462548814630365
0.4219183267846685,0.16437838282106373
0.4131363873126024,0.1650712518052815
0.4125114578972507,0.16524572454549633
0.4223011750925402,0.16416252903775286
0.4101071582081157,0.16551864924453163
0.41093689866224126,0.16530033556256002
0.42338911435076426,0.1640644248400031
0.410675567300395,0.1654853025635512
0.4048736260676626,0.16879335979311252
0.4331329659655817,0.16242408735128305
0.4071821452231072,0.16666842163416862
0.42839864748356066,0.1632106862339482
0.4214265004949633,0.16329255737392573
0.432223735033802,0.16287409062163058
0.42006336633104124,0.16404410697041366
0.415134750929886,0.16509573114830547
0.4091670268508558,0.16619712074896464
0.41444532201778667,0.16593805181216637
0.41892440879259485,0.16420634186131347
0.4182045953760199,0.16470411435159624
0.407952958136902,0.1665276106325773
0.41164483211462144,0.16614323868530692
0.41695327564951645,0.16483743760365482
0.41665366316377733,0.1650342696826159
0.433016459030851,0.16244537262074377
0.4129191097338428,0.1660676160353142
0.41416037065658257,0.16597399640543595
0.41216490281444246,0.16607082503193246
0.395738232883016,0.16735259496240756
0.4324503449480346,0.1628074559052181
0.41158047917814444,0.16370564795054154
0.4199350573028917,0.163123203800554
0.40142509835203,0.16632287443862778
0.42817669370348155,0.16307496281018438
0.4051476780591742,0.16543537587433627
0.4110657175203494,0.1649874341992153
0.40065293126262724,0.16690932850105852
0.396448840592265,0.16707801702739553
0.40821352035211134,0.16533920855556927
0.41051209567684477,0.16533483651724729
0.4064325279480291,0.16540346503431744
0.41071737658112417,0.16511310145058766
0.43114649397832683,0.1641801771443947
0.3989226410521701,0.1687770955296869
0.40708192029626655,0.1659324508203139
0.40470886413797685,0.1667834257305942
0.4136006202101621,0.1658435985658785
0.4297724646386262,0.16440443075716674
0.39941592140726107,0.16791374689584068
0.4024598017014195,0.1674579163214456
0.4194560347742777,0.1655101132864984
0.40248895475304824,0.1668988281692496
0.4256958182238369,0.16453936504101913
0.4222147222318832,0.16538557002558102
0.4254778252598768,0.16476520487417762
0.4159016586867801,0.16554965907319533
0.42377290421889446,0.1651168317054539
0.4000859195565203,0.16764307057897407
0.4146603279711414,0.1655967298303616
0.42299105152970334,0.16513794753099606
0.3996090234869861,0.16773839704381963
0.39545327437836997,0.1703817582682786
0.42926728779966183,0.16362619208382037
0.4054960775529716,0.1659597395431393
0.40433613966503223,0.16715692432910356
0.4159826829177936,0.16472779018887782
0.4094021186803556,0.16569016858197608
0.41997884946214775,0.164475737497175
0.4240965608135278,0.16404180646938507
0.4126353746974962,0.16513380926921073
0.42754650100957653,0.1639354351304232
0.3959832959446222,0.16993486499892663
0.3966205564006112,0.16910489387107241
0.3992426427493042,0.1676477101991529
0.42105794495789045,0.1641682298854719
0.3977839178351432,0.16814740639629422
0.41131605328851506,0.16527778924088443
0.40099570764814163,0.1672063904754404
0.39695028063933674,0.16841476036050715
0.4007629465414103,0.16747466991495635
0.3968311601100243,0.16879338418699724
0.39560260969928324,0.1702224165781814
0.40395747825564665,0.16632116298502966
0.43471828471447777,0.16260445993018888
0.4241616946573294,0.162683679821334
0.4059162268470801,0.16565477092163944
0.4323512091137554,0.16267559884431143
0.4151581582132859,0.16421819718877412
0.4212720789079773,0.16332399920355764
0.40846844801014703,0.1650908574292253
0.41768457453030605,0.16379893521495695
0.4055611944314004,0.166260628539536
0.41276748942461194,0.16448493378727883
0.41851671239498545,0.16370678168173186
0.4127540488852885,0.16460341049828794
0.4101000911184071,0.16478332204084814
0.42053150495416497,0.16352121684285487
0.40981304842641286,0.1650400815774637
0.4206102079219574,0.16351838125200635
0.40985721914027584,0.16483246043751187
0.41009357123790063,0.16482058214981593
0.41351650622229424,0.16887955961722947
0.43287003366010646,0.16404321683228487
0.4321870250734699,0.16442868679014327
0.42509068775388337,0.16467842421359805
0.4174066221198046,0.1664173804174391
0.41351705232293007,0.16781138391814168
0.4246711205754305,0.16502698600386342
0.4189949532491786,0.16610107148049394
0.41527371466844437,0.16706933636691806
0.42024726959866665,0.1652212106410737
0.4199716861045359,0.16536588854191198
0.41431141798011367,0.1672890602403551
0.4027898440756713,0.16676914006954327
0.43866301050384926,0.1628623776212987
0.4061652005828064,0.16573333798112175
0.4182406670382342,0.16419630479559183
0.40387007024923427,0.1661739649650582
0.4096605293951786,0.1650264727831399
0.42916963002122155,0.1632518517144556
0.41647510103036184,0.1646498002712972
0.4377493608719992,0.16315405935734062
0.4315005998837721,0.16315464819172018
0.42405177710513275,0.16345479424771747
0.4214114689177804,0.16371720608093654
0.4139348332885409,0.16481244294816738
0.41158542982764934,0.1650206276944264
0.42348324485825983,0.1635643208157723
0.4219010056742589,0.1636889521183328
0.4104014371872359,0.1650222663000671
0.4039591927833039,0.16978094519384435
0.44015686944528676,0.16397005236127082
0.41010768147795446,0.16753225989112805
0.41354543437776253,0.16702677057836543
0.4136239888516912,0.16607281203392435
0.404528196015652,0.16869194291662284
0.42584578750806373,0.16468643639089114
0.4223333205381534,0.16485042967977614
0.43011190113966097,0.16440763122858443
0.40775694234388765,0.16829051183233582
0.43439504842481547,0.1640854651825294
0.41830282595853413,0.16584204327442761
0.42155670973125975,0.1655715740194387
0.43365840840831843,0.1643932011539232
0.4064029794722182,0.1684518374302243
0.41962543639273064,0.16580123412364242
0.4209221942693414,0.16569264460217353
0.42034139702893325,0.16576628443310923
0.3985594252458085,0.16838440307744582
0.44837397695529047,0.16355349735325317
0.4085946346987317,0.16475612939526726
0.4205182974845653,0.1644610379242267
0.4014838660206143,0.16774652895777262
0.4395388896740666,0.1636984392452443
0.42800639616786573,0.164292655678229
0.4070216069921541,0.165960911831655
0.4025743571859781,0.1669642146023825
0.4368738004190088,0.1640320662870768
0.405566414074454,0.16644779292376147
0.4342120150409063,0.16420986397027104
0.40682590842655936,0.1659683759832459
0.4048059223884128,0.16689787265878195
0.405233693930515,0.16667748080138642
0.43437178098597357,0.16417907221771888
0.44000085473087286,0.16255591785851697
0.4007595353545077,0.16922784615138242
0.4177323160977018,0.16373878776491008
0.4239854089190307,0.1635463403849324
0.41416051377501517,0.16486490232748102
0.40322785273868694,0.16876517957846324
0.4338041567730908,0.16264813142661833
0.42860321653131284,0.16327670338791833
0.4037008266463964,0.16771231604112335
0.43184681652266055,0.1631238762963062
0.406091977381612,0.16653314091084181
0.41079383190618435,0.1656223747573001
0.40912331119076994,0.16607670906845048
0.4052414996850558,0.16730953182477978
0.4130935128244206,0.16524626428654138
0.4130827361140288,0.16553432140195412
0.4066112501091483,0.16629319422779387
0.4047424208512165,0.16731174317502476
0.4085239710214418,0.16627793069455538
0.4330566412911687,0.1636763338247183
0.40166381893580455,0.17013777308953942
0.4040411972805456,0.16677541065142293
0.40291685909693065,0.1678914204324486
0.401784596666237,0.16900196214537813
0.41698100852566417,0.16446065999327344
0.4228230679182551,0.16406090651211658
0.4093724341141884,0.16622991069495766
0.42826409697754264,0.16377845125404256
0.41258209985630506,0.16584385383361405
0.4152236502315751,0.1654863332316443
0.4251658246984874,0.16402494210316584
0.41686126383729344,0.16527436937463538
0.41051863395971455,0.16607054088813641
0.398920350200974,0.1674588905194425
0.42893280883944473,0.1630798979972073
0.4191647182238744,0.16371818832211052
0.42423193364256,0.16330417769434932
0.4156343652296724,0.16414730297285215
0.4028855134917968,0.16635566596615523
0.4015873293397387,0.16683573267665547
0.4033337638090564,0.16584702742790133
0.4106961349032937,0.1652207901855462
0.4057063452479331,0.16583291863429891
0.4085924862851038,0.16539770658303996
0.41403762271297784,0.164315833644878
0.41286856760718094,0.16449179746914744
0.40064413746839245,0.16699220124278114
0.4081166814422745,0.16573052482419573
0.41269746464873897,0.1647275470063144
0.41138404706858106,0.1649729380227403
0.3993131491553057,0.1671502618866943
0.4122249321871904,0.16495199940662506
0.40849304898847705,0.16567558170103194
0.39941909788092345,0.16708939691115632
0.40445414720996836,0.17101531942463444
0.4457841125317212,0.16429428182104996
0.43877037310322864,0.16439242662298448
0.40823596608777846,0.1689880476387913
0.43555095856116255,0.16492303811376813
0.40619313895380377,0.16983660683692026
0.4262240611130927,0.16562759656676115
0.4056819203675009,0.1702822408929498
0.42131177877076037,0.16609536883444861
0.42179304357500225,0.1657320090370308
0.41742500114358266,0.16643866579986738
0.42813239620909865,0.16527301172314288
0.43144612363767876,0.16495721132448699
0.4168689787951787,0.16712428469150845
0.43041394330266863,0.16514677880721035
0.4098002469942088,0.16866514794051618
0.41264035516970177,0.16795126085691656
0.41739344094435643,0.1666908664614958
0.41437801945616237,0.16717700169684835
0.41334158388897363,0.1675713520921481
0.4109430692840887,0.16797169157783734
0.41041219970410553,0.16831499073509495
0.41435039326053763,0.16747745037917666
0.4098667802637587,0.16845208098970227
0.44061423652826043,0.15649404314090584
0.4597911891487966,0.1532479891986855
0.44820739629099515,0.15429359055921787
0.44126844186834907,0.15579158044727137
0.444346762690238,0.15556025101431736
0.45705510327349075,0.15326995473108765
0.4453438673392915,0.15484366576712022
0.45508149383003144,0.15373938279505034
0.45303946007276563,0.1541779925636475
0.4449859864988361,0.1549941178418396
0.4540425535223458,0.15380545342843538
0.4531378031190686,0.15415647990563763
0.45416433574331794,0.15375526207817308
0.44108581778288986,0.15660392549954297
0.4611593146123746,0.15298674183424496
0.45905264756223785,0.1531722097530919
0.4419875008799111,0.1554941225819353
0.44131612272632736,0.15613862286830618
0.44640895712022227,0.1544878244721379
0.4568367065888561,0.15355083279911905
0.45249759622310126,0.1537136566532584
0.44345923403363896,0.15524127439880922
0.4452059245061442,0.1549643315343029
0.44885822400468267,0.15423909921278134
0.4471670451205102,0.15426667880677
0.45511038253975206,0.15363296164543125
0.45190570835553084,0.15407748820985648
0.4442832754997428,0.15497968577314106
0.4510065512416309,0.15423613225848415
0.4555129490847476,0.1535715078464963
0.451358852282083,0.15411618275449881
0.46759766930661556,0.15240996950032698
0.4437647333303512,0.15516841751940286
0.46258538340249516,0.15257646917387846
0.46155649546050265,0.15279887982315024
0.4483235130880138,0.15397529560170034
0.45764020285863766,0.15291219526324012
0.44797082963000606,0.15442996980189344
0.4490933047819748,0.15369935219126563
0.45161273109624744,0.15362793245496348
0.44486596300126957,0.1547560918932864
0.45723569991414836,0.1530937748519288
0.45224212974787276,0.1534059601025895
0.4540353440679451,0.15310930274526435
0.4530046122825862,0.15318538643432603
0.44619917043779667,0.15450895312833765
0.44537904413173496,0.15469867005803434
0.44568425866863753,0.15456018439062555
0.4663901018638509,0.1524341710542954
0.44737002007805815,0.15508043868443713
0.4596579564932148,0.15261252937742387
0.4519347712362786,0.15328372997569195
0.451684197875622,0.15392701863860028
0.4635928360882243,0.15248287643303582
0.4578313277067601,0.15269917751787798
0.44963386857088267,0.15447424866894666
0.4571862490885594,0.15302187930901354
0.4494696981119162,0.15483237094779603
0.4537324056288584,0.15321184357358364
0.44845121512202674,0.15490640048756185
0.46460438905334644,0.1524657789058341
0.4509735214446046,0.15411927947312345
0.4505671754252502,0.15429816182835257
0.4559530938372988,0.15312116443271456
0.45558751014013793,0.15320391109775863
0.4505673060805852,0.1541980708664214
0.4665279583427435,0.15313510388380705
0.4443411221214026,0.15539049296205787
0.44666830594442963,0.15492485141776025
0.4554607194810768,0.15367700630363393
0.4479373297108493,0.15462315142520006
0.45049153831113886,0.1544933800378839
0.44588400046181,0.1553652883554025
0.4533269729373653,0.15404370623119135
0.4510567753385314,0.1541653714859721
0.4636655296293701,0.15328956388872234
0.46246728701012957,0.1533528324360144
0.4600419600668854,0.15346210969938776
0.457995212270925,0.15360934722046202
0.4596802203648336,0.15360278723434434
0.4529962547667535,0.15410533579121108
0.4548685200097662,0.1529895510532896
0.4422940873049125,0.1547878725747406
0.4537644736479305,0.15336169984816023
0.44447073667715037,0.15435935550130947
0.44928631370268146,0.15338220183371176
0.4475404602846788,0.1536672984584257
0.44288099823435456,0.15463665270025487
0.4491673678245199,0.15352894440053255
0.44641382913330757,0.15423196845310028
0.4475260410162617,0.15405959778649372
0.4471382784445421,0.1542190927712903
0.4472459237486119,0.1540691587738874
0.4467687940040897,0.154226586625765
0.44529826775434683,0.15615089546096325
0.4645235160520194,0.15270970721462973
0.4502948642086542,0.15467404678486693
0.4457652942718135,0.15580808090228868
0.44761874384111133,0.15528052646944726
0.44821532879138953,0.1550596233246164
0.4570196222019197,0.15339812784952023
0.46217278699009245,0.15324015998481447
0.4598407512033732,0.1533327026968466
0.45256858991946625,0.15437967496187557
0.4568110055148672,0.15384076122327467
0.45572499329297067,0.15393461612232343
0.4619540982822676,0.15329748311680824
0.4531716660217465,0.15431334992334772
0.45472499751252105,0.15425642907842912
0.4557014282328691,0.1541804425593796
0.45548912647128575,0.1542263624769616
0.44949076448864755,0.15514520367781834
0.46554155512572076,0.15267961734023935
0.4640857263523199,0.15298303413074202
0.45693136577699117,0.1538796430227265
0.45397708950695614,0.15408914713270735
0.45945483153387584,0.15345605840469903
0.4507086645335474,0.15496101729693468
0.45222172143482703,0.15479688232245525
0.45294486834392916,0.15454434298666317
0.4529711412573304,0.15416832880456688
0.4617012981413601,0.1531945380702179
0.46169186227730297,0.1532225809021354
0.45885562744673086,0.15365919990167123
0.4585736939720966,0.1538535033528709
0.4586250618832029,0.1538482171429132
0.44278428977511486,0.1570548548811228
0.46569686761130485,0.15250945825990855
0.4456804599827201,0.15501520068234587
0.44867655484028,0.15422524497685794
0.44500673000459035,0.15656763116699618
0.45937282593060524,0.1532596681636555
0.4553758409223872,0.15411579520421273
0.46427056392586874,0.15325253314590084
0.4649885349236771,0.15309292626849044
0.45597586501058057,0.15378014214047894
0.45840047010712254,0.15368323847977797
0.4587042346461176,0.15367149200945143
0.4653687879891036,0.15266934148799588
0.45571725942868263,0.15394033131039225
0.4556592348226541,0.15410240346366427
0.46551247486582176,0.1525877251131116
0.4783278888428168,0.1530216943907851
0.4455911886202511,0.15624109100305475
0.4723573506809277,0.15317005464682745
0.4663774737764897,0.15326898570510053
0.44771906298779085,0.15563453653044018
0.4523622822604164,0.1546344541176789
0.4475895101452807,0.15624049078318047
0.464823372340053,0.15352178004094616
0.45133803473985756,0.1550257755238919
0.4492459600131825,0.15539600181023888
0.4564020739153431,0.1542239519742611
0.459322692076653,0.1537913508859233
0.46147355980242416,0.15358623618051528
0.4540042136784856,0.15441394483180007
0.4577450783249193,0.1539146102730633
0.4507088351660836,0.15517910281851038
0.4608418782062645,0.15363274995014536
0.4494633715309336,0.15526264077843857
0.45465605794631914,0.15435923933224083
0.45598544310302747,0.15428073120011332
0.45777186238835216,0.15386430166393147
