0.4589900250667459,0.15288095456773418
0.44127746423536396,0.15525363011860435
0.44643163592601276,0.15445183266989843
0.44636824391886387,0.15511839438649577
0.44586274525639974,0.15520932841904375
0.4515932500075744,0.15371218271589834
0.4507950510117564,0.15392493719551573
0.45373434244034094,0.1536027077872089
0.45659316243913267,0.15305843170670477
0.45015019538714784,0.15418472889745488
0.4539808852310091,0.15342499436103688
0.4469352180376226,0.15427818281842876
0.4490444555668625,0.15425150258330067
0.4581298815224453,0.15296392179597867
0.45559876451743436,0.15330159206632119
0.4559747198535916,0.15328170593877252
0.4643154670344803,0.15306035816484137
0.44323704103780703,0.15647051231983655
0.45188994516269876,0.15412313762156582
0.4447498542530475,0.15588346222797286
0.4593338462365731,0.15332205231945767
0.45511342850161707,0.1536608376059068
0.44849221361699076,0.1542524734255668
0.44398631904983554,0.15637493485447784
0.4465030981382395,0.15475984611527754
0.4627009340677289,0.15330634496690537
0.453651082003369,0.15394595147652004
0.44584919596400235,0.15507221361310997
0.44770466812693643,0.15459403543204267
0.4564472533643436,0.1534773807819506
0.4575706396563751,0.15341194042416126
0.44530742724066524,0.15523265760752217
0.4638470308561512,0.15328362521006364
0.4448943392950047,0.15556982670318228
0.44796743761959773,0.15433715753243848
0.453624212371092,0.15408824558799156
0.44522386526755897,0.1554794334551919
0.4436860259178844,0.15528596459889205
0.4665797636830892,0.15337796007083926
0.4462797325451928,0.15489271748369596
0.46097446317244956,0.15339230748265337
0.446299309430768,0.15437941272642636
0.45596661030875923,0.15351763338706867
0.4502400458017984,0.1542132978299763
0.44757677025411535,0.1543233786232983
0.4452389563903395,0.15519918768749696
0.4545717023054154,0.1537942032559675
0.45832772745381467,0.1534352316966728
0.4578509277340551,0.1534841296979285
0.4520412225520288,0.1541805442831836
0.4539993736870984,0.153939090837615
0.44482221841183095,0.1552425032226991
0.4543007945588732,0.15384424088789778
0.4526865997225227,0.15406636661619488
0.4524773358386305,0.1541207752228647
0.4532482065026421,0.1539798038720022
0.45302843620625693,0.1539961455840595
0.4401410846338606,0.15679282840016107
0.4594274402689822,0.15353568087934014
0.44413429932830156,0.15441934689340325
0.4413054086260784,0.15553170931463337
0.44022692986050044,0.15573748568747886
0.455953616479299,0.15355722739265654
0.44769768423553696,0.15440187155296292
0.4490395448422025,0.1541090547802427
0.4542765494025309,0.1536715343432919
0.4524271757830794,0.15396098416009074
0.4542129515304581,0.15390926987793244
0.4478377186856319,0.15423558386580033
0.4510267203057155,0.1540564247413418
0.45110585944339304,0.15399866922192174
0.4510803750071707,0.15401697770518816
0.4634094795395107,0.15314431327632042
0.44219460584806725,0.15689098568133594
0.44228492195711117,0.1561323668297271
0.4608644535389052,0.15336003714527133
0.4434146237134609,0.15557180789167405
0.45790033294034604,0.15360639457877517
0.44845555243545854,0.15462950249154944
0.4447138946314005,0.1553711524106118
0.45050253453968764,0.15435658729410662
0.4465441739368428,0.1551460293260086
0.45165150022655287,0.15423287343782943
0.45422158852580674,0.15388193817708365
0.4547411930256979,0.153723568882939
0.4474564054915151,0.15479986465749898
0.44692668716199213,0.1548845734023965
0.45378221251470957,0.15421910508645933
0.45382951046630227,0.15418383381307205
0.4563676129430502,0.15369115158233984
0.456519997970084,0.15364472114416608
0.44340703102262446,0.15607829516347488
0.4648730571688281,0.15322340541118729
0.4594215731595935,0.15346839964451411
0.4460971371581811,0.15496993999809544
0.46208619290801134,0.15324380569106955
0.45572714626421323,0.15369819530656542
0.4456667937544364,0.15574266202425951
0.44944672080661263,0.154424706341972
0.4505023295691322,0.15415315268453045
0.45373413856820793,0.15403788920512126
0.45462591845459127,0.15374533229296855
0.4445760927023403,0.15596894248931975
0.45201583925013206,0.154068904219142
0.4475372018425303,0.15477664033695698
0.4490929274866072,0.15468531071772937
0.44558228560102897,0.15578989750963762
0.44827722181375035,0.15477056637863734
0.4484717755829394,0.15470741520726947
0.44865147512430203,0.1547018255391437
0.46306976513380393,0.1529038989350131
0.43727157578335013,0.15732046383920714
0.46118000030795897,0.15328720655543507
0.43911634748457073,0.15701360965942932
0.4399546856236082,0.156652829593002
0.44493823723888026,0.15476240865421734
0.4405769209359143,0.15614424365754798
0.4551121455904468,0.15351229382433118
0.4465758426323992,0.15438955842486313
0.45780277869066066,0.15348819193799992
0.4497763871097128,0.15429082009208536
0.4425145596405992,0.15577659251346376
0.45220283498779246,0.15407609198425543
0.453087497150319,0.1535374975923324
0.4423289183881814,0.15614140639373797
0.4529819253343915,0.15385392303081633
0.4472810201572269,0.15436775813041562
0.4503163810458096,0.15411885767529182
0.44394271473689106,0.15501251846066158
0.4591766056055176,0.15337317893974292
0.4436874883760224,0.15515000400249998
0.4428166206936569,0.15548144618886076
0.44366591006246864,0.15544031085097468
0.4590116149826613,0.15340263264954795
0.44328789479386943,0.1554637728365201
0.4706908759101002,0.1531349411084173
0.4419545116664061,0.15684476151818175
0.44330477224751513,0.15572098036760965
0.4457166298317814,0.15530621891580584
0.458953400255597,0.1534678769967359
0.4457323698806929,0.15478385184562996
0.46578171419431513,0.15344299951904353
0.44857700621202995,0.15457965019217434
0.4431411220088385,0.15647463996793015
0.4681155613958721,0.1531562873157321
0.45356299597173133,0.15394403374215598
0.45189867317659527,0.15438801645663902
0.45716953302518465,0.1535707898060927
0.4660767954894279,0.15341593551687702
0.44302323930608944,0.1565629089736792
0.4558893251762289,0.15379235759032392
0.4505947128853284,0.1544708053263998
0.45425820856843646,0.15386265622831363
0.45576703096869886,0.1538215682393199
0.4511482157557698,0.15445334206558803
0.45101967290673634,0.15446726268892252
0.44093445547800486,0.15622055274918487
0.46009912443247847,0.1529280077770951
0.44618036001463746,0.15377013651081856
0.45447535020281166,0.15315549822127925
0.4493522205585062,0.1536694111131504
0.45914615927640795,0.15302145417669266
0.4523630350421383,0.15356953983514007
0.4456360460939128,0.15455561342870727
0.44143874602116034,0.15595216680261517
0.44289928900432984,0.15565791932602788
0.454422672627925,0.15348054383098922
0.4433116857599531,0.15545405034693982
0.44465217987440697,0.1548957260115539
0.44421739570730234,0.15528269973910985
0.44464421961675166,0.15521109745919776
0.4448847218333515,0.15465858240325958
0.4451273604396508,0.15457616251402573
0.4591493744621703,0.1532039672964255
0.43991335168177625,0.15609427205980053
0.45318137061065034,0.15344992901930116
0.44112357319681017,0.1556983547527757
0.44396309758644775,0.15432968176727924
0.44172620555036596,0.15477418035512458
0.45833872095707967,0.15334898780068468
0.45073219509709006,0.15350567874190962
0.4421625602024823,0.15475447192526876
0.4502527037583899,0.15380572580484705
0.4406921546108284,0.15577227991060244
0.4449629426852684,0.1540674710830113
0.4480681653682446,0.15401987173948722
0.44873079221218404,0.1539162711784714
0.4459667844238825,0.1540591080509066
0.45913639379346777,0.15332429753112248
0.46284853008593896,0.15275887896169638
0.4463293299247807,0.15570163191318978
0.45896764831742487,0.15300692857155135
0.45423524817892436,0.15351586683676607
0.44936430084170315,0.15422609495203635
0.45174925931285387,0.15388642980493797
0.4468563946810361,0.1550366929646141
0.44920311890861914,0.1547887720305906
0.46215011133606265,0.15276030274719551
0.4565960610455535,0.15313462761603316
0.45626049336892904,0.15337150439803798
0.451092309192683,0.15402756217285457
0.44772315359608705,0.15489472163939846
