0.39571676257547367,0.16344153099621345
0.3582379947968608,0.17174585574884915
0.3599660707530545,0.16875595517090675
0.3905823299202937,0.16443049308122887
0.3798947481657179,0.16453176492622293
0.3702351089917911,0.16773428760221853
0.37131609411948663,0.16647089641809243
0.3665680485398246,0.16854484931242245
0.39360020791894856,0.164150729648755
0.3763834395952058,0.16605953003700505
0.36854237918859156,0.16844209777742264
0.37836699423480535,0.16537772231982115
0.3740418649174283,0.1662761275562604
0.37887265774373036,0.16506985722296943
0.4039535987203789,0.16368357807328657
0.35571789569424134,0.1714588784008342
0.3635299457633527,0.16846070925756582
0.3694892695150048,0.1672294395091879
0.36316179438116725,0.17008389585684514
0.3573757310174281,0.17023265573278074
0.38866445088963847,0.1645512720389238
0.3982871344033886,0.16443716129811498
0.376239425281043,0.1653410780123559
0.3755900592318463,0.16645779847787154
0.40014225818718596,0.16413570001794264
0.37944806350084587,0.1651932166389298
0.37218439223699673,0.1670350364607731
0.38346299792521465,0.16460984369246154
0.38334096293335396,0.16493691984106756
0.3728873856540508,0.16649897057104315
0.3729256158117035,0.16649381220019918
0.3448094164606935,0.17343376314594144
0.3860379651796854,0.16393410836516875
0.3536317722500871,0.16579957957830346
0.3738757943513647,0.1656675347687485
0.3520587326959408,0.16796825136844676
0.3776138563335242,0.1641844076316346
0.35095866441445017,0.16996227188001461
0.345275221744956,0.17318723476051326
0.3756985364554477,0.16552854815805848
0.346128669381513,0.17123624242299837
0.3483331333146537,0.17063379076444182
0.34997216158560035,0.17021091199122335
0.3467950990321359,0.17120916810285877
0.3621985443934149,0.17445838351692408
0.4048795661898109,0.16400882188530297
0.3669322976661758,0.17121478099353385
0.3933784148032313,0.164394319943693
0.387602149097637,0.16453281630408656
0.3764333952401081,0.167732525486147
0.372267118850596,0.16932247906040437
0.37418452024494725,0.16891457497928494
0.38259986363409854,0.16750730044255738
0.3864710197588883,0.16617661765640426
0.3834988811507242,0.1670184087596217
0.37074906289952203,0.17071779848294782
0.385020569520602,0.16618518092575005
0.3688270432696109,0.1711886064963511
0.3693700079464679,0.17085352276345053
0.37072466841270896,0.17081620529205124
0.3465851137135602,0.17129194618331017
0.38201471570122786,0.16371690283680984
0.35030646755684114,0.16760161095077653
0.3721956814496043,0.16447721654160308
0.35668774456029595,0.1673817088753415
0.36025073211446523,0.16735452118254676
0.36037721709922116,0.16585643117327512
0.36998893923980103,0.1647481407491128
0.3626895704707525,0.16580003232343732
0.36795185322867946,0.16499031454134572
0.36685705818305697,0.16526619931362807
0.36556994605478943,0.16568503522950492
0.36578447859522345,0.1655224461558022
0.3468179547029304,0.17180495530126902
0.3942164146115994,0.16266284315088195
0.34847496999539707,0.17001001007151634
0.3805008484568593,0.16380666542691777
0.3891698970827321,0.16376518181281666
0.3555372216680851,0.16752427421493554
0.3542974308010701,0.16887741766357325
0.37173881105814444,0.16519002311028552
0.3782316698827508,0.16430249860986773
0.3658820660724776,0.16522762574887428
0.3746362794570481,0.16437923222431255
0.38958175851036486,0.16307063110608092
0.3509964620461195,0.1692859809829501
0.37364225875333223,0.16499803344194755
0.35643518988851824,0.16726562948944346
0.3491232504435174,0.16957836694149456
0.3655225847405208,0.16564563875630933
0.36478749428875296,0.1661639464954766
0.354007536036283,0.16902145410461802
0.3603478388248991,0.16664259011385135
0.35979950530409904,0.16709834200988724
0.3631982559898188,0.16661961957507807
0.3893205370007683,0.16323809639020048
0.36470579552305304,0.16656247549663644
0.36022404596266544,0.16705088553485373
0.4181460615684751,0.16257140324588362
0.35817587313753113,0.169995291079109
0.38849114130908646,0.16304521153206683
0.41187389622573567,0.16272483099285606
0.36181350121347083,0.16871260797143645
0.3628879758924129,0.1673626921242491
0.3874058028938979,0.1643716920616962
0.3608974613732734,0.16953890539847546
0.3819786460410628,0.16474839439476416
0.3726059059133393,0.1661308277386853
0.3674665831039016,0.16732175759463977
0.37063740342576296,0.16668120749393112
0.3802965866507803,0.16507215910849515
0.3748862804026817,0.1659327001218138
0.38568214160465253,0.1644118803094458
0.3699507533094993,0.1670184646620797
0.37933720571896457,0.16556271488555613
0.3781428659900257,0.16573086559488112
0.36046151740513005,0.16996268675044682
0.4158242335081986,0.16352136591838073
0.36486817897690005,0.16943544707386168
0.39578909171620036,0.16464062056787726
0.4063155076823399,0.16448708374072782
0.3766354595936197,0.1683271455878043
0.3786393919804023,0.16718255802392898
0.39187337590112575,0.16501759715995873
0.4113565661493967,0.1640953110762182
0.37981262420117845,0.16713148162591324
0.3841602479610902,0.16662320206871706
0.36772041944904404,0.16921317666483784
0.3888411145899932,0.16610490031794567
0.37106938345036256,0.1690530700381072
0.3739094588455478,0.1689224430399092
0.3904660289486436,0.16538855852449402
0.37403267300167947,0.16843028036776309
0.3901070331440656,0.16574686555558754
0.4091203956616233,0.16427535096223198
0.38713934593118515,0.166413644726314
0.38533695755770153,0.16662294754126394
0.38661640381075707,0.16646650533232746
0.41028943869352447,0.16425992060874772
0.4113564530213079,0.16421592518486247
0.35289180477058774,0.16939705463089397
0.37824333811004796,0.16344174675930614
0.37681801715894325,0.16479779644758455
0.36914117741374386,0.1652592980388492
0.3593121450728442,0.16744523116070936
0.3588477981171503,0.16891365898370922
0.36768594103992724,0.16673485903000454
0.35809229126627246,0.16909380855999756
0.36871441956103007,0.1661546050131754
0.36416565133315004,0.1673093084832232
0.36472445670624015,0.16713627680576343
0.3619140022036038,0.17211820496766422
0.4080322956402287,0.16408484226131456
0.3707390257150885,0.1672986959163399
0.3887744106317036,0.16522320022796153
0.3946511936445679,0.16464695336491234
0.3792708898677448,0.16640737279650042
0.36971065641615375,0.1695966419763753
0.4057890131401431,0.16453655723835042
0.37966156125976797,0.16569992117137208
0.3643378067600476,0.1709542483565716
0.36826906528294884,0.1698705674257401
0.36735141285894635,0.17058164712889412
0.3673743522452053,0.17036217812290852
0.3549676833483467,0.17131754837775898
0.39193569655409777,0.16381779903233937
0.36945101800818586,0.16728073252779405
0.3606467407690462,0.1699333053806324
0.3689348646008957,0.16913807158471966
0.38993520726656095,0.16557331719460852
0.36324049938486025,0.16936492395348787
0.37573897315909777,0.16676052517636833
0.38720035212354853,0.1659180834471571
0.38237250516946,0.16613196728288732
0.3808143173478474,0.16646896594396157
0.37893628526582646,0.1665272740709008
0.37673076887503587,0.16662341993646365
0.36161189248748443,0.17313857290652154
0.38930981982323265,0.16396177652199243
0.3805555844329145,0.16615391593404097
0.36363625509707925,0.16961163166999124
0.37405152936539193,0.1674730528554943
0.36815906638315266,0.16871351930080503
0.36301168698112235,0.1725723901799049
0.3706481994898756,0.16756152231246493
0.38747287166219657,0.16603676092914915
0.3882778347289059,0.16593196130338356
0.35085098114599783,0.17202104623412645
0.3947977680192306,0.16402910140599322
0.3567955119610627,0.1681265810488866
0.3849120172080984,0.16543054634712484
0.3639017736219884,0.16761420006542121
0.3556726097836563,0.16984448205244346
0.37810113864122963,0.16617283142756403
0.3898277418703935,0.16414427630007206
0.3683083951061153,0.16682604406383614
0.3514444943926744,0.17107552271943646
0.36747973856401545,0.16760643624523502
0.35431993200886935,0.1709828444269622
0.37299034837478723,0.16682198958693414
0.35468005544344605,0.17015839439323377
0.3880626432136772,0.1648029743724782
0.3884247696675876,0.16473876343990548
0.37578475989951604,0.16673842202887207
0.37666327576186415,0.16659340789321447
0.37703599728495574,0.1662658616736457
0.3777700381360265,0.16618506861029014
0.4099074997883348,0.16380570843906464
0.3621488353225476,0.17276437644239284
0.3649378649604406,0.16979740472793883
0.39861811017864535,0.16444536209424596
0.3631173446981439,0.1723054013094181
0.3723255834908095,0.16927630878964312
0.37594717487359763,0.16919501925289024
0.37879766088726124,0.1675216816848962
0.3905714116947469,0.16601466541646628
0.37783315623284564,0.1678370582281902
0.38216906686580426,0.16629056677932127
0.3829823654141659,0.16628273873218333
0.3968584195001381,0.16490027398243715
0.3935377757288089,0.16532811786854673
0.39224814457175394,0.16577875115535665
0.34199806643840347,0.17045598542073215
0.38319576264310334,0.16363795715972287
0.3469879989435275,0.16714995106687666
0.3458514356208303,0.16984703440977095
0.3740095231068249,0.16455531213631308
0.36406275779513564,0.16509021252249534
0.3779217123858864,0.16402087345720617
0.35427588876699295,0.16711389814567287
0.35560352899271225,0.16658888714807693
0.35855668690585263,0.16589550908827544
0.36343109100913246,0.16538428758901327
0.36023605535702563,0.16582950474665847
0.342198203393988,0.17045050341193554
0.4084198960019293,0.16489045028040641
0.3555967958932169,0.17695042860034946
0.3600470296020315,0.1723467191197627
0.39474940223521476,0.16496188087164745
0.3616979899552418,0.1708305927688357
0.36474577361461014,0.16952924474734582
0.36665239422824664,0.1688452078714879
0.37270508833823246,0.16827975932703532
0.38920811029157754,0.1657143502890329
0.3939276047072382,0.16553926262807128
0.38693800231903575,0.16597637353936717
0.38445325008075343,0.16628187005815256
0.37781744295467523,0.16728146674556918
0.38314293738913685,0.16651699299005845
0.37577772412140237,0.16735889626455078
0.38080801451814417,0.16718039678375224
0.38230943854785615,0.16707265482317926
0.37472915755536984,0.16782784750690072
0.3744838201365439,0.16806844466969695
0.37281705737922155,0.16821617354823867
0.3999032521676899,0.16642290272778335
0.3499646461225464,0.17608538634916285
0.3529112937099494,0.1744519257218712
0.3876879491122239,0.16727769975839737
0.35497562184326137,0.1731565474849859
0.371095447498575,0.16939012680559057
0.35605859765775216,0.17215362102744078
0.3605462491664334,0.17109398541832907
0.36327260206943235,0.17038170177013298
0.38405735496068016,0.16830664075715826
0.3597637018325918,0.17181115171575487
0.37638915239571086,0.16849760243910883
0.38268708520671973,0.16834587212277569
0.36548501181162363,0.16951008433331732
0.3931942674475057,0.16716255580046038
0.37417132877353637,0.16886441021588933
0.36490352507319773,0.16986354344862806
0.39974611296072504,0.16692886132937199
0.39614813734451093,0.16698151184477586
0.37538966290373016,0.16879557780483653
0.39530187654496196,0.1671498686256172
0.40901637127916113,0.16400421784637817
0.3561844584062526,0.17332844530518202
0.36339543210067277,0.16866499663632353
0.37477226536002356,0.16650473183463652
0.35907304869895945,0.1708513415600648
0.4063822823451264,0.1648139232799245
0.39192805775165984,0.16483008392224138
0.35808606042891417,0.17332037241339543
0.3625646646080795,0.17020692041586252
0.38117024451554443,0.16614636267818925
0.3861848499177164,0.16598398825870725
0.39151480126185,0.16538134360664905
0.3878000214210409,0.16565379174129463
0.40312800968009577,0.16487005579861658
0.34540114698174523,0.17673266744904992
0.381851530579162,0.16635143732481578
0.3646742993400466,0.16676468198939567
0.3461732332693316,0.17440414440082946
0.3629979458137776,0.16874323133453922
0.39094161054084264,0.16589337049255276
0.3519641908266989,0.17215788802835705
0.34843511421049017,0.1732207440047899
0.35336283754774495,0.17073005992959212
0.3968689551880977,0.1656152081871884
0.35404252033695993,0.1694541125741262
0.40018053351617827,0.16497775438716533
0.3572123487095756,0.16911851915390078
0.3565660514128425,0.1691447999083875
0.4074078149126368,0.16476106684876932
0.35350338641745177,0.1705754180591915
0.35924032293264363,0.16938261592640697
0.37186549514841183,0.16701433890888273
0.3899781671655361,0.1652848790227943
0.37039456224534534,0.16787070218587993
0.3997345169050685,0.1648501606295435
0.3772690631003552,0.1661245164718015
0.38251325411032105,0.1656822143760771
0.3866317582886054,0.1654028088049745
0.3677985400576768,0.16840576090009188
0.40101498865555757,0.16476736554461274
0.37860539478617966,0.16597601673585463
0.36446047055456626,0.16914406151190417
0.3660128966491844,0.1688980801616291
0.3661196540580997,0.16862123175293292
0.3670764258960663,0.16852304124656087
0.36498968859611963,0.16902153380708118
0.37821918174877844,0.16611435308744857
0.36459024510765864,0.1691147375328371
0.3520521514800602,0.17268009380264718
0.39436298103639694,0.1643452980616241
0.35686866714471566,0.1705582330959353
0.3597974177369189,0.16770002414665452
0.37397340866991013,0.16573729936482903
0.3853726011409487,0.1645440971935087
0.3811039826392814,0.16520360928739874
0.36897152491737645,0.16704124650285287
0.35516741208198455,0.1717578437698012
0.36678418097280385,0.16757589206886547
0.3486234600775164,0.17210731742507718
0.40254574407485694,0.1639782202630269
0.3865692742348448,0.16544695125654357
0.3783948727643488,0.16566651034219998
0.39359682214377234,0.1645029464303795
0.3924404351627099,0.16461974285148281
0.35567936505549425,0.17007954930960412
0.357902210114992,0.16926316590683282
0.37492322477212003,0.16625540199312736
0.3611690889958421,0.16824154821617063
0.3648387299895356,0.16794859886749983
0.3658345217775193,0.16749337044014526
0.3540410625014026,0.17065551308678734
0.3701189126591183,0.16657418786840278
0.35303044187060517,0.1710180579913381
0.3729278373465794,0.16638998528566254
0.35290929150923883,0.17172525619893347
0.36891210461698754,0.16722188723273906
0.3600972970177083,0.16894572337273173
0.3606547920283136,0.16880590466865297
0.36956836713714225,0.16715516504925682
0.35051360748707017,0.17191462087785836
0.3520567664980728,0.17185107077024253
0.36067669101374683,0.1738639104511002
0.3915052933502162,0.16406109019883536
0.36447969301429073,0.17063420996620102
0.36895074267287625,0.1701528553786398
0.36093790134646253,0.1723778169140771
0.36230426584276126,0.17138563710500612
0.3871998210056825,0.16588406807209038
0.3832979079514108,0.16600162834270288
0.37283573935424935,0.16814323244838744
0.3749503968585935,0.167528426506236
0.3778794854588162,0.1674454462189602
0.3698988848821437,0.16918204519731797
0.37914675075042753,0.16657037248900336
0.38970406001096924,0.16462001149827946
0.3883486381253029,0.16514006781626725
0.37070840582025627,0.16854310310407966
0.38006418743784276,0.16605429571030897
0.3501851442697496,0.17473823920295925
0.4066461249931088,0.16341125433136436
0.3555954639123439,0.17108672141539288
0.3621899880664371,0.1683819370701367
0.36912829693388177,0.1680432573190462
0.3917957130576408,0.16442717502006957
0.36016328339935083,0.16990834671143654
0.35700607207793117,0.17076972795774853
0.37103478067585594,0.16636456675114192
0.3603006665465014,0.169319470294452
0.3885695717992856,0.16480092061295135
0.39696434380606954,0.16436083182513858
0.3800385217551845,0.1654404968215947
0.3751512571951965,0.1662884968987332
0.3997351152861146,0.16418476930000125
0.36964315898882993,0.167232520953208
0.4034152646531296,0.163805835602077
0.3835267822153852,0.1651728741104125
0.38533088604470467,0.1650571284362482
0.40254490236592416,0.16394174641635
0.3765106107274158,0.16552867786616748
0.37522007952942815,0.1655606069123118
0.36916107149657945,0.16749599934529105
0.3842298218138647,0.1650602724968818
0.3552094791866801,0.1720675964026296
0.4063246027149484,0.16256466701479835
0.36586545104206586,0.16643027694355056
0.36016745282791685,0.1686151513760864
0.3979336051807794,0.1629828251869256
0.39219653394659104,0.1639082640701742
0.3552606211034837,0.17007748967000877
0.38340786293802137,0.1646435802234423
0.4039362306744661,0.1628081681466706
0.3589304388939009,0.1696475006027429
0.37325634761350984,0.16628321320819306
0.3810907442131803,0.16498985417852677
0.3778816509149959,0.16530851097752333
0.37624813085951747,0.1657695308641224
0.3891553501356231,0.16435775467733635
0.3573932355262333,0.16995280966150553
0.3740321870598897,0.16623479021901744
0.3891714689340331,0.1641586889840863
0.3604041364977745,0.1713261360147438
0.38334403370623465,0.16377305357242808
0.36057545993860374,0.16664866626183542
0.370371769956647,0.1655250230973326
0.37559064633138095,0.16508530106508576
0.3791877964200173,0.16406006728572853
0.3767429874544238,0.16430005918558266
0.37174029443282286,0.1654699052752051
0.40308623941202637,0.16240461031584866
0.3523664821974789,0.17076831366748005
0.39926260463640234,0.16326878304644443
0.35350784105323674,0.1698696206267366
0.3912867453766246,0.1634583592733575
0.37687902299529635,0.16510201400457825
0.38661090221771577,0.16405256289757
0.3537969816293701,0.16876963302765055
0.37284132078998555,0.16568012711782887
0.3548213164434617,0.1683870981744102
0.37927988047289657,0.16431761917798354
0.3606021977481154,0.16703745837917117
0.3668371140000915,0.1659970119344841
0.3948521072389814,0.16339271773134653
0.38402744118564697,0.1640960965876803
0.3566809689932139,0.16762230198014771
0.36302628545230553,0.16672719747166634
0.36614092107062335,0.16648728733910015
0.3719433567697218,0.16592132982448365
0.3585145906018738,0.16752611738011153
0.3770946841079445,0.16452086079760758
0.35924970238550813,0.17292020309037956
0.437586803988586,0.16333702873283568
0.4134617037829021,0.1636000973219935
0.36786394146123297,0.16860365647435574
0.37011883790774924,0.16704175599698196
0.4032214472765785,0.16361510998076195
0.3634376554905114,0.1692341535053622
0.3615723368041987,0.17069083566934368
0.4303196570772549,0.16357398248659555
0.3887907431093436,0.16558963201770838
0.36156682090646197,0.17251219408098567
0.3956382223777778,0.1641028461086528
0.3913006981233854,0.1647409506489095
0.3629014197273053,0.17039379058423537
0.3752627058921408,0.16675653065305093
0.3803910280606649,0.165670212666512
0.3783013072513782,0.16649799940984894
0.3947557651191993,0.16446447496688596
0.4317542654701819,0.16355916693271821
0.3798421619735506,0.16594936621026105
0.35937813688935566,0.17255082564478397
0.4035110544066617,0.1638994667307014
0.36130504613381387,0.17124683360750714
0.36594147359207074,0.16821131092111435
0.3634868095134735,0.16998716218108267
0.3941093670975329,0.16406759076926208
0.3764973180356903,0.1666400884513294
0.36889961723671977,0.1675493166696285
0.3789956006854661,0.16572294647564606
0.37144003333887804,0.16679324409928506
0.3632015587872248,0.17107571875660119
0.391081368822697,0.16475266083116677
0.38290074172647864,0.16541470530997518
0.38558778277709266,0.1654037761701629
0.38850175953366456,0.16510156321768765
0.38893698991753084,0.1647639326302542
0.4038030008812195,0.16234334021549787
0.3557506121781247,0.16842760798792458
0.3811698846644786,0.16303900587784922
0.39048464531963867,0.16290579241643083
0.3713623259151962,0.16359864998929047
0.3706163314799141,0.1645166936619048
0.40212071496386065,0.16272150818414116
0.36681980775120515,0.16539583176856268
0.35807082531399337,0.1667688997587082
0.3569077318192688,0.16722687554374527
0.3566508810828499,0.16795329271633835
0.3653895414601538,0.16616771581302717
0.3625079524187173,0.1664533607464707
0.36678097695969253,0.16566930220771986
0.36354796784623833,0.16644555081626317
