0.2611755663924493,0.26205435417237644
0.33635398439908104,0.23287698114583055
0.2618575863286636,0.2561087951748496
0.27057326846732044,0.24351117102156813
0.3061178497324306,0.2359595269242167
0.26630125973176555,0.24901415165547433
0.2936114621832245,0.23726189156154184
0.2853832339127666,0.24192989658176892
0.31781892111246207,0.235403771240753
0.2689592744763481,0.2484839981344495
0.3267323028933537,0.23517298135508005
0.3319355972568847,0.23465903705442653
0.2901844382033507,0.2400264988529153
0.28795630642937514,0.24089547386489454
0.34801032429685513,0.23062478702762806
0.23214026918289865,0.27266859961198864
0.303663466460279,0.2336169468439748
0.23714702245814004,0.2627360060955392
0.24806948070666285,0.2531009586059451
0.2893763752906141,0.23721587616345519
0.24959470691941202,0.24902627781422104
0.2745479006430511,0.23827042182093594
0.27365644374643855,0.24024793862869093
0.24689996031925487,0.2584013606743969
0.24057904143430311,0.25865433944306404
0.2639785491211691,0.24286810263915026
0.2634017597216736,0.24819109892241117
0.2940820329113184,0.236179122108621
0.26000854795711253,0.24828879851126823
0.26379853866153485,0.2434575962382209
0.30130259040098334,0.23540042886518947
0.30281397822559425,0.2353150742370126
0.25066923874398583,0.2436853141508226
0.3263712948792607,0.2253332169610392
0.25900843399369755,0.23625948603193964
0.3252306851515269,0.2296286906403319
0.3109874555338731,0.23035210269658313
0.2777791980491433,0.23495907323192308
0.30183375100063276,0.23117301679171645
0.2979565580877267,0.2322793058625424
0.27980532169524447,0.23444035870994143
0.2833792701972894,0.23312654771695787
0.28761636660514384,0.2327137236228729
0.29260127044596385,0.23232540667129198
0.2906172356645328,0.2324292289846334
0.28542635170544034,0.2331176574654876
0.31956362343358485,0.22955990321529005
0.2322239761735253,0.27115925942249497
0.2546588250416689,0.23977192576291237
0.2538295531004724,0.25322656314192454
0.2976587482201142,0.23002694850932956
0.24621615425568066,0.25419396198258587
0.23438113816301054,0.26095603894497577
0.2731538267616944,0.23847582950230384
0.2752693250856552,0.23342676173628174
0.23281729991863517,0.2647037611927574
0.28802711325501207,0.232432976869265
0.28751206833865844,0.23247631659810658
0.3689576828822246,0.2335246811384674
0.26619121690387726,0.25735131954645935
0.30680173430993385,0.23537082486974917
0.3472922656064704,0.23526084753681087
0.2944441959066644,0.24322136695287216
0.3026161857137163,0.24134243573566894
0.28856605764200827,0.24763492662859052
0.3657194379265993,0.23504861520634404
0.2724179578020298,0.25341967868044507
0.27174963197736623,0.2567851804063674
0.28113421537182937,0.2490666524225478
0.27778667140177227,0.2515061416524825
0.30087187108221813,0.24209144828894752
0.27509087068176197,0.2519405304056747
0.28546315408232076,0.24810617439606047
0.3226279427315638,0.22952595585564006
0.23313529028135938,0.2671498559777341
0.3109590916538172,0.23167757184522125
0.2742654550615083,0.23791437307633237
0.2401376479511756,0.2617014841585072
0.2961041532697774,0.2319367482559784
0.2887729746115604,0.236655316312865
0.26810616052984454,0.24070642685859492
0.2657702279709839,0.24586418185319084
0.2486655940450739,0.2555054681422911
0.25179314274843523,0.2506228179342984
0.2583235940513863,0.24876914986469842
0.2504593334274489,0.2527663339603408
0.2657946910810595,0.24239137058845553
0.2620624117949314,0.24836432826590552
0.24433424710796775,0.25769378408389143
0.24424801999933854,0.2595614110707737
0.29562242968144997,0.23531405704988492
0.29249734715333303,0.23601460086327122
0.2571157638315044,0.26660092786065237
0.3330993704823048,0.22991396848077333
0.26003857216864185,0.2538115610503186
0.3077957815805372,0.23065041476491077
0.2830358315428134,0.2349806771777529
0.2710003940215945,0.24457710295164758
0.27484612149362275,0.2407504477284397
0.2778922187075418,0.23897175159136003
0.2646663504234592,0.2502865394125929
0.29923415399364556,0.23194447303712595
0.26706294928837604,0.24593761230979638
0.3076721641594504,0.23104412392656756
0.2896286039311083,0.2334870411481005
0.2662781450065661,0.24784454707692505
0.29317167871122374,0.2327213439071053
0.2984808230741106,0.2324242270732454
0.2766856189179693,0.23903170626337544
0.2651800889760629,0.25014202581206524
0.28972663220882955,0.23290241302385387
0.2469036364533173,0.2560310462241725
0.3268672146059433,0.2292571684861073
0.25264762611042185,0.2482632454897693
0.2593001982711208,0.2405366396233619
0.3162975912335913,0.23179969603717662
0.29129112484429637,0.23306579616118536
0.24874036228998606,0.25425921131365903
0.27343067111046243,0.23989249612380578
0.32293745593347306,0.22952154368527064
0.28959400840739224,0.23675227705470714
0.2842442370687325,0.23861683676931583
0.2789614004918107,0.23971621906877064
0.2856467401634177,0.23695689728480976
0.2808339376875539,0.2391803668687432
0.24815303667000532,0.2552631030554275
0.287764367973133,0.23692239994485492
0.3198444438120648,0.22806517941587692
0.25205557149883323,0.25077732725787105
0.2529165913415307,0.24503114329450407
0.2900770030007662,0.23252311876943518
0.26335292320817494,0.2414238507716081
0.3140248721387314,0.23231529793722705
0.2841825032972355,0.2342385580319845
0.27056904136246657,0.2393567199776883
0.3193266057356148,0.2318600629191911
0.27928788848222724,0.23676238905767008
0.27671092759345495,0.23891840346351273
0.2778349004385681,0.23764812243947844
0.2475414490414302,0.25467723759667005
0.2727488480682751,0.22894011519847154
0.24895519360310642,0.24356926684810554
0.2586568641727058,0.2415914268104205
0.26767325735504116,0.23805624264217473
0.2652805288552716,0.24026252596269546
0.32935278001579965,0.22566433162482263
0.23450159568476817,0.26382065748070366
0.24072609874961715,0.2525650947737302
0.25473169621867686,0.23882951215157888
0.3095114680898877,0.22734187401912978
0.28907759579849435,0.23020878643869763
0.29833021797234216,0.22746939563581836
0.23847422017711395,0.258569546817577
0.2466544569224066,0.24755543847214426
0.32487314536059264,0.2260087958041289
0.26330113776285624,0.2359122352211823
0.24959225982484834,0.24487588611823896
0.27639871367880503,0.23377318210347112
0.2829424900516506,0.23277945007299874
0.23557219205204713,0.26085838865480415
0.25909031783708336,0.2362348051578061
0.24886898539485822,0.245534974267029
0.27721112334077014,0.23297857607164424
0.2530622201523769,0.26040196229065893
0.35526121172652,0.23093681419080403
0.3142537001902047,0.23119623916252405
0.2568334484729506,0.2491340161039152
0.2667758210788783,0.24151137682225943
0.2593477012198353,0.24492969978194556
0.2554808464086953,0.2569079178289486
0.27401453732160197,0.23822727451610443
0.28300880408572343,0.23774288839044846
0.3119767008058923,0.23270517519017048
0.30072850169735893,0.23354962571318447
0.28638540310657906,0.23524876930970645
0.2552829388485496,0.2588933982329484
0.2924755420831425,0.23468576403795913
0.2944350360934291,0.23376150341766308
0.32971950353012264,0.22518764038328423
0.25452731284569646,0.24448893804788874
0.285249033792308,0.23094530051956932
0.3099256207442462,0.22578603324857252
0.2953354220552946,0.22875351478006192
0.2630244594690649,0.24184351168935211
0.2802991056977328,0.2337568616446942
0.26424497184021745,0.2388006273856463
0.2554921597474974,0.2423412331748281
0.27002841055206545,0.23624111068795248
0.2692477457339128,0.23846100397143688
0.3030904954777869,0.22843544432511315
0.2750737552136332,0.23544689054563359
0.2795002885465985,0.23523010384574933
0.30958609819060556,0.22797298549298653
0.30814166373291124,0.22829868733474148
0.24870058186735622,0.2588339210144173
0.3149083949857566,0.2284138940453486
0.2743996801101313,0.2378574605915725
0.30860523309461124,0.23013378749657348
0.2903339553064735,0.23140785048697574
0.2809658129001299,0.23149110434838635
0.2561363203161311,0.2400422951816542
0.26268354911531105,0.23928482297948886
0.2553309496192987,0.24924663146906334
0.25223936884443954,0.2554615298234466
0.2525600315708596,0.2501019952430973
0.2503593836737012,0.2568995629345172
0.25494035610434757,0.24952250372303722
0.34265200334376406,0.23172712129879078
0.2614581854082443,0.26264528380658025
0.31243096625478356,0.2332752735496525
0.2900589230596663,0.23552772983732143
0.27990931765290145,0.24229499299556065
0.2670254850542329,0.2617815013345162
0.2676603667788737,0.25265499708545636
0.2750343615129344,0.24614985472396006
0.2739050870319899,0.2495280422952936
0.26991421253235537,0.2523340734859691
0.27339374513318565,0.2513232741391597
0.27347369712866687,0.2510572105912214
0.36262978711392546,0.23084768788278479
0.26162489063958255,0.2575497029889976
0.2773409564407801,0.24174851268751554
0.27690193208720604,0.2549060113322781
0.3359959493513822,0.2322838505088925
0.3107968396181833,0.23452949518527952
0.2984807892821201,0.24174142337551727
0.33108085296768547,0.23451188599235379
0.31056952529436943,0.23908312203003504
0.27059473587246646,0.2552394829065374
0.30299814978104106,0.23943589797995946
0.2766876134003729,0.2551020098590296
0.25342979080440553,0.250351429221943
0.32041236335112044,0.22823177278097886
0.2801206372345879,0.23415829459354012
0.3017182599222178,0.23251315784199045
0.25782719452753006,0.24908867362510487
0.3064263217958666,0.22915725607735604
0.2588988093346772,0.24356293299410392
0.26667257273444606,0.24046435376159575
0.2795146767649417,0.23743151258543488
0.30367622661647337,0.23078514344595974
0.26214284218233186,0.24238344186335425
0.27325268130768593,0.23956539162089704
0.27405928517877853,0.23850923154639775
0.261591517218468,0.2434142972808458
0.2571033157328384,0.2669200137178533
0.35237717010404607,0.23003374837065851
0.2685857781669905,0.24133370492682069
0.2681621804631777,0.25574712331593935
0.2902035207853471,0.23916195220872183
0.32280906627800227,0.23193866446594577
0.34592325712230304,0.2312813358469494
0.2678213847436632,0.2596695737835248
0.2635044489457756,0.2668981202684157
0.29730998495408234,0.23668560239177705
0.3083814184596996,0.23573995436694867
0.2987512543248044,0.23603533565451118
0.3136519953830352,0.2331163171392949
0.31042897179496776,0.2350626517040441
0.3129979640616818,0.23336247331200144
0.25756255360964464,0.26141889504732496
0.32448536751707485,0.23333721225926102
0.2826958616580618,0.23788937215195904
0.26462600062381664,0.25924259310004616
0.26472294606867425,0.24774957595884742
0.30735553473078847,0.23488655832043193
0.2819948084358939,0.24417882110382047
0.31194200714131043,0.23428087760520552
0.27461551293332925,0.24688079217600187
0.32096689210609636,0.23417732811724215
0.2774277322715611,0.24683732265317873
0.3300824843585386,0.22720689807064803
0.24906656566711594,0.25624114432580053
0.3188695876414183,0.22856118337964657
0.3054306774250883,0.2291970284362336
0.2917494051485668,0.2306494029301762
0.2591007004193611,0.24425692575069913
0.27575281732885415,0.23855687030763761
0.3021143430838904,0.229700044937286
0.26739639726510744,0.23930066633241598
0.29006672187334,0.23239140220780555
0.2555497334725149,0.24931714142695477
0.26373433369158095,0.24251410149815347
0.28539921066188956,0.23427807298567674
0.2768196382365465,0.23604619211768926
0.2651512101438298,0.2409028644785185
0.3285643008886649,0.22824726062956247
0.2540822914458565,0.2521598533550081
0.25649034507772245,0.24670934473768655
0.2529762061903484,0.2553412981456624
0.2535345129071138,0.2526700100332213
0.28090273985128844,0.23563200506212562
0.2815312916142352,0.23443358664332
0.25629267465516203,0.24722806272509953
0.3286683350329702,0.22764841124522325
0.25175738056595787,0.25614764785201566
0.25245999018299203,0.2558986141091819
0.24546917193619427,0.25946820083586536
0.3143204271464984,0.2291707413203761
0.3000551117507907,0.2305124878739389
0.29064587826046434,0.233630710862802
0.26632431338298135,0.2416864279589729
0.26606567449990176,0.24650332401445854
0.251084171333419,0.25915805017715565
0.2831275485068987,0.23686198601891995
0.2859302317471337,0.23422692581877613
0.2609653853274088,0.24815257933426907
0.2759015283394686,0.23806221326207652
0.28023096086594895,0.23740770269513092
0.2705915872381989,0.24053708106778493
0.2537546299039459,0.2522099578906293
0.25645536401095353,0.24968312396383663
0.2516141482868581,0.2558510267343685
0.2532985085954724,0.25339499526140274
0.2555543218245981,0.25002220016902754
0.27395101336530464,0.2392171563575342
0.25275408248498676,0.25580073511775336
0.27318531435024007,0.24033745838706141
0.26340285010242015,0.24689924775618827
0.2884828316264569,0.23366593737199434
0.26307746940060306,0.24789396137664546
0.3605298951459679,0.22893378086617508
0.25079085952221725,0.27088434385551197
0.25131628209596324,0.26648021106286546
0.3221037732235323,0.23333518000742268
0.25829652194611924,0.2606665891730648
0.29389191750527993,0.23759576021150694
0.2739759935515776,0.2460323414295503
0.35317048031130266,0.23033364471165893
0.33620939175933234,0.23206929820398836
0.28370762944500827,0.24553159129779167
0.2646114335647597,0.25625028443581127
0.2884997722770319,0.24157629488693277
0.34382843181975214,0.23046793773366286
0.3010262269736441,0.23566334558213706
0.31080052338568787,0.23400724417160274
0.2727828155108168,0.25034979107914934
0.3131889057202037,0.23392766344038565
0.2648854489278742,0.2523280619022593
0.26224027045439197,0.25867181702071035
0.29958038837583734,0.23677976294227437
0.28387811883196745,0.24215741782033717
0.3371212477011909,0.23133351093056115
0.27231353971096667,0.25121258975384986
0.2659904353854071,0.2518050191114365
0.25985120560864805,0.2592121093454019
0.28532814536091694,0.24159706911065046
0.25281273902380547,0.26062922235072655
0.3526706668405754,0.22317162770405927
0.2592954857711692,0.252573836087738
0.2692983625987709,0.24234983854302405
0.32560426536221343,0.2242519400831994
0.3084900920463889,0.22938543056411126
0.25732580986362863,0.25885908082703163
0.2980432170145363,0.23184507229688042
0.26082825632313417,0.24662200739146548
0.3160127628188501,0.22798933791036258
0.3231777164886619,0.22725592184726393
0.26066101575187034,0.24693411335871382
0.2863112200960392,0.23741153963896894
0.2942473738133419,0.23440156635576506
0.27797356233673587,0.24063099413210237
0.28082920514209164,0.2385039540018525
0.2908883112548994,0.23607006501889816
0.3251153375791407,0.22456420624561838
0.27816797750429273,0.23994476914161253
0.2918543042521726,0.235402032693904
0.24209073507235707,0.2506654854602002
0.3263401487300346,0.22759730508465612
0.25533965851509544,0.23921686262496442
0.2698428602391986,0.23613485983509114
0.30311186245391886,0.22840552824699323
0.2812456954363678,0.23410361514775513
0.2894341924662644,0.23226413858736425
0.27299298269283206,0.23573003735632472
0.2958266260395661,0.231570599622106
0.302265967402658,0.22901541646182624
0.2959249806380633,0.23068962354956637
0.3002688290156512,0.22990917400722258
0.2999175752824454,0.2306286721699338
0.30013597615055504,0.23017862670805384
0.24332939198674305,0.26210784117265584
0.32389032212159663,0.23006379753585718
0.2568329993865991,0.25345137819167385
0.30478054601138754,0.23326808606895616
0.2632376355675699,0.2484603746040244
0.2959933188607109,0.23558062651174502
0.2825555956957923,0.23867369706899447
0.2507492338352519,0.25853397546796125
0.3232870727574574,0.23264907762585524
0.2908926105280787,0.23754248285938298
0.2720190858739798,0.24763909110330326
0.27960510204850236,0.24238705305172123
0.24520918012805573,0.2610784260742435
0.24973331251039568,0.259515702298198
0.2734661311067029,0.24467001181954806
0.27874434148761956,0.2443552840852596
0.32341397897001783,0.23201575449925463
0.2760072502175537,0.24452345636067077
0.2512725551102647,0.25940035362739944
0.35208474477727003,0.23007734915871036
0.2631942286972086,0.2561384746630296
0.30267473921954136,0.2390417737356709
0.2778815398258566,0.2458733309272673
0.3308580302160169,0.2334047263521425
0.32419326090376777,0.23552839547883608
0.27359414746195554,0.2500208790607872
0.29587934162089846,0.2436576306755775
0.2686432441296877,0.25415733674902435
0.29130028660102375,0.2456466444487863
0.3429465457602081,0.23244531484376627
0.27173891685263984,0.2518202233215668
0.31399850252645944,0.2366606066820755
0.34487437585949066,0.23173671457885422
0.3100281779646505,0.23776686600844174
0.29431805865210336,0.24404558087651365
0.31075332795114596,0.23694296178515087
0.3327477402635377,0.229770943808862
0.24598837074681323,0.26814667863641967
0.2497648346101312,0.26423483453990276
0.257410944503191,0.2546897568509897
0.28644080740598704,0.23644071399019828
0.29786852748187315,0.23615701710282855
0.27961645828043785,0.2415712693840242
0.25019685318614365,0.258441767386006
0.2512683189038316,0.25745915306575845
0.2583192967783466,0.25166165447636524
0.2643879495017074,0.2510507653862483
0.30895590261050426,0.23450739297358408
0.27084989436754164,0.24591258287319331
0.32574233035280636,0.23001588241170567
0.2768734405052195,0.2448718832956493
0.2692413999477069,0.24818965778695104
0.2854791846747129,0.23950532593077115
0.3240012599352625,0.2314910641775359
0.265760080207838,0.24869519721942845
0.2820875054265981,0.23954750578694167
0.30333531493882016,0.235240753552237
0.31784226627592116,0.23425464886558084
0.27550140677842355,0.2451669383230155
0.30554657367064414,0.23491497272155332
0.3213156198169143,0.23308518367125766
0.3191660792044567,0.23400830417699137
0.3208796388257997,0.2331187460067794
0.3180615269176991,0.23420097253798947
0.31150329232383084,0.23452495536227233
0.23519131605333488,0.25238172154732513
0.2789548065714523,0.23551064742770214
0.2557614256418048,0.24043771283457036
0.23900465219580913,0.24958914664173745
0.253140053543343,0.2431890111810454
0.27236217484671565,0.2370122019613122
0.2444111032364291,0.24719309678584384
0.2689323678072541,0.23947327173364208
0.25286543015926355,0.2462794217677916
0.2717356593857835,0.23874856122282456
0.24949558559419513,0.24711860615147674
0.25233707806147343,0.2469960469171614
0.27069371176046986,0.23943654097668693
0.33716119620512547,0.23134598405958723
0.26486976083198227,0.2648756654918541
0.31733437520801805,0.23287305937339456
0.2772231288755533,0.24588524147429608
0.2681638406364179,0.25637273368243013
0.27476658977930984,0.25339084939195605
0.33466136056739304,0.2321163935398497
0.2845487738171547,0.2445063175263207
0.2969193852901819,0.23658813207639062
0.2929660713802813,0.24189909492975656
0.3026625228240993,0.23611696945663058
0.2928813732854755,0.24285402052415064
0.27183801878291114,0.2554815360758161
0.3088944153026243,0.2346924807168517
0.3086630171771292,0.2348452526590822
0.3321580382309358,0.22904811413798587
0.2513416166206349,0.2550603393920336
0.26967703900892703,0.2349535549901417
0.26351334448531377,0.24461573786372634
0.26204754577851813,0.25150097391628456
0.2944356240169,0.2345709174970625
0.33020819940739493,0.23044725548903908
0.3124436955271874,0.23178452371617325
0.2989570530298354,0.23350578497841903
0.30700238686469267,0.23193721860141675
