0.2554212325003604,0.3707323358297996
0.36518917818599406,0.31741411513687745
0.26961013498857306,0.3470699119514245
0.3305679546778394,0.3186525410797218
0.26084802866336215,0.3545380874496474
0.27221029969467675,0.33694667923402855
0.25892526753468353,0.36142951380980726
0.292077589428262,0.3255822891766072
0.28556610978760777,0.32743137527482546
0.3087120250171466,0.3238738850560557
0.25866009287067976,0.36610251801781263
0.2784334067986702,0.3310845110065325
0.3207331355784565,0.3212165241820706
0.30627449851537697,0.3253253721471727
0.2744543105027835,0.3322505315639081
0.32496943971191866,0.32049674626820496
0.32340159051043765,0.321101645772824
0.24431988826079304,0.3535509359303227
0.3283664893826669,0.3116326018646232
0.25188701293418253,0.3373531088447199
0.2617830406416874,0.3302365125820245
0.3012258354767406,0.31577213684458544
0.3164560351804875,0.3137235990814699
0.2759501994674902,0.323101481893942
0.27106095494886945,0.32769270458405336
0.270220083967223,0.3285902886768362
0.28408593059591736,0.3210201331298816
0.289085748147324,0.31794273779152654
0.2804916895876302,0.3229481998963028
0.2967348730609828,0.31792290668078604
0.2873826280134153,0.3195525373134856
0.3232860509571593,0.31285382237220005
0.3006346394834465,0.31773114925572526
0.31857124692194194,0.313460844178347
0.32219123662344995,0.3131213396743956
0.34415954355617545,0.3112227772771226
0.23796762198287352,0.38031198916368436
0.24205001145129265,0.35502468859685526
0.24793772313894705,0.34260655019639813
0.29684893291958553,0.3203155361354949
0.3196941517559493,0.31648953482341263
0.23969245200483502,0.36717620666769635
0.28724524803311424,0.32795259722643083
0.3388343970940588,0.3153639293009081
0.27552364018279674,0.3295607447912442
0.26805129669001065,0.3319321284655621
0.25568578735297204,0.33849509317970794
0.29308028216190074,0.32295256796962557
0.24071866054729402,0.36332845778274714
0.3258943580427362,0.3159080239660534
0.2567793981378447,0.33362355120268683
0.25633663430062126,0.3340798604010925
0.36258467427194324,0.3118228341086899
0.26353819172535237,0.35126114032996536
0.2714499976481947,0.33432399897630327
0.27121068125925935,0.3443932206771506
0.3116470512551365,0.3187090779308645
0.31460912576620875,0.316619454908189
0.3429951403300287,0.3131710047571089
0.29998079231385055,0.3219821275866278
0.330404944629496,0.3152209000475925
0.26974808527372857,0.34631238874918463
0.29220769062953283,0.32604311083498405
0.2791107207739369,0.3314895773301913
0.28643510615783935,0.32811330601402716
0.28278495382859137,0.32908989736332656
0.27362306569691014,0.3328995188205852
0.2972902286077735,0.32481348206453403
0.29769420902564553,0.32364986183984673
0.3370005332711989,0.3142781938802458
0.3325427919214863,0.31428826183492603
0.34067317223427446,0.31385878871204076
0.2697916048840566,0.3456550562579561
0.29405862702095825,0.3170578111498244
0.23174726985813665,0.3741619576583465
0.28668510890701177,0.32234989194858554
0.23438933579571447,0.3600145979736925
0.2720101100647338,0.32676596914319594
0.24085536353707296,0.35000204296083043
0.23320537196909374,0.37060412791592817
0.260972144544301,0.33112608459650417
0.27150464072219443,0.33079509514001887
0.250445931101875,0.3458267676197234
0.2453973521010616,0.34868584618927906
0.2603539256520741,0.3365421005014974
0.25687184653997414,0.34017133500786007
0.2549501127112511,0.34311912810593687
0.2537763258733787,0.3443990047663179
0.25818076928634137,0.33875385735527047
0.2421286116942571,0.34884773940824537
0.34953596825211924,0.3162099197932987
0.2599479254329957,0.35278584057879586
0.2721853989664772,0.3294060099564851
0.26738621819024416,0.3372879062108672
0.2667733384986643,0.34435070323571626
0.2924507221556409,0.32896759294081207
0.312037828421131,0.3204178740921226
0.3309642284568303,0.3194797678877437
0.26325005690364384,0.34848594183670034
0.33230656530350233,0.31644791676076234
0.30471240158449053,0.3216749310844811
0.3012879367238417,0.32607938615486
0.2601518325940153,0.3511235854329403
0.2940324817508875,0.3264551294320787
0.30862108431117574,0.3214979843483302
0.3321886896245262,0.3183920559001366
0.29919965254996794,0.32629930027836207
0.25985064635805816,0.36301170894319723
0.3800863997449027,0.3102527046157594
0.3514382247876763,0.31211369522519067
0.3019774348102045,0.31519442070701786
0.26865755617653747,0.3493877752765452
0.2734579965020968,0.33552202427498157
0.30104752419907715,0.3263562133337771
0.26136447142638153,0.35942607758397266
0.2620543755488093,0.34991809750054553
0.2848215080782747,0.333145356792275
0.29065589609334896,0.32978051682007214
0.29189080922563704,0.3276152072514634
0.27931996356838057,0.3351680163510432
0.31898514974185277,0.3094187255881785
0.2421007513157476,0.3541411145862071
0.2955304357304335,0.3150118791442634
0.2684623964393827,0.32364203991702906
0.24769570792772058,0.34370972670694633
0.26782738585269367,0.33469627195999324
0.2542141100816398,0.3416184518899245
0.2755496520524527,0.3196167091261833
0.25802664900457184,0.33657784850115396
0.2848693265578577,0.3188709034299589
0.26530327904449746,0.3363339278875881
0.2928648923081746,0.3174513788023973
0.28265696345091523,0.3194309986615951
0.2951120465939506,0.316534928267935
0.2936113655200772,0.316881158206808
0.29360799507966445,0.31734425663942684
0.25779784710935244,0.35554243202590746
0.3409587742243664,0.30762223165756014
0.2600065790998911,0.3395141628314059
0.3103609761658596,0.3115832453374764
0.3268102189972794,0.3100235146133957
0.2883888580141786,0.32216638402516085
0.30425284101793865,0.31447351526547423
0.3303756804591482,0.30861165795711665
0.262318630656971,0.3385115153886134
0.2817662650913719,0.3226383840150286
0.26680701729023304,0.332972310842694
0.2938006180735216,0.3170749831513754
0.27624399574074976,0.3255221840954498
0.29701194574194967,0.3160187598007938
0.270275534207793,0.33286887171706014
0.2761623211031109,0.3277177132223869
0.27233163764782475,0.33026315206355533
0.2736836706456982,0.329890674288831
0.29676503736405413,0.3169928108851526
0.24462679843718727,0.350092603094986
0.33108924769620873,0.3127744286758952
0.24796118506762924,0.340534126125835
0.28099759900337246,0.3193869550448536
0.24706019145237126,0.34914354784621476
0.2535994953671167,0.3341143217678427
0.2991551320856567,0.3188211336730235
0.27218225770028237,0.32208990694538797
0.3186806352178291,0.3129910780603359
0.25821153066362706,0.33252858467183055
0.2644251408007602,0.3249765276153092
0.2625260585413895,0.3281679801641602
0.27674219022765434,0.321580662114527
0.31293473314415965,0.3130116309596001
0.30509848965993996,0.3132813414644817
0.30189037417736764,0.3178388811493667
0.3025685934152668,0.31523327599009116
0.2642306466613505,0.326281621961275
0.25662303332654535,0.33342597173480926
0.30302526651315587,0.31421574766866583
0.263296663809701,0.32814512422086156
0.23464407495032186,0.36747957637541684
0.33052542507997357,0.32333625852820486
0.301218179891432,0.3249474058074409
0.23891245017893345,0.3474439431223759
0.25385859463756527,0.33593588510889083
0.25788945428212007,0.3296733232921356
0.24838068419609294,0.3439175369539811
0.2844064803323536,0.3271445420155962
0.2739546512844238,0.32846348296452954
0.24227128171704723,0.3468347454816875
0.24279597838182612,0.3441926705468228
0.2842601449875667,0.31091668189283145
0.24358604096518938,0.3323809434557701
0.2522105629509637,0.32785242631750017
0.2722374597236923,0.3194098674065016
0.27741536287135016,0.3158096907726578
0.2604973602298782,0.31975682837277286
0.2600422053124687,0.3250158454971542
0.24302082881368178,0.34248223489943397
0.28404333689498856,0.31162502859920943
0.3374629778763247,0.3118293496738035
0.2484789995327324,0.35364736400354885
0.25475470716298126,0.343113899804177
0.2716012906500601,0.324111283723885
0.2684027318088447,0.3354008498239065
0.26779997330794547,0.3386788340288361
0.2537840938047985,0.3529359571143843
0.2802908956519001,0.3220522781923612
0.29179243052227205,0.32129847826415353
0.3080218124505965,0.3175443733665415
0.31955793228294654,0.3172259743255928
0.2988282294036103,0.3202502302629488
0.30366677365399997,0.31971573158903616
0.32512298506081266,0.3141011890328486
0.3232007569618666,0.3165995694547593
0.3272569613152435,0.31191780381894685
0.3268115524356294,0.3125322667589948
0.23906357248141138,0.3690712837459542
0.3358595504743337,0.30908886762392956
0.26503293654162957,0.3274720805691666
0.2636628975680443,0.3438559158868068
0.27208346962899593,0.31972984393478004
0.3011578467398926,0.31332172949118803
0.3159793627840822,0.31181641038395097
0.25167757988388045,0.35825415686546463
0.32575606352223957,0.3105709296616661
0.25219762293183345,0.3524981370752666
0.24751095157613726,0.3645621095325695
0.29350221322088565,0.31798370616713334
0.2568545621975354,0.34897985697276124
0.2995166006016479,0.31597612013348664
0.26173515105997636,0.3472056806910076
0.28430421404139267,0.31847696707738493
0.24825903145935665,0.362927990069487
0.31888274865713784,0.3113120326366798
0.28445552849769423,0.31825953227477977
0.338718345751998,0.3048464093973861
0.23492724564496117,0.3496168719945547
0.24428027465814786,0.34044459603816407
0.31558765313560955,0.30585155739450387
0.29644619534556726,0.30861963760765565
0.24457578825725046,0.33504655696559016
0.2641593062451769,0.3182574389503216
0.24856212754518195,0.33030297285620447
0.2623645555581121,0.3245337599116045
0.2731978248862679,0.31728178388360606
0.32557762888937924,0.30564063023984706
0.28253321403449916,0.310792973666808
0.2580879617454591,0.32919233734972886
0.2881017559585367,0.3105448224286484
0.2611561469683742,0.32809961588343556
0.3347610443088754,0.30530601471456664
0.2755679500193382,0.31318782646526394
0.293383600288924,0.3088225562069819
0.27522958669938874,0.3140440170606414
0.31577808039167604,0.31994601117512544
0.22952448225856448,0.3701990815964185
0.23577247666345702,0.3471484544857207
0.23095113086101007,0.36851103310727207
0.28272210986644825,0.3220385949418962
0.2971112144646216,0.3212719167302976
0.24821651493191751,0.3356506507849274
0.3057594339535904,0.32030959574527956
0.24314679288259905,0.34242000054943833
0.2448911239235299,0.34146758766463736
0.2703800705573987,0.3290075661807917
0.2574772830483029,0.3347953013549431
0.2656125822614766,0.3312224221878303
0.2816166109167495,0.3276928247250127
0.27602298513662815,0.32845703347583066
0.26453317524879283,0.3334970220486028
0.28021928538107854,0.32799831069447394
0.2592850757185038,0.33390164988597215
0.26164705956126216,0.3335945593608841
0.3043539151893493,0.31265270729150546
0.2511773249947825,0.3826834377425875
0.2528937053858155,0.358390763258901
0.2972061571883641,0.31841282966070056
0.26135151584502603,0.3472668668668688
0.27747049904479015,0.32814003075945625
0.2841540995840019,0.32237101494588405
0.2904142445580743,0.3222652802814768
0.2684783426617707,0.33462482071691546
0.27274525106862274,0.33225977741921314
0.26229761012162356,0.3453807280011437
0.2644841831185629,0.34116102487843675
0.2665962473368615,0.33708810231621267
0.2727055489134921,0.3326507648022758
0.2658602414319542,0.34057827104303007
0.2574684202076583,0.35578081813870416
0.3542218874923976,0.30600464822861195
0.2740910621614583,0.32174472377680047
0.3343970180578289,0.30736716320140445
0.32555586150332716,0.3109458655305194
0.27260633810206797,0.3364630290551577
0.2993735534820081,0.316196726112232
0.31363815428778813,0.3147104346064541
0.2888324052929163,0.32163034340834634
0.26163362853155464,0.34590481743321744
0.26610028329403007,0.3415752207251268
0.2933178545467153,0.3195422761436856
0.3110025488356136,0.3157583489936156
0.2610918411992718,0.3516769906961853
0.2687673945910373,0.33848989642365646
0.26121815401634635,0.3506972992990934
0.27024519211653814,0.33686811806223227
0.3049444772972752,0.3211119597148435
0.23033275365946412,0.34687343213355626
0.27284337371990425,0.32576659477078046
0.26056373527558263,0.32942066893259947
0.29338717262223346,0.32315665938214516
0.2787709784660396,0.32344496944917345
0.24380189614863135,0.343671907765544
0.24655991817414127,0.3358316981196633
0.24554291570642628,0.3425171511403919
0.3022259441003141,0.32184014162005853
0.2560789497653451,0.33314163661470847
0.2494407376846998,0.33499125140112895
0.25979095271825303,0.3325443521865166
0.2653751345246897,0.33766937942930125
0.33147603530576764,0.31118054971479514
0.26924069042970117,0.33173606197961647
0.2748571908140781,0.32454014776247564
0.31771881948043684,0.314683164002313
0.2935197468880668,0.32065525056915595
0.28174437441779876,0.3236396032103991
0.2990177478761019,0.3169845535648278
0.2672230107510383,0.3345966774810098
0.28729383378922324,0.3222271272644565
0.3073950002435679,0.3157358534538413
0.3016454177999733,0.31693563603421354
0.2918974562690597,0.32187048208732416
0.2665367548591614,0.33723994281015685
0.3107742456125867,0.3150273006697664
0.3105048364012769,0.3152468149255838
0.26610872937423513,0.33762917057830344
0.3457177408709527,0.3117526235151531
0.2450139613180715,0.356678366595761
0.32598271235970183,0.3126028867321813
0.2509147980100491,0.35323907696372187
0.25132787189123007,0.3448370450058559
0.31663023382066735,0.3142058205257461
0.25279079114554076,0.340909026641989
0.2938255087528297,0.3172208338313446
0.28353788304905436,0.3184327710427897
0.2540160362728335,0.33397813052781883
0.28347668540848464,0.32355783957426276
0.3044252825123435,0.3153783437498765
0.27900351510861443,0.3256027982891119
0.30207101733645364,0.3155005574429672
0.25939980052375583,0.3334057744710075
0.273360483317237,0.32633225629772156
0.2628236510114224,0.3283759018946371
0.26751312371743985,0.32814649685614333
0.27093044464582877,0.32755668255406684
0.2600179844390334,0.33022751799068206
0.2608930584567089,0.32991186980804477
0.35565237165314967,0.3103689665304038
0.2577897119440627,0.36407916902716864
0.2670940434098342,0.3496483144733674
0.26964211541667216,0.33889254428914845
0.297111815369062,0.3219883504777272
0.2662467936065645,0.3592267257351151
0.3419215109209208,0.31218166750815624
0.2955454854913894,0.32950229464899045
0.3089851971279021,0.32063132745959533
0.26221598868576007,0.3612699209542832
0.32281442009952604,0.3169639726957823
0.3163340927569685,0.31866656142353383
0.2794738017110594,0.3376128318406292
0.3346006152458015,0.31270613667066155
0.3284815514352408,0.31604295130840765
0.3325612079556739,0.31545254058305433
0.31106205880745735,0.31930658544024715
0.29095099483374603,0.3319492250270161
0.279663102615891,0.33596853580533836
0.2849073078984991,0.33518398520548015
0.28855480289544055,0.3341852734613928
0.28540187904732855,0.3349368254597653
0.2909377099616953,0.33255925261499153
0.2893657645777002,0.33366355164651285
0.28891629184935325,0.333746127231027
0.3093952556918456,0.3099612168170533
0.2516889833095176,0.3460479427489176
0.2557844599610697,0.332500017985305
0.2647602120357693,0.33036545603968226
0.2652674071276324,0.3228386916498778
0.29727548836133255,0.31236352207436674
0.2839169672613748,0.31628927171884097
0.29185364419444587,0.3154773196584289
0.2721104211791536,0.32254808005592484
0.2589250685137027,0.33241475569574264
0.28002924035380455,0.3185517688052931
0.2790830369556148,0.32063504040023544
0.2951424842292885,0.3147692854812378
0.2773902960881175,0.32230199528480524
0.29699870832212566,0.3142071597871029
0.27828707762041854,0.3221910448831426
0.23192202518650062,0.35276462655497853
0.3045778620855373,0.308528507272864
0.2531057647811876,0.3142247775760471
0.23333253024427683,0.3349876942965647
0.2734572584423118,0.312597970026132
0.28043045745374257,0.3093912535234343
0.24240967847698122,0.3204111994635037
0.23724574870149093,0.32281356377083775
0.23716728989674962,0.3322380079454581
0.2773016482513015,0.3100583247488762
0.2415151983900362,0.3220649496258542
0.23387878312934077,0.332966746008449
0.23489506841436916,0.37130121703507024
0.33750035937287814,0.31525396845836867
0.23947973992068453,0.35443229143903465
0.3072723170090145,0.31977783907452506
0.2520051361159766,0.3395188816967494
0.24501630681154846,0.34481942965516515
0.26237275428326484,0.330322473338008
0.2572802680495576,0.33452527344044647
0.3297468120014941,0.3194615282915768
0.27813246905097966,0.32712994498470793
0.23956152733912536,0.3485356486037856
0.2754921152601317,0.3292376543704499
0.29449434781976985,0.3268282671059491
0.2995239129322475,0.32266784814292643
0.3358588224721613,0.31899527048749743
0.29868126668293,0.3248597607863874
0.33195211935147506,0.3191773294442823
0.2962499193705683,0.3252745087488755
0.2991506768857008,0.3237726503178085
0.2951694082626621,0.3259087805832114
0.33459619628775294,0.3190678185297774
0.306685440745376,0.314331737555002
0.22929288768193315,0.36858942772167347
0.29636015034652435,0.31977811681362406
0.29016854887641613,0.32501176160996065
0.2748504141289537,0.3250886473851176
0.27042358572835723,0.33012271997276027
0.23789903476385488,0.3541713560897034
0.23429987529004767,0.35807099743736004
0.2659229988582322,0.33722989947644266
0.24508509449602728,0.3473324864022482
0.23233727096641923,0.36663427762037815
0.25425130947592783,0.3425478969375569
0.248011220762744,0.3457526383554743
0.26139370877170465,0.33971145504640277
0.2568127163354465,0.3406935574246803
0.23006799554912408,0.36805035877995584
0.2942756904893451,0.31186416106509485
0.23877032070407436,0.3448875376706106
0.25520447582206907,0.3206346724655561
0.25333855362324975,0.3298028252838737
0.24301507115327511,0.33891551975680245
0.24533050176264276,0.33280985063027585
0.2671239989088551,0.31981878005484554
0.2870807569781274,0.31520193228041576
0.2703352330927723,0.3175272295055938
0.2853759176931502,0.3162261473530717
0.2761785243107896,0.3162292976137618
0.27585117795756564,0.31678958316054173
0.28629346327792266,0.3153647454461813
0.316927678931272,0.3110779966953911
0.23667147348607342,0.35968388690218206
0.27119076897229466,0.32022554643675494
0.30058005646479247,0.31472475746440487
0.24204543954068775,0.3517575866401377
0.28441014943762594,0.3188552259168306
0.2502040699663174,0.34272505337882175
0.24731312393560423,0.3458630138528466
0.28979385519265416,0.3151240477585751
0.26160190671281347,0.32574117117358653
0.25259940977285755,0.3318961896796822
0.25134271624877275,0.3340962119567778
0.2594602608597382,0.32616084510727983
0.33214020512611925,0.31133301407400815
0.2459827711256309,0.3560497126948006
0.2648744747969786,0.32771884188629563
0.31515571208120957,0.3137328063397869
0.2469444743437856,0.34829186074777657
0.299343624216206,0.31868683222295996
0.26014410263137533,0.3336911407874467
0.27157262505474494,0.3232952660376997
0.2857773275160854,0.31886390301824163
0.32781492878152707,0.312002054493148
0.25493167224798297,0.3395081541230537
0.24940525838727978,0.3437334155276602
0.2833965034292117,0.320563055823039
0.2737061976821159,0.3215954777556904
0.2551036636910757,0.3339054650971238
0.3061790711971521,0.3149793859653487
0.30467582262534715,0.3165403950614473
0.25244626117064195,0.3419397094213785
0.33074264609863746,0.3119429950669074
0.24684539873501962,0.3635810696495173
0.3490800066026058,0.3165385435004173
0.24696968402201963,0.3496294380935111
0.31349569278580225,0.3179033734951963
0.3456363550136703,0.317201572306512
0.2680331495231385,0.3281124570942939
0.2615786277141624,0.34383101620683565
0.24765053261326858,0.3447301250102876
0.28314478569259577,0.32597062542097716
0.26766962522489235,0.334334665321208
0.26193781291595475,0.3374402601834881
0.28934128885068894,0.3254719434179642
0.3068688723868689,0.3182187217751968
0.2971264460453336,0.32431755840481424
0.30138558589979,0.32034209131922764
0.29927851625726654,0.3223601953839118
0.26320524027050524,0.3362114363998665
