0.44061423652826043,0.15649404314090584
0.4597911891487966,0.1532479891986855
0.44820739629099515,0.15429359055921787
0.44126844186834907,0.15579158044727137
0.444346762690238,0.15556025101431736
0.45705510327349075,0.15326995473108765
0.4453438673392915,0.15484366576712022
0.45508149383003144,0.15373938279505034
0.45303946007276563,0.1541779925636475
0.4449859864988361,0.1549941178418396
0.4540425535223458,0.15380545342843538
0.4531378031190686,0.15415647990563763
0.45416433574331794,0.15375526207817308
0.44108581778288986,0.15660392549954297
0.4611593146123746,0.15298674183424496
0.45905264756223785,0.1531722097530919
0.4419875008799111,0.1554941225819353
0.44131612272632736,0.15613862286830618
0.44640895712022227,0.1544878244721379
0.4568367065888561,0.15355083279911905
0.45249759622310126,0.1537136566532584
0.44345923403363896,0.15524127439880922
0.4452059245061442,0.1549643315343029
0.44885822400468267,0.15423909921278134
0.4471670451205102,0.15426667880677
0.45511038253975206,0.15363296164543125
0.45190570835553084,0.15407748820985648
0.4442832754997428,0.15497968577314106
0.4510065512416309,0.15423613225848415
0.4555129490847476,0.1535715078464963
0.451358852282083,0.15411618275449881
0.46759766930661556,0.15240996950032698
0.4437647333303512,0.15516841751940286
0.46258538340249516,0.15257646917387846
0.46155649546050265,0.15279887982315024
0.4483235130880138,0.15397529560170034
0.45764020285863766,0.15291219526324012
0.44797082963000606,0.15442996980189344
0.4490933047819748,0.15369935219126563
0.45161273109624744,0.15362793245496348
0.44486596300126957,0.1547560918932864
0.45723569991414836,0.1530937748519288
0.45224212974787276,0.1534059601025895
0.4540353440679451,0.15310930274526435
0.4530046122825862,0.15318538643432603
0.44619917043779667,0.15450895312833765
0.44537904413173496,0.15469867005803434
0.44568425866863753,0.15456018439062555
0.4663901018638509,0.1524341710542954
0.44737002007805815,0.15508043868443713
0.4596579564932148,0.15261252937742387
0.4519347712362786,0.15328372997569195
0.451684197875622,0.15392701863860028
0.4635928360882243,0.15248287643303582
0.4578313277067601,0.15269917751787798
0.44963386857088267,0.15447424866894666
0.4571862490885594,0.15302187930901354
0.4494696981119162,0.15483237094779603
0.4537324056288584,0.15321184357358364
0.44845121512202674,0.15490640048756185
0.46460438905334644,0.1524657789058341
0.4509735214446046,0.15411927947312345
0.4505671754252502,0.15429816182835257
0.4559530938372988,0.15312116443271456
0.45558751014013793,0.15320391109775863
0.4505673060805852,0.1541980708664214
0.4665279583427435,0.15313510388380705
0.4443411221214026,0.15539049296205787
0.44666830594442963,0.15492485141776025
0.4554607194810768,0.15367700630363393
0.4479373297108493,0.15462315142520006
0.45049153831113886,0.1544933800378839
0.44588400046181,0.1553652883554025
0.4533269729373653,0.15404370623119135
0.4510567753385314,0.1541653714859721
0.4636655296293701,0.15328956388872234
0.46246728701012957,0.1533528324360144
0.4600419600668854,0.15346210969938776
0.457995212270925,0.15360934722046202
0.4596802203648336,0.15360278723434434
0.4529962547667535,0.15410533579121108
0.4548685200097662,0.1529895510532896
0.4422940873049125,0.1547878725747406
0.4537644736479305,0.15336169984816023
0.44447073667715037,0.15435935550130947
0.44928631370268146,0.15338220183371176
0.4475404602846788,0.1536672984584257
0.44288099823435456,0.15463665270025487
0.4491673678245199,0.15352894440053255
0.44641382913330757,0.15423196845310028
0.4475260410162617,0.15405959778649372
0.4471382784445421,0.1542190927712903
0.4472459237486119,0.1540691587738874
0.4467687940040897,0.154226586625765
0.44529826775434683,0.15615089546096325
0.4645235160520194,0.15270970721462973
0.4502948642086542,0.15467404678486693
0.4457652942718135,0.15580808090228868
0.44761874384111133,0.15528052646944726
0.44821532879138953,0.1550596233246164
0.4570196222019197,0.15339812784952023
0.46217278699009245,0.15324015998481447
0.4598407512033732,0.1533327026968466
0.45256858991946625,0.15437967496187557
0.4568110055148672,0.15384076122327467
0.45572499329297067,0.15393461612232343
0.4619540982822676,0.15329748311680824
0.4531716660217465,0.15431334992334772
0.45472499751252105,0.15425642907842912
0.4557014282328691,0.1541804425593796
0.45548912647128575,0.1542263624769616
0.44949076448864755,0.15514520367781834
0.46554155512572076,0.15267961734023935
0.4640857263523199,0.15298303413074202
0.45693136577699117,0.1538796430227265
0.45397708950695614,0.15408914713270735
0.45945483153387584,0.15345605840469903
0.4507086645335474,0.15496101729693468
0.45222172143482703,0.15479688232245525
0.45294486834392916,0.15454434298666317
0.4529711412573304,0.15416832880456688
0.4617012981413601,0.1531945380702179
0.46169186227730297,0.1532225809021354
0.45885562744673086,0.15365919990167123
0.4585736939720966,0.1538535033528709
0.4586250618832029,0.1538482171429132
0.44278428977511486,0.1570548548811228
0.46569686761130485,0.15250945825990855
0.4456804599827201,0.15501520068234587
0.44867655484028,0.15422524497685794
0.44500673000459035,0.15656763116699618
0.45937282593060524,0.1532596681636555
0.4553758409223872,0.15411579520421273
0.46427056392586874,0.15325253314590084
0.4649885349236771,0.15309292626849044
0.45597586501058057,0.15378014214047894
0.45840047010712254,0.15368323847977797
0.4587042346461176,0.15367149200945143
0.4653687879891036,0.15266934148799588
0.45571725942868263,0.15394033131039225
0.4556592348226541,0.15410240346366427
0.46551247486582176,0.1525877251131116
0.4783278888428168,0.1530216943907851
0.4455911886202511,0.15624109100305475
0.4723573506809277,0.15317005464682745
0.4663774737764897,0.15326898570510053
0.44771906298779085,0.15563453653044018
0.4523622822604164,0.1546344541176789
0.4475895101452807,0.15624049078318047
0.464823372340053,0.15352178004094616
0.45133803473985756,0.1550257755238919
0.4492459600131825,0.15539600181023888
0.4564020739153431,0.1542239519742611
0.459322692076653,0.1537913508859233
0.46147355980242416,0.15358623618051528
0.4540042136784856,0.15441394483180007
0.4577450783249193,0.1539146102730633
0.4507088351660836,0.15517910281851038
0.4608418782062645,0.15363274995014536
0.4494633715309336,0.15526264077843857
0.45465605794631914,0.15435923933224083
0.45598544310302747,0.15428073120011332
0.45777186238835216,0.15386430166393147
