0.4641711068401305,0.15285774656394469
0.4458156496574709,0.15617162246072258
0.45787655863220905,0.15326646169770672
0.4513777036437085,0.15431857159237683
0.44698684971576336,0.1556424150552624
0.45683403763412284,0.15358382302358128
0.460690700860876,0.15288338817127112
0.4550728597216125,0.15375290226873461
0.4511558119731215,0.15491725612182775
0.4529567279537693,0.15414747085013955
0.4542627963457054,0.15401940662568167
0.46101544101748215,0.15287256384028658
0.45098341328727504,0.15514197307343847
0.44775019722078646,0.1554768592472597
0.4497963604399292,0.15527548769148522
0.4489582648468634,0.15541386451538183
0.4495472309365589,0.15540301459719308
0.46551277804136726,0.15291604722140853
0.4415817035372686,0.15514487095326682
0.46138565785795693,0.1530846939515659
0.44199374265530506,0.15474740121248198
0.4530034275697509,0.15327384605165362
0.4562882637800321,0.1531766625984522
0.4581139867720639,0.15310504033886987
0.4438850513343906,0.15461483919741253
0.4465860829245233,0.15407608346736326
0.465466194984298,0.15297368150153243
0.45260221853338495,0.15355571951969885
0.4497005868841358,0.15378300133212258
0.4511994591635649,0.15364979409130397
0.4461752415646699,0.15438593626832345
0.4474044841695845,0.15382941234188885
0.44707397587078784,0.153910791913674
0.44586579464727255,0.15454632298372545
0.4460785407201498,0.1545034223648025
0.44443984381317064,0.1571400919396465
0.4686809609572554,0.15314345917948857
0.4450696634179202,0.1549269278318807
0.4448389781363644,0.15695844777198062
0.4675441602263067,0.15351108621156817
0.4581492516789783,0.15377610233047456
0.4629101570016524,0.1535977894326577
0.46131465021767043,0.15371977730307107
0.4538699249347416,0.15384123741902514
0.4494828411618581,0.1546330978275488
0.45249285163943903,0.15409977034949868
0.44689222064629236,0.15491305961222576
0.45154762243634755,0.1542372113542474
0.45028882932898745,0.1544534166645213
0.44838869858476105,0.1547643012361363
0.4530364816846376,0.1538830364938926
0.4504442324024488,0.1542820680959927
0.44771432629928043,0.15483721698784714
0.46589650513338815,0.15291429609610452
0.4435417349602654,0.15633550546533773
0.4454017372920378,0.15553257474785673
0.4621719043412636,0.15310427667977655
0.45697735875883466,0.1536756744302479
0.45850238347048583,0.15337175122457786
0.44976306010238737,0.154445082768111
0.44552414568871573,0.15513112950239163
0.4547146979462764,0.15394155311954671
0.4630776866090578,0.15309563853490357
0.4493114524193524,0.15486621674553083
0.45388941187759135,0.15399865061570894
0.44848448659710444,0.15512686108458262
0.45263108797848495,0.15422804320924513
0.4520826978914189,0.1544005290747709
0.4577198537440041,0.15345554604690428
0.4492344800897244,0.15511750694092588
0.4521640335509697,0.15429337616086206
0.4579796535475923,0.1533870271459959
0.46789201416156245,0.1531120534763826
0.44418580142956127,0.15660592055906786
0.4639113938618336,0.15320815618143124
0.4594714300520536,0.1532241768599413
0.44910019597036566,0.15498003108879183
0.44575383391612755,0.1563029430001714
0.4506424871791788,0.1544061456332793
0.4460468204536553,0.15575648072742382
0.4479173465597368,0.15569780921369625
0.448289599535684,0.1552911136086536
0.46655540304586146,0.1531182929308815
0.4585195183017498,0.15355393131128656
0.45275380784972497,0.15437005789576697
0.44437762333037084,0.15651504867660854
0.4558504585875174,0.15393337792038056
0.4542587237320187,0.15422440828507752
0.4572631312508792,0.15379598979934248
0.4484562094490876,0.1550893428078109
0.4547623542329921,0.15410212802064444
0.45172196978041873,0.1544036910635581
0.4567070276127824,0.15386665028380916
0.4584683359836594,0.15369100515445924
0.4546149576311192,0.15412709503771727
0.4584760608215463,0.1536537920525032
0.4461545224723506,0.1563862494537946
0.47572017438614644,0.15295290881146315
0.44850790236822174,0.1550691032837201
0.47115540794993216,0.15310856545662674
0.45092912410061453,0.15493859570819768
0.4564724743648607,0.1537422067359293
0.4666997214815858,0.15314884698017545
0.46433581378463235,0.15328349256570165
0.4520735553339459,0.15425324601821153
0.46070249857877776,0.1534708271890204
0.4611055907752894,0.15342278402316933
0.4553367251874282,0.1541483012338108
0.45629455127453455,0.15406600805783863
0.4522646054473555,0.15418791958599826
0.46435568745597383,0.1527866926396251
0.4439931403208987,0.1556732910530344
0.45428952862070915,0.15396294468356977
0.4510172474379857,0.15409042546236454
0.4459093385256678,0.1550706886354433
0.4488064858402666,0.15433331774754697
0.4642159284820462,0.15297341603978834
0.45550066702977726,0.15380344067860174
0.4619228958031829,0.15338344251759825
0.4506561137606424,0.15423889014199163
0.44725419573442576,0.15480752943243345
0.46265410508391547,0.1531447675073097
0.45944820495781735,0.15345559030632622
0.4595769253070539,0.1534054387575747
0.4581006711664539,0.15363475104986762
0.448309267690949,0.15453914234786983
0.45703917452472376,0.15378334930985452
0.4448599255656522,0.15524984271937978
0.46200093527861635,0.15319152719571721
0.44538049609977703,0.1552423786900269
0.44456905522847684,0.1554759005909059
0.44758783489303133,0.15476180504457804
0.4445063093312029,0.1554889386133638
0.4573579289137857,0.15370772843963612
0.4477759393081823,0.1546018843568013
0.4579431302834813,0.15365801715524602
0.44791306522510516,0.15457738826575915
0.4416829915498061,0.15695258362737388
0.46155559737120666,0.1530339100310682
0.45723613770417887,0.15372112965971346
0.44258971092464633,0.15589360917735748
0.4526896162740529,0.1541064368750409
0.4598354805767395,0.15369649804896326
0.4420396155790624,0.15685563785868267
0.44753893236040965,0.1548272503362706
0.44409362138165526,0.1556525344148499
0.44617203220750934,0.15552830419725708
0.4501847974159223,0.15460581092960143
0.4516396025042624,0.154543891441644
0.4520440449485846,0.15425156803384696
0.44749815754663436,0.15522322274707104
0.4471716369926853,0.15541319236737014
0.45034862027720873,0.1545799030748566
0.4474290330836581,0.15540778868285346
0.46269666498332523,0.15323128899061736
0.4394405641408965,0.15612372854325615
0.4456699907209637,0.15601403093478763
0.4462360209067597,0.15532872384180166
0.4468604012881386,0.1548318610391817
0.4458751428429165,0.15557361062282135
0.4606129332415417,0.1532907024152631
0.4486161352367942,0.15434726282644268
0.45712780472518766,0.15344649075843603
0.45569800682602174,0.1536799951712052
0.4577737979038575,0.15331671880472347
0.45147958337572247,0.1541941696201211
0.4473960367061292,0.15460946501248413
0.4457482574475818,0.15597442113885623
0.4544124367579193,0.15372211758512644
0.44774618256281085,0.1544173597769905
0.4534163068537124,0.1538436168735714
0.45157972253176126,0.15414464385621857
0.4522801881433277,0.1540405685520522
0.45318200816320214,0.1539865409249287
0.45324176531046895,0.15392041100217788
0.45237118027760903,0.15401091112744153
0.4697453179075348,0.15288123502774859
0.443746270457985,0.15670219377850403
0.44759957856561544,0.15479918498071243
0.4532365083539439,0.15399098435220773
0.4473570024799207,0.1553707644411071
0.45042935999295836,0.1545515483137041
0.4662588578539233,0.15305103437107048
0.44605274710177056,0.1557310384015639
0.45750032886824066,0.1539538621663584
0.44579772203378776,0.15635881105141106
0.4518121142412329,0.15416425006542753
0.44483673276740754,0.15645230511294975
0.44654214932985714,0.1556568557173486
0.4621249484277003,0.15344449098903726
0.4597030038528375,0.1534577183941218
0.45825732836305305,0.15371716223045925
0.4633519937850698,0.15319874536015252
0.45134572217549845,0.1544365625478494
0.465244933072671,0.1531446007591302
0.4516498922685122,0.1543628212007867
0.4590975198975972,0.15354942497339935
0.4626190787237898,0.15335967102252862
0.44526127745685157,0.1563677928155201
0.45783904135209313,0.15382729940885556
0.46544914111624663,0.15306955822638213
0.46304946316320417,0.15333105598271993
0.45920575844794526,0.1535287475178978
0.4632727107303772,0.15326816997502704
0.4575939903850383,0.1538359125992188
0.46534327861616925,0.15312835097497499
