0.3671875511463784,0.2074493943215057
0.30047825717496357,0.22509107315327206
0.30142755821650913,0.21854276518030083
0.3468882085160173,0.207459210960748
0.31806569796527984,0.21348406080597077
0.34154116747167373,0.21019973192685887
0.3132400387115776,0.21759945375157397
0.31710986260487894,0.2161868654571849
0.32794966978650353,0.2130889378976414
0.3349891183566819,0.2113567704795016
0.3405053671656694,0.21087492083930173
0.31396192325368966,0.21707499529409235
0.33071065765419827,0.21172640814948487
0.32876331839241946,0.21211709693368955
0.3182122782082378,0.22897110912805907
0.377768671537446,0.2090590961718157
0.319969091492337,0.22287410789586795
0.3484900424922605,0.21158239137356918
0.36088698159290783,0.20982504504203145
0.36026771304121746,0.21078146823953522
0.34008977317821865,0.2120619156843974
0.3220870898259375,0.2215030243137245
0.3231186140324375,0.21861033664231763
0.3321543312085293,0.21529835580481113
0.33040561273927355,0.21655746809625936
0.33822717196724483,0.2139719904631816
0.3363220992389633,0.21422381174094507
0.3288280591136226,0.21822288736585968
0.32563277546780706,0.21829527538151586
0.31267092079654885,0.2241909988989012
0.37669913779213693,0.204869593082598
0.33538161764124313,0.20854016680385465
0.32858031912747765,0.2110470981346829
0.355656655376559,0.20577951963853944
0.36029827875601905,0.20531113361797632
0.37329841292782384,0.20512475773249833
0.34421196246092856,0.2071776771025795
0.31316712554671555,0.22165476485336108
0.3236439728717107,0.21304346201824956
0.31710317973762553,0.22027717236419359
0.32212339407378,0.21627580999045032
0.32396104866256703,0.21183324051704538
0.34105263479483894,0.20806248094269328
0.3189002260148339,0.21849396789229972
0.3201171256018314,0.21650497185600617
0.3189103225918155,0.21789047861493627
0.3430544144617483,0.2076667551286597
0.3433751414936441,0.20745806024686847
0.3017818907479274,0.22677443598306288
0.36351803211007294,0.20780746852112572
0.3097919132268049,0.21865489720183273
0.3065958018774197,0.22346684617461518
0.31471762630494715,0.21638581191791253
0.3060683285756969,0.2251499565562951
0.36056220247613013,0.20816343633786194
0.34654081101187967,0.2111293181666639
0.340981444101026,0.21210679291720358
0.3549379364139289,0.2096438275767782
0.3194119404759052,0.21530527600632524
0.3484235890469706,0.21007694651967201
0.33725212747429245,0.21226409333156376
0.32443052037743536,0.21410052754171724
0.3332289075129228,0.21296418007226692
0.35375723767707656,0.209954438611986
0.3303150503710592,0.2140057009294998
0.32063034016810327,0.21412587818569026
0.320335176846396,0.21448808141964806
0.3316605784926164,0.21391189744161465
0.3320052126607195,0.21331928248873772
0.33187421175953014,0.2134354609764254
0.30433931105127016,0.22763485512639098
0.35298677714028964,0.20759273014022847
0.3047539745769858,0.2202444538119458
0.32858657706041566,0.21243526967802387
0.3345959158048234,0.2098556803800449
0.33850463430097805,0.20804302918988432
0.3226250177195724,0.2140320144757639
0.3117963951055493,0.2153972109934264
0.31595728758860797,0.21423222469745448
0.309134540876208,0.21774439469830845
0.30854456324848234,0.21868611343605987
0.337983555394632,0.20841793453843122
0.35537718867510737,0.20649201537337125
0.31391760994488765,0.21766984339025622
0.3514279023147098,0.20811419737528933
0.32369740667004676,0.2163750658669061
0.3389330606699365,0.20822695355469606
0.33530535781015475,0.21079047901819822
0.32822340041766784,0.2149399933420888
0.33042953018656157,0.21184746610362745
0.32910386540558856,0.2129335388996518
0.3384222314320533,0.20957407183323135
0.3243625720830934,0.21549357430532942
0.3454057858969666,0.20813711576626864
0.28130156428949166,0.22931492603115464
0.2910800856443541,0.22580214530237655
0.3148404725040424,0.21325336001836032
0.30417527022026414,0.21857619658143676
0.3313029731832147,0.2094049635813822
0.29922823391156117,0.2223773533862798
0.3124693548235657,0.2176975128160868
0.2944692073528766,0.22449905671851086
0.3240942639812634,0.21281764095200012
0.33078404738679223,0.21080781830480366
0.3253608377563578,0.2118820501690299
0.29906693100786425,0.22331069719286537
0.3110181437054625,0.21820217779034076
0.3734050283001575,0.2076954055874444
0.3021725412164101,0.21931631636901444
0.3337587647832294,0.21060204682543868
0.3088157440933673,0.21770237733532802
0.32255453136776635,0.2114284073829067
0.31667112652632023,0.21572251836710193
0.34810259349032985,0.2095916577833035
0.3175334167456986,0.2127042372612094
0.3172661873539455,0.214410219077421
0.35755390164691875,0.20898094589100677
0.37114307825660664,0.20822681935998877
0.36499145138587913,0.20863679445372116
0.35226185245092384,0.20908278446580034
0.36616686882744437,0.20845840248192288
0.34977968857269875,0.20920090339361264
0.29699280337434864,0.2205186105462053
0.368076169838181,0.20587742317088034
0.3015378702922933,0.2144060243372158
0.3197647703071754,0.20774407331812092
0.34230047079615755,0.20669323246434973
0.342259572736397,0.20733215844743802
0.31841231828610583,0.21045693928257247
0.30784403232506563,0.21329694908143396
0.31288160802082343,0.21156212045509826
0.2961973839794563,0.23360135411314562
0.3859733410445113,0.2066567072546238
0.3497637640464007,0.21138400706334465
0.29705752366278143,0.22990173210734527
0.3681311050978968,0.2111102577465557
0.3295898235953414,0.2162268617505549
0.3451758705865184,0.21293502391540697
0.3386064001244935,0.21529082540916808
0.3043666149660017,0.22507989500255815
0.38452427096035613,0.2086727981516532
0.32428436669794364,0.21694193556675376
0.3774026819522411,0.20908825720592825
0.3034089823924055,0.22781995231029917
0.3399452427899028,0.21420945901501903
0.30181806929064026,0.22868340586103011
0.3089628015458517,0.22442472049282144
0.32222529045621623,0.21880306431853253
0.31507150958562175,0.22114334246787212
0.3148728170061864,0.2230878185999957
0.31402259355820605,0.22404238386499586
0.3739604357388339,0.21042677844740162
0.32198818531322243,0.22002651108407106
0.36867067818782573,0.21110663116976713
0.3744150987986101,0.21007971064581285
0.31704844710914337,0.22038825044208862
0.3180570000284715,0.22009252455397507
0.3866448937058856,0.20587510022051086
0.3081387615148263,0.21718374476786464
0.37368216247167635,0.20599445598193572
0.35264527871038726,0.20661705535728397
0.35093656862615885,0.20775396141508262
0.3310649567028993,0.2140895373952876
0.3177462381332834,0.2160531891559361
0.3317325806157752,0.21229646593380858
0.3196708131534467,0.21598707027040107
0.3472792051198869,0.20900749139058464
0.32469971865649006,0.21445760861533017
0.34318830808947454,0.21124085998520026
0.3434654035774471,0.2099945709916614
0.34497621599849804,0.20945468941970083
0.3357050463979529,0.21214253017428814
0.341441047809808,0.21180575235456275
0.3253408956141315,0.21432285489389025
0.3393569076783627,0.21199110101729032
0.2918805266320163,0.22236848892127287
0.35568709648750296,0.20621708154254237
0.29705496144259136,0.21904146979985611
0.30253637249530546,0.2175585188287311
0.3507506810566358,0.20679746662994936
0.3147733500160645,0.21291830058024744
0.34227872812276633,0.2075127448462225
0.3154948441720853,0.2111702905241908
0.30645851971961524,0.2155425158634209
0.3200543741848519,0.20987266220056383
0.33239408484933475,0.20848838315672488
0.3118341017505376,0.21477989861058625
0.3257993010798499,0.20975107439076013
0.33694738475574254,0.20779805512730193
0.311062302065156,0.21542393805446625
0.333108006919042,0.20793442898513148
0.3247523617956489,0.20982530298732793
0.35261294693613476,0.2084389770283392
0.2847072339281683,0.2207866870095571
0.32235326744636716,0.2088252628642094
0.2850478309508915,0.21707507192731845
0.2984070417207884,0.21329899376561653
0.29387293998277547,0.21558017969865687
0.30620997991972926,0.21230213278146995
0.28987306226517057,0.2158938543304308
0.31948854721844344,0.20997013860489627
0.3098213166322689,0.21155650498401588
0.3173610919124916,0.21086660915219574
0.3135181483131956,0.2115546557999352
0.3157057307063884,0.2111471127877496
0.31504972798685016,0.211353909922976
0.41918335649360267,0.20673147250285265
0.30535177288341725,0.22515106960272185
0.3576014952254491,0.20709760631110916
0.3095670411685853,0.220660872272118
0.33867090800543354,0.21161401418731993
0.3067658038402569,0.22504992236492533
0.3337953015082075,0.21392922243770707
0.3504668643142612,0.2112510662365183
0.3115657413942409,0.21985212612003469
0.31671570871382604,0.2183613196809088
0.357325185349882,0.2093069923495418
0.3524893160285667,0.20951837031480916
0.33066018423371435,0.21508167404559098
0.33003126193343507,0.21603530392993045
0.3291296923095801,0.21686559993167862
0.31864825581734146,0.21771035169245145
0.32745153976985225,0.21709353681354318
0.32499738383000737,0.21736303640159144
0.3239192008354256,0.21741668190838573
0.3213662302790944,0.2175831191243872
0.32090497515995897,0.21759903825105273
0.365852626991931,0.2097492098956083
0.3097775620173446,0.22556453334797427
0.3167148789278407,0.2187721066426234
0.32047753341338453,0.21645101591622665
0.3345065053171895,0.21408598547345364
0.3420667865128445,0.21270233722519274
0.31514290525816735,0.2234740077035008
0.3578273205458218,0.2109209143850167
0.3157263000434707,0.22200056330157428
0.3516779642564526,0.21208396374339591
0.3408536536927935,0.21354894968037366
0.33013788484090006,0.2153946296616059
0.3251423243499428,0.21626473513484681
0.32940706306308865,0.21583481933481716
0.3545454619689528,0.21098597180844125
0.353942418180756,0.21165769076541344
0.3152196511236825,0.22260501856042506
0.3530663623241138,0.21204981210330234
0.3152277765255758,0.2222411134694205
0.30752742800701566,0.22413982725319423
0.37303914663289767,0.20467973598418465
0.34782259609966537,0.20487171921856193
0.34570001205191375,0.20765849469076536
0.31390715538925484,0.21993255568593742
0.33361429342685656,0.20884367578763047
0.31817990007816843,0.21562258811422802
0.32610671229069943,0.2138751146580201
0.3193456195457728,0.2149252754107121
0.3332771494419643,0.21080618039280052
0.3270698524038929,0.2114807211934283
0.31345595477160326,0.2213960192359442
0.31264943273988627,0.22233898483480893
0.3289514048323738,0.21118310558256323
0.3105604895346088,0.22319796135406056
0.3087934591769564,0.2236393008907334
0.2972373500135258,0.21686885918917792
0.357803404464329,0.20581222270428687
0.31792884361660584,0.20882707904539946
0.33338501421579486,0.20856648184222604
0.3034326893349415,0.2148047835895737
0.3082011350094698,0.21301937328508253
0.3379179947612994,0.20787729931036542
0.34157770008690685,0.2058239670561867
0.3124745316975331,0.21268872364101793
0.3159365117937607,0.2111504949366852
0.33969004299003347,0.20602879475209193
0.31789138567292385,0.21087610866953382
0.3021437083406889,0.21648820119603596
0.3021051210440975,0.21654540960581556
0.3105739407765262,0.2291494168383404
0.37373268382524705,0.20753436496948147
0.3389392122241313,0.20828009678031995
0.3619744367243175,0.2080997798286869
0.3341002783550232,0.21227759860920492
0.3168263515626005,0.22516576978132632
0.32134209370272304,0.21947475275170106
0.32273031803154645,0.21710885224957172
0.31911374595613134,0.22168226248099993
0.3277450301256498,0.21672654458900323
0.31485703787903485,0.2261926543648216
0.33181157401723194,0.21310316756814576
0.3300897207762103,0.21430799092648653
0.3294975089501176,0.21557311123418466
0.3144484553088687,0.2278375869727821
0.3110269578452756,0.22797428118991667
0.32061238617538873,0.22133208170766255
0.31964764049894845,0.2214775142901551
0.3474948946454682,0.20648690952523582
0.29193631102235174,0.22379583214117643
0.32455489134396875,0.20840504574119126
0.30316816149380527,0.21773182768061625
0.29723905324763894,0.22293165980532734
0.3419614923188248,0.20799424420815377
0.3204270680562449,0.21326757911087926
0.3083482518905902,0.21609123691889462
0.31449581154640666,0.21564117744612624
0.3192023746918403,0.2147043186612506
0.2965158852190518,0.22520267415870038
0.32496590428596456,0.20758174456465223
0.31056349100514813,0.21111336982890908
0.3002851312486832,0.2174146134860276
0.29680154163548306,0.2247889839743981
0.3048921804509508,0.214649441833252
0.30985637600370797,0.21344230480307338
0.30231198497871575,0.2163169106007181
0.3785765075944476,0.20343186277956896
0.3134904393108718,0.222042389455496
0.3181834347044872,0.2121805389535646
0.3137044520363636,0.22039153378430643
0.36199770330162223,0.20452660386926397
0.325486139560169,0.212152277529731
0.3529117043855381,0.20624827447099475
0.332230270903343,0.20921864050647423
0.3455728394376025,0.20823483626265915
0.33991509980228557,0.20912084190213215
0.3483073166945919,0.20633868208046288
0.3335454123690623,0.20917777606107366
0.2928591878568614,0.2191240989656861
0.33894959628103294,0.20524414412749928
0.29749626413683233,0.21198335515583824
0.29687359224176807,0.21639125925164493
0.30774363280410055,0.20964725318583452
0.31123745669056435,0.20963327122011313
0.32006003121670024,0.20895645154388642
0.3333974789913764,0.2056379680707834
0.29636849567275314,0.21816590288628737
0.32905052992394906,0.20641330075250142
0.32795149218886455,0.20757073012718408
0.32585078993451505,0.207827552241221
0.3237850146952684,0.20823524871978102
0.3209872180995748,0.20838482879244943
0.32232082043588056,0.2083836381547653
0.37060142658507206,0.20849056884104844
0.3051140900262792,0.2233390906700898
0.307391816451935,0.21971704667456898
0.3512009152118318,0.2089739228880948
0.3107526226920754,0.21641605788312093
0.33614751698061995,0.21175659532172184
0.328458411264807,0.21256797958159931
0.31403350436712807,0.2154437327297428
0.3233340286789326,0.21511562546027155
0.34121344035785045,0.21064367715032253
0.320060135736289,0.21539689981961255
0.3243984803775278,0.21343972984277346
0.34785824365107887,0.20991337307649507
0.34301563316255945,0.21019986984206848
0.3252154364023206,0.21323838683484303
0.34910788636211565,0.20948513007492722
0.34215362011586437,0.21046126360773376
0.3133087601599287,0.2267296482583243
0.3727546989859852,0.20925689773206024
0.31367925971125604,0.22340491236572302
0.31743693048296523,0.22093882159430672
0.32862658041742565,0.21389417431861604
0.3356571448666519,0.21265769506742557
0.31917545383694806,0.21804320854305653
0.33968715999310195,0.21154407893608868
0.3243707841647503,0.21609823275663237
0.34860163191927707,0.21098453721273927
0.3587932148892914,0.2102330533337392
0.36834920880082306,0.20951623447737927
0.3239553071903204,0.2173677700734245
0.3533653799443817,0.2108207112941844
0.3584174351466237,0.2108043355812706
0.3700768323459971,0.20943391889477425
0.3868562267973396,0.20639330136233608
0.3071262445790238,0.22323455943562603
0.3784321301796705,0.20720268783223794
0.3543197183675699,0.20806692277813657
0.3461028170803632,0.20863722990192846
0.31431861180484366,0.2185537843758038
0.31974945531716886,0.21711643775425477
0.33838862801937064,0.21058440513834964
0.3224062403688592,0.21486992939572502
0.3304330668033145,0.21435137815944416
0.31422087271902155,0.2215418676849813
0.33235121829692266,0.21226037588902824
0.31038465037701773,0.22274104504969588
0.35400058003432916,0.20821504960401083
0.3271054340582429,0.21470439874208913
0.3375030184273979,0.21209268015410707
0.31383805700902717,0.22185780719020895
0.33579819917222953,0.2121544295196689
0.29186348462030937,0.2292754259584395
0.35826947838060674,0.2058668623301952
0.2955947288797586,0.22169256229536427
0.3430013386014072,0.2064459450978454
0.3136441348652344,0.2111979593085439
0.3204934328566634,0.20795716701126085
0.3086060061837292,0.21417701939872655
0.32042948097634255,0.21036486638343338
0.33300116605882546,0.2078519360932646
0.3054666591577073,0.21467709662946693
0.3053408221873465,0.2185589699323993
0.3336175871983173,0.20698510221754043
0.2989861618725679,0.21988999357157024
0.3042771201320894,0.21964736950255676
0.29667053590608505,0.22059830679590417
0.33770332882531556,0.20466112895326857
0.28880540228439894,0.2227147935976634
0.3127633462996321,0.21329481561582092
0.31958135136898724,0.21124244376112122
0.3335484649820759,0.20681168423947618
0.2969002947330411,0.21831774270716056
0.29264832846227845,0.2226644006683898
0.32722210172254274,0.20862894720889974
0.3222063922937592,0.2087949043449307
0.3067364636260896,0.21472725908867463
0.30424226202044874,0.21655036720472934
0.29950506634592566,0.2166487741953835
0.3061317333264056,0.21572217066067959
0.29916550811578907,0.21751447828946777
0.3753856481094146,0.20659927428760194
0.30775254168885324,0.22415751221344468
0.31733755029983235,0.21720511278670498
0.36397411544340974,0.20842433698652038
0.32865817127509667,0.2153700921784897
0.31717167568313726,0.22152025299926503
0.32365422969311164,0.2167417865322969
0.35778472964607005,0.209594984810956
0.31251805138797845,0.22295784373703842
0.3427455052166057,0.21257553760093378
0.35341004738552095,0.21104175623340754
0.33699714529910013,0.21511861271670857
0.35147531081957845,0.21182899345571166
0.36143556577144387,0.2084588419286358
0.31596964083230283,0.22174992634046123
0.3413443860661028,0.2134796695240513
0.3395590672479923,0.2147847823433557
0.3521790327032169,0.21167778729140735
0.3400497759923378,0.21437711211787486
0.3412356864258181,0.21395886178942408
0.37636436905371523,0.2038233951627398
0.3159491806728721,0.22264538493186412
0.34169573505330625,0.20689076269765483
0.3190700953254695,0.21501034245294304
0.3186266921160264,0.21944195723211626
0.36580202206879964,0.20656028010205457
0.3681844282965652,0.2047253894306166
0.32446490534549,0.21253861225477086
0.3388223267670822,0.2087620839685566
0.33166386734846487,0.2106800900200729
0.3365959049967802,0.2094452402083488
0.3291568018906401,0.21101308398139088
0.3665355149038613,0.20626288187961567
0.3273581456226771,0.2120546789125728
0.3252366915137592,0.2122896423913245
0.3368223199047434,0.20943726917719485
0.29563129380594333,0.22989393553475126
0.35240708502944634,0.20739925040402454
0.29769817944283344,0.2250971263738177
0.3003947370524475,0.21998645784429588
0.3480406738348146,0.20903540700881337
0.3211574785827262,0.21162177826087714
0.3328007414209875,0.21098983881939587
0.33536790283485773,0.20951129222489767
0.3030827804965752,0.21832832366508648
0.3180558551298109,0.21275144450512762
0.31048975404675516,0.21791095356644852
0.31717378885622677,0.21503045951423688
0.3131043048767055,0.21637063559775563
0.3163861723856041,0.21604951294611102
0.3121109480184001,0.21771918214159755
0.3352218538378611,0.2103886483174352
