0.4085364125080426,0.16832284670903389
0.45559069043251255,0.16291984061447076
0.4372703641536299,0.16344037413665785
0.4270052686781837,0.1640863751057444
0.4181064258759497,0.16587338880454391
0.42065794038587523,0.1650154248939994
0.41568248107764183,0.16646731427303463
0.4456076592215198,0.16343548999818996
0.4134144114551302,0.16806083791942578
0.4145202451498219,0.16698797064448703
0.4523307238995468,0.16316818625267948
0.4483909241215711,0.16322667321620546
0.42247138931850103,0.16471588072226265
0.4139696323455144,0.16748524561755368
0.4136372624922122,0.16762702099841206
0.4246858844815087,0.1643770901541665
0.4246143309745334,0.16444093648317
0.4369469232853508,0.16310505820932422
0.4006934444899274,0.16652757072857727
0.412671138497339,0.16461114736572102
0.4068784274289944,0.1660251123613873
0.4101558381247819,0.16572872506137262
0.41673642432923935,0.1641676331398768
0.42863256613258327,0.1636048875682613
0.4201176113852712,0.16367728330346012
0.41996422916143705,0.1639082412212703
0.43273822027732917,0.16347810275892496
0.43646610495141486,0.16342121013771183
0.4090927583197757,0.16582264958863935
0.43481456359111637,0.163475886303548
0.4097167271813727,0.16578795832618173
0.4187488705861474,0.16383056329932258
0.40032777028240696,0.16721078543726706
0.4021491107638858,0.16645128563418723
0.41542502216411487,0.1645871670539067
0.4174674629857141,0.16450187917912967
0.4033731808822478,0.16584183079758366
0.4050031678597345,0.165690741815507
0.40113315810875666,0.1670466949600118
0.4064384501797497,0.16521969256696004
0.41043009890739596,0.164589826920772
0.4101414935388012,0.16469097309522338
0.4077917837479208,0.1650615787577182
0.40775178779026716,0.1651129503757534
0.4439233824591137,0.162952072372918
0.40150951590226197,0.16824153706989012
0.4042982780157234,0.16697027769756081
0.43742034271575736,0.1630499851609542
0.42519457728278687,0.16365121110538447
0.4334308371257828,0.1635542357462533
0.42122482121867044,0.16431479295511253
0.40890084482174077,0.1661904363541508
0.41248675350453196,0.1657926664585389
0.42479977908513067,0.16426960416447398
0.41886245003608025,0.16479919985834124
0.43086258585184994,0.16357636501790568
0.4057135464786059,0.16666493929022963
0.44112172981786335,0.16301798662329606
0.40698819188201163,0.1663400285689496
0.4163088650887104,0.16486003311067077
0.41588675363322475,0.16525696090779077
0.4144249508080715,0.1656627961785553
0.41520203603879213,0.16543345524286165
0.404003404217995,0.1677743109400307
0.4333810573482281,0.16437048234044035
0.40547060387478945,0.16653458817952752
0.42575775035001356,0.16448105199540847
0.4042400731931175,0.16753574161139909
0.41388715312951657,0.16591009967230438
0.4177747398579319,0.16537210933369081
0.42091629099628247,0.16504073552947868
0.4089328390281145,0.16636380010717394
0.41115842732247687,0.16619732706976378
0.41810242257960634,0.165282689275121
0.4242903158588781,0.16492885573863966
0.4243814129840001,0.1647825933240935
0.41195247331921575,0.16594191608648032
0.43221612804530146,0.16310418578201782
0.3952238339438044,0.1688285344151309
0.39723085590376134,0.16816277532955934
0.4009779185640549,0.16707483115431718
0.42087827507283915,0.16390132095642673
0.4245185686685383,0.16320593210292952
0.40145506549175775,0.1667034600506121
0.42771112828403735,0.16317603340952744
0.4213287395492053,0.16357818792779172
0.41574729662984056,0.1641376211838281
0.40950479252857563,0.16463910802287526
0.40314758832002096,0.1660644942349234
0.40924904401982615,0.16539676287034313
0.40793394430419533,0.1656473883062482
0.4039201574039298,0.1658298756478828
0.4127309546525554,0.1643206890131025
0.4115081924819681,0.16453837429741897
0.415358643694161,0.16428499123485432
0.40822230552738326,0.16550274863383654
0.40348247610670174,0.16584619427605612
0.4081190572166939,0.16633726912249217
0.43510445367538697,0.16275158079243301
0.42103540730866773,0.16381368033733804
0.4272521546122465,0.16280635638273297
0.4157796118448578,0.16451283347603238
0.4120681924125179,0.16501412639552493
0.4086254123151632,0.1654779358555149
0.40679331132014096,0.16946728694866595
0.4453356608719385,0.16279878692720612
0.42036707572009824,0.1641602101328962
0.40722756654338743,0.16867153179675545
0.41994198390032333,0.16534003263772148
0.4379912086208956,0.16350746435287125
0.4088207440359874,0.16780480536693745
0.4276526614266746,0.16388812376932269
0.43279800870444096,0.1637143717359818
0.4256996443917679,0.16411893258677893
0.442404395712898,0.163041864122705
0.41657924693790394,0.1658273975665396
0.41066740947892005,0.16755575890085359
0.4146874707441583,0.16624554525394813
0.43497190759328724,0.16353352346617606
0.41901693857293976,0.1657443649442683
0.4138058127058501,0.16647738256506037
0.41096458107318157,0.16704032421263576
0.4119470073698625,0.166657336303484
0.44353869085671305,0.1629657929818562
0.41163387395347495,0.16686311202203927
0.4363027017337935,0.16344994182837827
0.40273537527184483,0.16833983153505824
0.4247298003890403,0.1635073432830011
0.4039272591036189,0.16701483829750455
0.4055465816829807,0.16659326559528675
0.43408627189318827,0.16350707403137593
0.4206035091767267,0.16385683232096176
0.4068040647940751,0.16568437744627118
0.40866703308045693,0.1654416753047337
0.41849887490168775,0.16424314414480343
0.4134179605765645,0.16511444378157836
0.4127613345947898,0.1654151177217081
0.41729663099390907,0.16503961572758022
0.4179372026349261,0.1645453411186524
0.4179359107705434,0.1649406411733713
0.4318613451520328,0.16301346764791572
0.4035530134923707,0.16879070997284762
0.4287112694236259,0.16344711457335248
0.40875829245116335,0.16639647245649444
0.41135157734594086,0.16567990952733821
0.4256963067719949,0.16345635214954374
0.4073911367159197,0.16785699829825165
0.41796965207973275,0.16495737135744495
0.4039857100042654,0.16826359629719284
0.40564733537056075,0.16792632632110197
0.4242710055153767,0.1640469804749661
0.42051686569419783,0.1647985463330141
0.40782196714663027,0.16697979423011394
0.4141516074144073,0.1655709653583944
0.41584412552154276,0.16517287181445303
0.41540579824242535,0.16518916597056613
0.40808616051393837,0.16670902988256436
0.4129357132557401,0.16560167043388396
0.4229981267517672,0.16443819142203053
0.42154907298838673,0.1646557083003427
0.422318944718319,0.16461903769914943
0.42364888682692764,0.16422660777735798
0.4080167910830648,0.16697197584773177
0.42384574198908165,0.16411597806530157
0.3937994134536953,0.17211744900505493
0.4394680124266039,0.1641130693374238
0.40295380212990883,0.17035861238774141
0.39840915407538247,0.1713766444811296
0.39932679781536384,0.17125409672561245
0.41208597112520706,0.1668457565261792
0.4223645795460054,0.16480827531756434
0.40978776293299385,0.16742426364155572
0.42811200258096455,0.1647688131209949
0.40343751003276773,0.1698144049421074
0.4148841463791056,0.16667706771044866
0.4034732405217141,0.16907079737895603
0.43485700408761985,0.16429034199128778
0.4327388857776376,0.16474219461703832
0.40888279079579376,0.1681051792186839
0.4169402609277682,0.16573290440605118
0.4097278735686741,0.1678385576062857
0.4299367276549476,0.1647468873570796
0.4222839419599557,0.16524015153059335
0.4346416181879744,0.16444991924643476
0.41748124357072414,0.16570741797295163
0.42042557235331274,0.1655279530362622
0.40499405566285634,0.16888579421212796
0.4150498991397184,0.16612111845445401
0.40797996651332524,0.1685441313218261
0.40551430147529943,0.1686747637120795
0.4149861281473492,0.16612879047406112
0.42103697915931976,0.16540971438680668
0.40757210158190826,0.16865835677127777
0.4206965468902382,0.16548073121268533
0.4077093399878883,0.1686268263643922
0.43807344407174126,0.16478669328156573
0.3998285436869628,0.17016564009672822
0.4031399171963183,0.16711617838296944
0.40097741838327505,0.16958697570781056
0.4256697673300024,0.16481878278801937
0.41911906189559506,0.1657143489059513
0.4230972817652378,0.1650030985203723
0.4027930767831748,0.1682206437283571
0.4013437011118047,0.16830985085899083
0.4104396409263171,0.1671111566568083
0.4161864844906852,0.1658549838221298
0.4145978187343561,0.16630593285333178
0.4133006227170442,0.16660728738677721
0.4113253724056315,0.1670135079823495
0.412483992422453,0.16671118235940294
0.4246460143878571,0.1648402140358714
0.40159845504816666,0.16829131459561242
0.40284453412037585,0.1682485910819204
0.4378844673885857,0.16336772418017648
0.4285213980530296,0.16395396488729577
0.4184883891087319,0.16491475598775965
0.4062128964054628,0.16794564759476574
0.40625686016260876,0.16617834524225616
0.4242895315250423,0.164321871184548
0.41448458017496564,0.16559709435193634
0.4101094131449452,0.1660674353642968
0.41358484700299253,0.16572578635265686
0.433173829305004,0.1633107311422931
0.3965846509425739,0.17074441769242926
0.39889357603509823,0.1681259986782436
0.40625541759062744,0.1678246417485868
0.4133660726495384,0.16578144300910203
0.4073060441087652,0.16728232839022847
0.41146623972161134,0.16605300991778327
0.4178436841854411,0.16528263617662603
0.4198104861815797,0.16431474015955208
0.42958236275153217,0.1634596556524029
0.4092849489589341,0.16648488848939844
0.4282505866868933,0.16363438230069763
0.42416817284561154,0.16423183932663687
0.41945690570729127,0.16469799828992945
0.40896892358816317,0.1668370856803379
0.4261187226644699,0.1640186648848028
0.418078396608428,0.16521326388166852
0.4255017261424766,0.16421860064844127
0.42376627975107334,0.16330343039190096
0.40225356006938356,0.16830221877244717
0.41914052170654537,0.1639718863310727
0.4086687577613959,0.16513437191055508
0.4068160062466028,0.1660559005595112
0.4033222622524358,0.16731354293526235
0.42291400971772336,0.16373976985426592
0.41544678576483685,0.1642718594355749
0.4114148676743788,0.16498151270731995
0.4051450360077641,0.16677686278066925
0.402274137793796,0.16799920433534166
0.40534368360921835,0.16647124196161672
0.41417100492060765,0.16497789989081735
0.4152637942665603,0.16462090723145337
0.41512114406172435,0.16478500250157752
0.4142081119806163,0.1648599165613442
0.40586153897222876,0.1677241062187789
0.42722604833277883,0.1632780006014429
0.4154595478676997,0.1634399895291422
0.4073169022967756,0.1657360464396605
0.41519489246410823,0.16526770917519015
0.4061466166017724,0.16673547182808732
0.41331440432311434,0.16547647194678464
0.4482720980081551,0.1629611937041877
0.40322669536662376,0.16847821316684158
0.4354332654438707,0.16373756540716955
0.4107015212878678,0.16641072677307725
0.41095718506004925,0.16526650498013226
0.420529863528883,0.16446122793462273
0.4404601907369259,0.1632864921922559
0.40830117638134455,0.16713939458240962
0.4177240962496348,0.16465495039089753
0.4262618715197637,0.16421995632839387
0.40684756949731987,0.16807379002781422
0.4290315882792353,0.1639051927152578
0.43964335296158996,0.16356945771044729
0.41419493116888395,0.16501872130700934
0.4096010801095935,0.16668546621981362
0.4270778541183701,0.16394860448858262
0.4087368767708758,0.16691624070649885
0.4130338194518842,0.16515178977874193
0.4049402139403006,0.16829985593083166
0.4039901664672985,0.1684122010981687
0.4396805923998925,0.16334341558226817
0.4135773189606756,0.16505761950953474
0.40561980481183607,0.1682227747253267
0.4063529486750447,0.1681736766946793
0.4061545156954684,0.16818275697378698
0.39729531944224206,0.16957819050109113
0.4277408405648329,0.16415201108952032
0.4186136699055094,0.16439377182297923
0.41680504368081217,0.16519063666754738
0.40547674051630755,0.16702695448213928
0.4101274169363064,0.16528683483347695
0.4022315220445458,0.16775030459486173
0.42587780732901664,0.16431763912498032
0.3991803137739684,0.16849253636442418
0.39815014315166075,0.1691150050461722
0.4062311320792293,0.16614115826213335
0.40080002898185874,0.16810470626727575
0.40665213555844865,0.16570075109610494
0.4066196633465635,0.1658144908302
0.3999749002716478,0.16857437442379494
0.4433009854285857,0.16252522084900523
0.42083756394751615,0.16381796569282386
0.4089862693229342,0.16630668845706562
0.4163406993149945,0.16441496771689829
0.41059918245627197,0.16509899369613557
0.42924207468176967,0.1636413863433667
0.4407007501273512,0.16286045177096034
0.4326144326713187,0.16302464191869984
0.4146785833619419,0.1650458720851752
0.402504751265418,0.1680194983821823
0.403730245957624,0.1672453033566649
0.42944813944826093,0.16307145395937564
0.4014858674345862,0.16825428941531206
0.40740893731053773,0.16676951617394603
0.4046026141432996,0.16703665671736675
0.4423700099021806,0.16258091247464
0.4065413520349511,0.16683143611601264
0.43660307533004744,0.16420107187401536
0.3931929999492905,0.1703478583830461
0.4285134505907882,0.16426286196778808
0.4021078773190843,0.16728369699237813
0.3969562808425699,0.1692568410923708
0.39603450047753735,0.16977944932624148
0.4178053887024354,0.1652965916046935
0.4001180970383555,0.1687192821593462
0.4212273141402561,0.16523145620960467
0.41175979548128766,0.16619798201461924
0.40167304532248976,0.16790238469306096
0.4063155960133782,0.16681159865860076
0.4082901247712579,0.16644720325659323
0.412723725692572,0.1656044897299617
0.4238477911310524,0.1646009956034028
0.40036944675117186,0.16828755337914084
0.4238327118058185,0.16475693114950965
0.412086694917694,0.16565298330126815
0.40670684183367756,0.16668567190682915
0.4216502332273973,0.16455615847255486
0.39862894583600994,0.1698168187485521
0.41212642502193353,0.16520438454267536
0.4096821556875844,0.16556839896004796
0.401559407295968,0.16959288382818524
0.42054898701776894,0.16492533600907117
0.4063873092749745,0.16647372037689862
0.40255366725774056,0.16826783210370452
0.40501331143800934,0.1675752229457193
0.40612161644347045,0.1669511316381062
0.40339718556435245,0.1679887360238751
0.42126197405598903,0.16488757767976125
0.40224906657914644,0.168930955171525
0.43105624928849806,0.16343891828197127
0.4096554172646764,0.16604780089941715
0.41311033183704754,0.16498837080557796
0.4063904118323767,0.16690105784180106
0.41968595333053216,0.16445433146693567
0.4121281617844628,0.16547406395426345
0.4057973836980119,0.1677288802769435
0.4289929499407969,0.1637140778115343
0.40453993769777147,0.16823346511758205
0.4213489352967677,0.1643256945447004
0.403093056912866,0.16842230673202863
0.4270067467237934,0.1638983254282205
0.424665166800236,0.1642002850193816
0.4248850505455128,0.16400793731952223
0.4023501324176609,0.16891211716585638
0.4032850673839881,0.16990563120009416
0.44304806924824774,0.1637356370767824
0.41403391756985564,0.1652523031377053
0.4366895371820198,0.16411753578395702
0.4130765702580756,0.16715513267864354
0.403569602441028,0.16960277307729524
0.42716106027058676,0.16422800838096463
0.4065536177312249,0.16824953178229293
0.42011631891029527,0.16513497730053014
0.4081093393142405,0.16794464536060733
0.42519538594213435,0.16484604639751646
0.41117232646933144,0.16744117497790784
0.4204535486003473,0.1648880484887348
0.4258941011971172,0.16446132430057597
0.4077713070312394,0.16823855505879476
0.4117312698548085,0.16717793588976354
0.4113972518448905,0.16729194487225002
0.4344982115863339,0.16200704885330341
0.4057110894578369,0.1682704742905056
0.43065098439708926,0.16266217908824013
0.40758486509952946,0.16714311932695566
0.40910777484587574,0.1668421862674657
0.41570815235780567,0.16485732206734527
0.4097367934333636,0.16577043801093352
0.4166758511453732,0.16435518910759217
0.4269192666211937,0.16277952119229708
0.41084092835798847,0.16486964849761607
0.42137375921329495,0.16365378005549902
0.41822897202489195,0.16387350048273192
0.4252438076813601,0.16301563651910247
0.42381684767837824,0.16350325227404933
0.41916853327134385,0.16370300616507677
0.4100228643266739,0.1654729959671575
0.4249419476824403,0.16347560814907905
0.4107611356618788,0.16510626681996016
0.4373855449281962,0.16156991922664862
0.39838562896690716,0.16675453214301655
0.4304032809598124,0.1619626427504676
0.4012454000757896,0.16607658990512764
0.4276422294120338,0.1620448502941875
0.414351883961438,0.16324544675020103
0.40718106897302264,0.16413338967319147
0.411435719564685,0.1639809067214157
0.4186921122211088,0.16311772720899534
0.42507988033704547,0.162599080842094
0.40656134283326867,0.1646107979001867
0.41308518159515945,0.16366589262973166
0.4029003389678038,0.16576239711178117
0.40619945412276176,0.1651634722712791
0.40426032100348464,0.1653658455955867
0.4223801610786773,0.1630837696140431
0.42312654237571595,0.16279718375136232
0.4239560805665105,0.16275915169961638
0.4223844703915752,0.1630763609616318
0.4007589223827828,0.17054537364961284
0.4399135810149969,0.16368077581446988
0.4238065553138472,0.1639305533806683
0.43689506474141654,0.16379340799098854
0.41874309137819143,0.16429559235800942
0.4025123783161906,0.1681258305610396
0.4011743529968118,0.16927998034425176
0.4051465665172357,0.1676063881976525
0.40186088807142545,0.16893071797079118
0.41795649577041205,0.16516243799576802
0.4089259364767278,0.16651200530180027
0.40689936087950224,0.1671334864456071
0.4150970976842978,0.1654684241146119
0.41678725376344355,0.16520008147496923
0.41155102055631765,0.16637249152630296
0.40884994061307955,0.16696047361598737
0.4124307567107165,0.1660352032989181
0.4146737714496598,0.1658186573797145
0.43960679978093026,0.16374513180129271
0.41351756313604254,0.16585802571207808
0.408047395549227,0.16706765552223332
0.41208808321114226,0.16629912056254892
0.4426160530498197,0.1636880861446463
0.3991938699072599,0.1707001517521079
0.4021790381552516,0.16851585663150134
0.4011700900638988,0.17003578224191396
0.40807449801884227,0.1679558703771893
0.4225165199679153,0.16505764180593488
0.4389290582564127,0.16394091986132664
0.43432766665187256,0.16419525564195292
0.4321650101587649,0.16454237157581691
0.4087493854994677,0.16751412408128127
0.41969583968967067,0.16584081339110135
0.4107594571533281,0.16628809940315026
0.4095508230298956,0.16650978699561983
0.4158516194561851,0.1659695801988744
0.4268834881127569,0.1646795854143951
0.42576863064591225,0.16486012800499278
0.4010558627724485,0.17048306564317
0.41770475042881033,0.16594886685468935
0.4400348320683693,0.16351701152975717
0.40340550156248667,0.16931363100200245
0.42747493275062587,0.16375649969580708
0.4034446975228447,0.1677603521030897
0.40766199112731494,0.16646110706381323
0.4092001418719167,0.16575071946539596
0.43894380133195715,0.16360600235488013
0.4173893526257628,0.16542419572096217
0.42186003732131183,0.16448142912244088
0.417502443565314,0.16507498791236938
0.4205615943908617,0.16490607402391505
0.4212364969103928,0.16479022685375916
0.42129517311343573,0.16457302048541686
0.4379083126253348,0.1639640904007773
0.3975553989877712,0.17007894086195155
0.4044992286660073,0.1659059188900354
0.42342434750070435,0.16436880643965532
0.4154130802693242,0.1652840980152627
0.43287015235081416,0.16397522447174548
0.40401960444875634,0.16735931820516312
0.42024012327311516,0.16508249353260676
0.3996174123323143,0.1688673023898037
0.4196628542731449,0.16524303124751424
0.4013622976508085,0.16865329068604196
0.4036531659458506,0.1677753716473063
0.40169965646152755,0.1682557712848607
0.3995932300115734,0.1694872556548979
0.4020425818441114,0.167920249236736
0.3977868755111517,0.16987176895722456
0.39861272542254084,0.16951163749318215
0.4641711068401305,0.15285774656394469
0.4458156496574709,0.15617162246072258
0.45787655863220905,0.15326646169770672
0.4513777036437085,0.15431857159237683
0.44698684971576336,0.1556424150552624
0.45683403763412284,0.15358382302358128
0.460690700860876,0.15288338817127112
0.4550728597216125,0.15375290226873461
0.4511558119731215,0.15491725612182775
0.4529567279537693,0.15414747085013955
0.4542627963457054,0.15401940662568167
0.46101544101748215,0.15287256384028658
0.45098341328727504,0.15514197307343847
0.44775019722078646,0.1554768592472597
0.4497963604399292,0.15527548769148522
0.4489582648468634,0.15541386451538183
0.4495472309365589,0.15540301459719308
0.46551277804136726,0.15291604722140853
0.4415817035372686,0.15514487095326682
0.46138565785795693,0.1530846939515659
0.44199374265530506,0.15474740121248198
0.4530034275697509,0.15327384605165362
0.4562882637800321,0.1531766625984522
0.4581139867720639,0.15310504033886987
0.4438850513343906,0.15461483919741253
0.4465860829245233,0.15407608346736326
0.465466194984298,0.15297368150153243
0.45260221853338495,0.15355571951969885
0.4497005868841358,0.15378300133212258
0.4511994591635649,0.15364979409130397
0.4461752415646699,0.15438593626832345
0.4474044841695845,0.15382941234188885
0.44707397587078784,0.153910791913674
0.44586579464727255,0.15454632298372545
0.4460785407201498,0.1545034223648025
0.44443984381317064,0.1571400919396465
0.4686809609572554,0.15314345917948857
0.4450696634179202,0.1549269278318807
0.4448389781363644,0.15695844777198062
0.4675441602263067,0.15351108621156817
0.4581492516789783,0.15377610233047456
0.4629101570016524,0.1535977894326577
0.46131465021767043,0.15371977730307107
0.4538699249347416,0.15384123741902514
0.4494828411618581,0.1546330978275488
0.45249285163943903,0.15409977034949868
0.44689222064629236,0.15491305961222576
0.45154762243634755,0.1542372113542474
0.45028882932898745,0.1544534166645213
0.44838869858476105,0.1547643012361363
0.4530364816846376,0.1538830364938926
0.4504442324024488,0.1542820680959927
0.44771432629928043,0.15483721698784714
0.46589650513338815,0.15291429609610452
0.4435417349602654,0.15633550546533773
0.4454017372920378,0.15553257474785673
0.4621719043412636,0.15310427667977655
0.45697735875883466,0.1536756744302479
0.45850238347048583,0.15337175122457786
0.44976306010238737,0.154445082768111
0.44552414568871573,0.15513112950239163
0.4547146979462764,0.15394155311954671
0.4630776866090578,0.15309563853490357
0.4493114524193524,0.15486621674553083
0.45388941187759135,0.15399865061570894
0.44848448659710444,0.15512686108458262
0.45263108797848495,0.15422804320924513
0.4520826978914189,0.1544005290747709
0.4577198537440041,0.15345554604690428
0.4492344800897244,0.15511750694092588
0.4521640335509697,0.15429337616086206
0.4579796535475923,0.1533870271459959
0.46789201416156245,0.1531120534763826
0.44418580142956127,0.15660592055906786
0.4639113938618336,0.15320815618143124
0.4594714300520536,0.1532241768599413
0.44910019597036566,0.15498003108879183
0.44575383391612755,0.1563029430001714
0.4506424871791788,0.1544061456332793
0.4460468204536553,0.15575648072742382
0.4479173465597368,0.15569780921369625
0.448289599535684,0.1552911136086536
0.46655540304586146,0.1531182929308815
0.4585195183017498,0.15355393131128656
0.45275380784972497,0.15437005789576697
0.44437762333037084,0.15651504867660854
0.4558504585875174,0.15393337792038056
0.4542587237320187,0.15422440828507752
0.4572631312508792,0.15379598979934248
0.4484562094490876,0.1550893428078109
0.4547623542329921,0.15410212802064444
0.45172196978041873,0.1544036910635581
0.4567070276127824,0.15386665028380916
0.4584683359836594,0.15369100515445924
0.4546149576311192,0.15412709503771727
0.4584760608215463,0.1536537920525032
0.4461545224723506,0.1563862494537946
0.47572017438614644,0.15295290881146315
0.44850790236822174,0.1550691032837201
0.47115540794993216,0.15310856545662674
0.45092912410061453,0.15493859570819768
0.4564724743648607,0.1537422067359293
0.4666997214815858,0.15314884698017545
0.46433581378463235,0.15328349256570165
0.4520735553339459,0.15425324601821153
0.46070249857877776,0.1534708271890204
0.4611055907752894,0.15342278402316933
0.4553367251874282,0.1541483012338108
0.45629455127453455,0.15406600805783863
0.4522646054473555,0.15418791958599826
0.46435568745597383,0.1527866926396251
0.4439931403208987,0.1556732910530344
0.45428952862070915,0.15396294468356977
0.4510172474379857,0.15409042546236454
0.4459093385256678,0.1550706886354433
0.4488064858402666,0.15433331774754697
0.4642159284820462,0.15297341603978834
0.45550066702977726,0.15380344067860174
0.4619228958031829,0.15338344251759825
0.4506561137606424,0.15423889014199163
0.44725419573442576,0.15480752943243345
0.46265410508391547,0.1531447675073097
0.45944820495781735,0.15345559030632622
0.4595769253070539,0.1534054387575747
0.4581006711664539,0.15363475104986762
0.448309267690949,0.15453914234786983
0.45703917452472376,0.15378334930985452
0.4448599255656522,0.15524984271937978
0.46200093527861635,0.15319152719571721
0.44538049609977703,0.1552423786900269
0.44456905522847684,0.1554759005909059
0.44758783489303133,0.15476180504457804
0.4445063093312029,0.1554889386133638
0.4573579289137857,0.15370772843963612
0.4477759393081823,0.1546018843568013
0.4579431302834813,0.15365801715524602
0.44791306522510516,0.15457738826575915
0.4416829915498061,0.15695258362737388
0.46155559737120666,0.1530339100310682
0.45723613770417887,0.15372112965971346
0.44258971092464633,0.15589360917735748
0.4526896162740529,0.1541064368750409
0.4598354805767395,0.15369649804896326
0.4420396155790624,0.15685563785868267
0.44753893236040965,0.1548272503362706
0.44409362138165526,0.1556525344148499
0.44617203220750934,0.15552830419725708
0.4501847974159223,0.15460581092960143
0.4516396025042624,0.154543891441644
0.4520440449485846,0.15425156803384696
0.44749815754663436,0.15522322274707104
0.4471716369926853,0.15541319236737014
0.45034862027720873,0.1545799030748566
0.4474290330836581,0.15540778868285346
0.46269666498332523,0.15323128899061736
0.4394405641408965,0.15612372854325615
0.4456699907209637,0.15601403093478763
0.4462360209067597,0.15532872384180166
0.4468604012881386,0.1548318610391817
0.4458751428429165,0.15557361062282135
0.4606129332415417,0.1532907024152631
0.4486161352367942,0.15434726282644268
0.45712780472518766,0.15344649075843603
0.45569800682602174,0.1536799951712052
0.4577737979038575,0.15331671880472347
0.45147958337572247,0.1541941696201211
0.4473960367061292,0.15460946501248413
0.4457482574475818,0.15597442113885623
0.4544124367579193,0.15372211758512644
0.44774618256281085,0.1544173597769905
0.4534163068537124,0.1538436168735714
0.45157972253176126,0.15414464385621857
0.4522801881433277,0.1540405685520522
0.45318200816320214,0.1539865409249287
0.45324176531046895,0.15392041100217788
0.45237118027760903,0.15401091112744153
0.4697453179075348,0.15288123502774859
0.443746270457985,0.15670219377850403
0.44759957856561544,0.15479918498071243
0.4532365083539439,0.15399098435220773
0.4473570024799207,0.1553707644411071
0.45042935999295836,0.1545515483137041
0.4662588578539233,0.15305103437107048
0.44605274710177056,0.1557310384015639
0.45750032886824066,0.1539538621663584
0.44579772203378776,0.15635881105141106
0.4518121142412329,0.15416425006542753
0.44483673276740754,0.15645230511294975
0.44654214932985714,0.1556568557173486
0.4621249484277003,0.15344449098903726
0.4597030038528375,0.1534577183941218
0.45825732836305305,0.15371716223045925
0.4633519937850698,0.15319874536015252
0.45134572217549845,0.1544365625478494
0.465244933072671,0.1531446007591302
0.4516498922685122,0.1543628212007867
0.4590975198975972,0.15354942497339935
0.4626190787237898,0.15335967102252862
0.44526127745685157,0.1563677928155201
0.45783904135209313,0.15382729940885556
0.46544914111624663,0.15306955822638213
0.46304946316320417,0.15333105598271993
0.45920575844794526,0.1535287475178978
0.4632727107303772,0.15326816997502704
0.4575939903850383,0.1538359125992188
0.46534327861616925,0.15312835097497499
