0.2595001753702426,0.36071831046541575
0.3509351161319851,0.3175822141775333
0.33085698155719406,0.3208629462761172
0.28893764939385036,0.3328867075709158
0.31476360860329133,0.32121757192314176
0.2719448849746705,0.34697989242513044
0.2765904594320211,0.3375926327966872
0.2653181846881944,0.35428782863536196
0.2744999126029734,0.3421667052804653
0.31241512113915304,0.32897896054808196
0.3016558082014509,0.332520164603875
0.2624419350472497,0.3574596201701156
0.30584093597946654,0.33154742828065265
0.2626481133796499,0.3567727187858096
0.3092676185682775,0.3311716530171928
0.31091206633586127,0.32964938710747227
0.3172528805208336,0.31738192386661834
0.238524022525771,0.3532413036550108
0.2639085712044779,0.32904398920991
0.2868198933380033,0.3219553900013274
0.27318494897885737,0.32440814371610294
0.24753110281566493,0.3512412061920848
0.2718807936753463,0.32569448621950364
0.26168253032750566,0.33397892099038406
0.2998896210898811,0.3215920033618429
0.252396255744859,0.34147579654486226
0.25014188788362474,0.346999496848115
0.25617098241901487,0.3405551262190955
0.31068402633621967,0.32128616821112227
0.25019879832091074,0.34529353080158204
0.29440854621060153,0.3218118991735573
0.2563713159513169,0.3365311606058361
0.24172107313060456,0.35236429918039214
0.3143925479185373,0.3195768600191484
0.25958987607389633,0.3358488627476665
0.31116284302815284,0.3199889063269742
0.2596472291188124,0.3568394081891933
0.35303378945579106,0.3089641559395964
0.3232246033814541,0.3161566933846147
0.3423070226594126,0.3156443444744123
0.31544215786471286,0.318186890331921
0.3447529311446357,0.31194468635380485
0.2603374789126012,0.3473284935522129
0.2710967090067314,0.3425436279142606
0.2722665462775864,0.3345690408182713
0.30614879525885275,0.32256951417653273
0.28359151019981726,0.3296961229895433
0.29231025703697694,0.32806594643282855
0.26025755157294533,0.3559936437141872
0.28085917319540765,0.3324300058832936
0.29768813756016693,0.32676905951748697
0.30123510092949596,0.3249787798891318
0.273012524711436,0.3330234798977048
0.2649685342893072,0.3464495418571262
0.30401463009096225,0.32260664892753027
0.26650065846384147,0.3430438924175397
0.26568226852369986,0.344625370878468
0.31873549012761626,0.31664651960326595
0.25025003501990395,0.36973099398993525
0.2973274410280592,0.32335380616232495
0.28342909494901236,0.3253003874010196
0.27167548697063787,0.3330201352215847
0.30653527548618503,0.31924126287636245
0.2679703587510858,0.3379254428791195
0.2536052902546277,0.3641092590443413
0.3037429082160848,0.32025254031660566
0.2758627910425622,0.3281017907169394
0.2635292450565078,0.3443809441036554
0.26187926353356245,0.3502695073965377
0.27899036353322804,0.3277802224469355
0.2522116790807197,0.3688787110287881
0.2536620624821214,0.35726615047089705
0.2653837006836437,0.3416261764852862
0.25523304743404107,0.3527714866838675
0.2541029936224159,0.35672624113724444
0.25964186742200235,0.3521104950895054
0.2635725994534415,0.3418737810218556
0.2571650426113653,0.35263771423527235
0.26099341006098364,0.35121501276435263
0.25758002964822097,0.3361729948449763
0.3311519499564053,0.3043436946602844
0.26125695394686815,0.329219366588469
0.2625418540042903,0.3218362171134437
0.2707461927060591,0.31736167877019655
0.30599317446364477,0.3121778233408757
0.3206209441748102,0.30668836739355554
0.2923110430533543,0.31292830920719733
0.3311293812165717,0.3054936751506575
0.31636846802561525,0.3080495232501291
0.28146552148514237,0.31720405947055513
0.29043910080656665,0.313864110190178
0.3092592027053005,0.3086380405727296
0.28774555298482185,0.31633622554596136
0.3066958863909857,0.31008868902098163
0.28505611523303076,0.3169984218263834
0.3084484287209991,0.3097074398900146
0.2864233377972995,0.3165078033575099
0.2449570100633065,0.35825655610731144
0.31928408567741373,0.30773848655054087
0.3031223772506822,0.31358174026423813
0.24715130102331148,0.34533340710596094
0.29181605706672675,0.3157324551991183
0.28724363041482887,0.31872199408155727
0.24844522779098435,0.34047929486540895
0.2555943379942062,0.3372313288760714
0.26327271805589597,0.33473681102980696
0.2793741897687994,0.3241557366688266
0.2820483356208133,0.3217882597341252
0.2553102677483769,0.33962922057820666
0.274373533292249,0.326312874609473
0.26992409855012245,0.3319954997610382
0.2637462066987468,0.33330109151524606
0.272749268116238,0.32751585633798647
0.2707957306140899,0.3292185686549708
0.2804048341022947,0.32221324895557046
0.26998810623772374,0.33093652221535136
0.26344078134802157,0.3335809357935954
0.357356071337181,0.31245149711076287
0.257869724641567,0.3510161937258407
0.2752912136959517,0.33799507470056833
0.27877635714040183,0.3263595559269075
0.2704906707300794,0.34956883671762395
0.30353829534878446,0.32062868535383454
0.3187030579663762,0.3206024862315128
0.2933687294132154,0.32501152922635074
0.3209559929229821,0.3184272188150761
0.29541034440770786,0.3239541940948387
0.34083009469476805,0.31361160875284244
0.34478947677223654,0.3125093247266699
0.3297965761732451,0.3161692933057306
0.3328377879549011,0.3155682391711799
0.26309561517182145,0.3497037271913647
0.2677670278840992,0.34926198127813685
0.3457082318922492,0.3187958201918036
0.2922787922792387,0.3226195425251916
0.2678163888609639,0.3363915881700375
0.32077325810918184,0.3213262883432476
0.2830804587932451,0.328812841680614
0.3077179984330787,0.3225354858740944
0.3397913370568637,0.31976432782189135
0.28301466255091234,0.3342822429172136
0.27379784018347814,0.3359724710211887
0.2768562822597325,0.33522197712289037
0.28145032815495663,0.3343036714078661
0.2478423723025455,0.3593065549951538
0.29381159820315195,0.30759379884870497
0.2516890211783289,0.3401023574005758
0.24903869291963948,0.35198174648541103
0.268157060087722,0.3179181314297885
0.293746815318851,0.31399784334531555
0.28164451756215725,0.3151086694688096
0.26803615394340746,0.3271227406962422
0.27831588804809865,0.31624762828746905
0.2594950492039894,0.32722606720948366
0.25622903468604086,0.3313499002821629
0.2562464075520081,0.32975707255628844
0.3092210312145636,0.3146678800823452
0.2590695771532372,0.3583664298951705
0.26610746600914553,0.33834149610037195
0.27670896744642404,0.3305456177820804
0.3018602209405458,0.31818117041708194
0.2911668845551672,0.32467032419789327
0.2851062043146316,0.32934952715965
0.2981210269837795,0.32364930832797806
0.28540495296794427,0.3259673341277413
0.3010757495563994,0.3226603007999753
0.25025854535688663,0.3457109873186058
0.31492017425866453,0.3084045564501622
0.2536673031641247,0.32723758638042943
0.29648527007407394,0.3109318838010323
0.29500911417090825,0.3149761136264229
0.2640126296332653,0.3250587661449626
0.27211884091150235,0.31930306273379183
0.281202005237467,0.31585645432536175
0.25928514845724515,0.3254680842161916
0.27723693953806827,0.31660091737093826
0.27590240486110923,0.3191660824060596
0.34821523597290804,0.3124537537952062
0.2657419309175863,0.3548951330506128
0.3389144174231752,0.31683573059213876
0.2813724446218533,0.3358415998448113
0.3017927535483916,0.31689349641501674
0.2742702191612714,0.3461481437226611
0.2861508965351815,0.32440534196480003
0.29339783558371485,0.3212035654796585
0.2711949206417613,0.3517212689400852
0.24134032654573317,0.36347501698531
0.29321643481098597,0.31178888055426596
0.2458051143965291,0.3398515165910158
0.25905243639994047,0.3313069069814799
0.253996602127828,0.33445981794370144
0.2818476456695725,0.31786279677863116
0.27038907359757103,0.32821907737128275
0.2920434638597023,0.31474256362836356
0.2453077008639934,0.349863046848278
0.24308680031976868,0.353003341125907
0.274032106750822,0.326674885625934
0.24189708635721843,0.35889746011834744
0.2817338764840498,0.32468799569871554
0.2790443156936061,0.32585867410120095
0.24186018879350502,0.362715626827203
0.3860634432358852,0.30772236141574955
0.2600449892775706,0.33171525250402284
0.27637254410626627,0.3247653679658049
0.36604523600652156,0.30936869401339273
0.32145142872657195,0.31231018963978713
0.3414899193884241,0.3118366855170654
0.3151502481298827,0.31316188953779167
0.3039291860947136,0.32031955985725946
0.2832595036261577,0.3235578769239958
0.30839243619946133,0.31551585483613187
0.29125212052551946,0.3211560579386661
0.30478646943396326,0.3185056935164046
0.2866452138329112,0.32116950474257544
0.3611055094305398,0.3106251601002153
0.34972845708356876,0.3115348179953066
0.306237097076834,0.31677093855089733
0.35709994243589727,0.3114688119428196
0.28050836260608963,0.3243168916198863
0.30673188978731586,0.31575865006636156
0.35450921977212735,0.3094456935151269
0.23303592844591278,0.3320724351000422
0.2599386607605886,0.3256953262098366
0.3017741329238867,0.30998114693471857
0.27237860446817397,0.31928971880462537
0.2992106357196923,0.3149591741102841
0.28175569286400237,0.31874987833252294
0.2905292290673286,0.3162113972494093
0.29556409143588863,0.31604511918064354
0.3149992100758154,0.3148386049395844
0.25032085689477274,0.3639962846661158
0.2528968899606482,0.35180519657810017
0.28391430885966584,0.32423577036566875
0.25944970247242066,0.34354743008451766
0.27383462942132,0.32628286089422537
0.3012291230088945,0.3192256509581123
0.25469683484055794,0.3467481834226505
0.289955541896093,0.31946538002909786
0.2607336049188173,0.33653338664214105
0.26531821672455946,0.33234809766249707
0.2850220020411895,0.3196884617787945
0.27217808111070807,0.3309044850001454
0.26470522529639534,0.33484013760009157
0.31068142726491166,0.31642247082540453
0.2728677495564116,0.330354111104887
0.30694428509889116,0.31893788438391035
0.3092230908184938,0.31736053391047464
0.3085100916766854,0.3189284572905439
0.3148149982651297,0.3243166945023646
0.24561758589245583,0.38041805637665577
0.2883751863220019,0.32839819518238283
0.3063208915952553,0.3268781417874511
0.2614183727341294,0.3535580969104584
0.2585976992225788,0.3623625455512495
0.27502353312144,0.3388099659273564
0.25582242366136293,0.37072912149942905
0.25239903883635106,0.3758877929492793
0.28333783874773805,0.3361943457999732
0.27185028347490864,0.35083294113586494
0.2873234610871057,0.33524050760759105
0.2589633715331965,0.3572261143863072
0.30718500874834637,0.3258502481660549
0.2749911726569015,0.3454514154972578
0.2553522182769837,0.37429825597698535
0.2729844224604461,0.34549546088401306
0.2721713704578679,0.3496306996792637
0.2417568412031148,0.36790161893524037
0.33695996878158657,0.3078284814702033
0.30301513909654826,0.3110134907644
0.244543795982337,0.3609109511263207
0.25093137766465784,0.35133635245436967
0.2613430293996365,0.32739288062731375
0.2926485960245364,0.314743789826717
0.2890019492184922,0.3199472464735613
0.2761540043159381,0.32106296313417476
0.2594229649896846,0.33785461652356313
0.30273637547356436,0.31117659537510883
0.2535439600657792,0.3447041925720278
0.27227888902868863,0.325972685852685
0.27123970429007543,0.32734223486499275
0.256488688944819,0.3413089657530123
0.2541358298789625,0.34387604307457126
0.2568229563018493,0.33887517997406014
0.2581827547544278,0.3384351100217968
0.24782267317095233,0.360242026855346
0.34655466402189805,0.30742525936745035
0.24994513527180398,0.3458908149498943
0.2542250994403241,0.33630253168498186
0.3219788365244739,0.3098101811682844
0.24944779903119757,0.3526915324818933
0.2890381052819945,0.3144929093465301
0.2778068566356158,0.3171131982480969
0.25907939036314326,0.32654702777706435
0.30290993561586643,0.310013463425473
0.2585875777110141,0.33357886972325457
0.2691967494259312,0.3265374113640466
0.26944285907506865,0.32094236358531963
0.332822290212315,0.30772776375823274
0.297303312878461,0.31382660399984247
0.27119993101564155,0.31770718264826564
0.32939335688768445,0.3080535908554565
0.2994592610949314,0.31129735749399917
0.30028292767104375,0.31065483067501753
0.32003981557721534,0.3167726478625804
0.24900502777734704,0.3488913942606238
0.2546312517868969,0.336517142499037
0.2642089914521059,0.3272011114852741
0.2945661028549264,0.321280358681074
0.2757449829402254,0.32135879595392125
0.2714330554332299,0.3254682827296968
0.31176573629323157,0.3188618687357334
0.3006966141784372,0.3190975270493648
0.27555788819083377,0.32268756261640513
0.31501949184410705,0.31678605604633686
0.2949449741174211,0.3198638785378915
0.31284609275645736,0.32122784813154254
0.23832007150396575,0.3426762962246779
0.2610098788263168,0.33148909057893644
0.2857320463529019,0.32410045506411234
0.2490382710067493,0.3398531995921857
0.2604735135079277,0.3365118852888119
0.3039889572529438,0.3230895547415874
0.28279673658811527,0.32676793952181576
0.27153123153559366,0.3312099404119352
0.2993556079714406,0.32387071038355625
0.25388432474494715,0.33865148488720076
0.27824663036605995,0.3300609307864037
0.28170827068831955,0.32855104161364934
0.27346132058632266,0.3305316113446375
0.25124486133975077,0.3394973366113709
0.28018255171617673,0.3291294867930233
0.2602572555711577,0.33800984444991133
0.29971804521897255,0.32358470017912616
0.26001044988638883,0.338575558005056
0.26018631939203296,0.33855628123905157
0.24504658511787433,0.3508408111638004
0.3102030356918207,0.30610539487302657
0.2762628555364359,0.31843905994380045
0.2580265954475724,0.3347360284755083
0.2640099524608212,0.32084484893017723
0.2605400314102683,0.32797824867257136
0.2522022058583695,0.34361210467645625
0.29918528050061777,0.31030498584304195
0.29183392653061563,0.31788465904228164
0.24828272789112607,0.350077008311101
0.24963661354003344,0.34430971191641807
0.297609248592899,0.31246499881823525
0.29593271082199074,0.31555837430734784
0.29516793651064577,0.3165939651245885
0.23847931442492074,0.3603793819998654
0.3407430612868883,0.31987478966165905
0.2424553687865883,0.3414696576155272
0.2542012025471702,0.3337102651241704
0.3076083489049225,0.3200978709478549
0.27124509946248765,0.32767264275459607
0.2842126283664001,0.3271474774649055
0.29831700081922335,0.3222317519108091
0.293878776841757,0.3257723299572303
0.26777637850525343,0.33323289314926713
0.26940129376362104,0.3306114506390342
0.3014352657504075,0.3211043548285936
0.28989109437138094,0.326909990258809
0.2684909744284949,0.33295586797310045
0.2913618192857003,0.3260757824323528
0.2557493574005469,0.3349582062958471
0.2879570298858036,0.30914943262526934
0.28008728566833063,0.3129359512536126
0.261919593835587,0.3277478849851923
0.2584401949734975,0.33196978256655885
0.2785204441447523,0.3184246350552671
0.2693382063516155,0.327232064524676
0.2744588308032495,0.31853818058708033
0.27106922833656405,0.32220688908926076
0.27098328799013055,0.32714753581510353
0.2716564417651665,0.32048973714774875
0.2943315834091076,0.3087385581532621
0.24394268246095316,0.3398625201664777
0.26279696975843503,0.315702435773304
0.2613309639764275,0.3208744472064725
0.2532360271557578,0.3290505023065939
0.28434403270670855,0.31506793078461454
0.2502640990676535,0.33198564089174193
0.24879559827671485,0.339637844263706
0.28788229454335074,0.31161345050972733
0.28573982576779333,0.31370681626661434
0.2940543275583174,0.3115355624619542
0.29427347871044646,0.3106339330613757
0.3158880810978766,0.31653845281844156
0.2505898969097127,0.3542577532074624
0.26584125021497834,0.33162720856959266
0.27234980013494364,0.3234807200668658
0.2821568416091088,0.3224953936820592
0.2934947240168551,0.32148379712750286
0.2593147936469957,0.3403621262847529
0.3018585874576458,0.32080831945769944
0.30915919779443035,0.31723520175459174
0.25289022008890566,0.3503964593440924
0.26408533315166394,0.3374518184200628
0.2536940826199047,0.3480319122891416
0.25619587509075414,0.3430531337417192
0.26232480851233814,0.3375673483622417
0.2551802678041086,0.34513871941971347
0.304972490099947,0.31867360694939606
0.30393242483496574,0.3188181045180313
0.25535466797085465,0.3439389619734724
0.3205248100651826,0.3159242195515671
0.23429544376252792,0.36864917626759985
0.29551155687759667,0.32309487900307
0.31408446429946885,0.3162565769341405
0.2491517873326606,0.3580327589101054
0.2723934244278237,0.332251183501713
0.2588229653984573,0.3462518663242322
0.2627286657298384,0.34105018525893277
0.2452552663993708,0.3656630805498347
0.25504971948888,0.35322346740322785
0.28249480656966236,0.32918374163889474
0.24630932762848326,0.3632604973307092
0.2921779280688273,0.3274497555078916
0.27184630897630563,0.3408439698629541
0.25533391680550305,0.3512694073180683
0.27897387656499867,0.3298336239297858
0.2944493054135949,0.3267618260393615
0.2712565067516377,0.3409733934811067
0.33559628848492584,0.3134872675335597
0.24828873881700952,0.3474426594108628
0.27041766351629165,0.3234984376643102
0.2919551318796943,0.3157400468749049
0.2909100662172584,0.3205676194108973
0.25973875674319363,0.32756638726039705
0.32065553933821567,0.3154530924692301
0.2564091693913916,0.34100197716587677
0.2574500366596712,0.3332466443561243
0.25425584000086643,0.34203334427308013
0.32627794578472363,0.3153709838396035
0.25003375032110836,0.3473841595870525
0.2597213066425998,0.3331476047585303
0.26321099241960827,0.37566526195139116
0.35521880931141964,0.3060507343615915
0.3337090835202936,0.3119011531861157
0.2652337339491925,0.35914163555946876
0.3449257803623604,0.3104570248901291
0.27107352331295925,0.3488618770928558
0.31795926536803654,0.3150788454925778
0.27193711774258256,0.33982536001468183
0.3040371405068318,0.31804882643020727
0.28269039288339537,0.3268542578942178
0.29653129609592616,0.3250362119344911
0.27494772061492284,0.33191449223333785
0.2662447326009342,0.35392281577548107
0.3149976537584661,0.31536200180333046
0.3036767535818614,0.3225542377092867
0.2887270706678338,0.32665220878620427
0.2746632810955202,0.3355624812641444
0.31131726394298115,0.2980194199221457
0.23323951482387884,0.3482113150627568
0.23987479935743597,0.3437862154498618
0.24487244787686294,0.32876822593133426
0.26782066184326503,0.31688363773580336
0.25785196457199466,0.3286511354335973
0.28042814738124294,0.31680736699223244
0.3100390879204428,0.30541350729307504
0.3056802341245561,0.30846556818425114
0.2874610421168793,0.31504890038650707
0.2945496725139393,0.30916181739094567
0.2627660104437148,0.3244073106489111
0.29286837182231146,0.31170494422850403
0.26251869483820217,0.3246816099385396
