0.4668454850653915,0.15236974560505587
0.4433042167035873,0.1557950941335516
0.46302722579962485,0.15265042993763359
0.4600711023979396,0.15284773936557275
0.45618636298980203,0.15308573480672646
0.4454605946382473,0.15536344010135428
0.4554661605160937,0.15353097036799473
0.45382371589690707,0.1537166500449194
0.45010831723438605,0.15451141656084602
0.45210382518328435,0.154002193241965
0.4464922119173402,0.15524939843109808
0.44796104342374643,0.15515256675572814
0.449139689270292,0.15475066047161085
0.4550919689284728,0.15371541508240213
0.4507797519993596,0.15431835053230414
0.44831964576413297,0.15504519438454947
0.44848440463076106,0.15487954843663684
0.4517390227132147,0.15405293740141265
0.45140756869483656,0.15421160295137223
0.4490308997916776,0.154813177017138
0.45129769185246116,0.15429728943524695
0.4646573180009554,0.15232057198143095
0.446294782789677,0.1551081413530677
0.458983855117738,0.15248499540267782
0.45696591092272215,0.15284837281949162
0.4528265797480377,0.15297333267391255
0.452483126638989,0.1534703855643729
0.4481004899370664,0.15465834019755945
0.448533473196836,0.15441171962128056
0.44793163952533377,0.15500065228953305
0.450050740080957,0.15408949267080269
0.4523193081435071,0.15370475940068962
0.4513583899595424,0.15397832799682862
0.44916695433705506,0.15424294771517852
0.44729358339571906,0.15506194029155734
0.45181918953911543,0.15379617156188172
0.4515467348411383,0.15395989577290417
0.44970979456109755,0.15417680340465728
0.45183440395667834,0.1537471474485419
0.44767683727764357,0.15505456155228073
0.44919394768367316,0.15420686526434096
0.4727531021959857,0.15275169308357883
0.44616400134786466,0.15517271435367638
0.4626461180712833,0.15280404695065078
0.4484568612066908,0.15496420558418228
0.46245162129364387,0.1531425200876342
0.4541949286715778,0.15367684003252163
0.45799326995057643,0.1534755866452341
0.44947022020159016,0.15459094053050423
0.4605084988549148,0.15339854664077612
0.4517395956387545,0.15447524930878015
0.4526461706502999,0.15414737446381688
0.45386491383792377,0.1538621013803542
0.4533827773795188,0.15409465028355077
0.4510810119656846,0.15456856203194774
0.4587626096131537,0.1534139852999512
0.4566066990710094,0.15274293335486774
0.4424310580843289,0.15567388279602698
0.4447943960701232,0.15542906413004143
0.4471874383841599,0.15428923387288704
0.4547128087840771,0.1532715766609004
0.44625060902454905,0.1549191221565467
0.45065017811930363,0.153784046878035
0.44558365015453694,0.15497460250616152
0.45284935122831116,0.15369268494564106
0.4494051286077335,0.15428395727506372
0.4504397535091284,0.15404042571640536
0.4542927283993005,0.1534914516483465
0.4502221512969814,0.15427382929767308
0.4533345530349201,0.15351312749331147
0.45319264245674495,0.15363924718771127
0.45323252633108896,0.1535783033686012
0.44275410678372684,0.15623100439008053
0.46980038305855143,0.15297815759977307
0.4459693394547169,0.1550408817732534
0.44987672233302584,0.1546169431369286
0.4511305368562456,0.15419497670625848
0.4552848782972108,0.15383770936735364
0.4458343691796906,0.15589794273465096
0.4647923492270936,0.15329320910610608
0.46652644939884436,0.15299447622647
0.4602493274219266,0.153406624733832
0.4615261343352938,0.1533336952108326
0.45890654650208157,0.15373331064059417
0.45856248011728235,0.15381862323350412
0.44442316775316976,0.15607388908689246
0.4448235482199887,0.15602061855863492
0.44515124342515716,0.1559253163639355
0.4449408937793487,0.1559481100392192
0.4418320982274843,0.15535184169806768
0.4603468637296114,0.1528468107744145
0.45653485219349,0.15308546548057095
0.4481163400672217,0.15357572230326072
0.4534873376732118,0.1535038975325989
0.45368242287513366,0.15349555875438145
0.44792341943136976,0.15407589099455662
0.4470434463093772,0.15449516263130023
0.4474094527796219,0.154111382911168
0.4428959141824103,0.15512969802303267
0.44483797938089126,0.15452315558366653
0.44463855253247053,0.15474869937219238
0.44406974422277173,0.15501287858217677
0.444312791574819,0.15483204906018336
0.446055005717485,0.15450928394260813
0.4437723428706555,0.15510744239685198
0.4662322030268027,0.15295551704605248
0.4425159197201443,0.15570801186774091
0.4516827297073522,0.15355890321355964
0.4479459551294364,0.1544168835008416
0.46107534802776423,0.15316826920095666
0.45695452314639473,0.15335506028268475
0.45114255367203615,0.1541389886653243
0.4643552783527407,0.1531292166253794
0.4470232541766632,0.15492175273043068
0.4569548255890999,0.15322063144635745
0.45024936870767646,0.15432097338090525
0.44338510743101534,0.15534455792970878
0.44656502688657346,0.15505255085300934
0.4452712870911507,0.15525519997452572
0.4446206262161932,0.1553416344052077
0.4436897228062834,0.15621529523740235
0.4617066463900705,0.15300473587348046
0.4458382055858651,0.1552257599731609
0.4444089271142135,0.1559114300057754
0.4490803096218431,0.15403679538295498
0.4572965230144487,0.15333054604300775
0.4528111536907306,0.1539052860325703
0.4467552618870455,0.1549140787910088
0.44885237590761834,0.15456127768260042
0.44832827915199636,0.15469150816793317
0.4543425014334411,0.1536387622292491
0.4563235155154364,0.15354577506438633
0.4539866985555616,0.15382891794486944
0.4568884755553984,0.15352551239654458
0.453767148945849,0.1538740144364862
0.45710617826307254,0.1533829876142103
0.47354113805337694,0.15280057928895
0.44901229058558434,0.15502203787358623
0.4545144296161214,0.15394545624376416
0.45244565622361727,0.15463039715232468
0.4697016893631274,0.15281357158666814
0.46597228645820016,0.152850710452996
0.45154219350330455,0.15472548726324736
0.46250171272527135,0.15288669595639448
0.4620014471355975,0.15319194495966823
0.4568164105516609,0.15386999964822753
0.4605225900304306,0.15331715231283682
0.45897459120547385,0.15377338728677523
0.45987429865121154,0.15356263685307261
0.45910495855949773,0.15363162067705788
0.4442532056842358,0.15689332824683164
0.4635290840023465,0.15322524168472873
0.44480278106494103,0.15618266703903758
0.44571736652413574,0.15546736909323905
0.45434693133431336,0.15379396771421908
0.4568543440935051,0.1537320356089581
0.45339660676931276,0.1541189783487645
0.4475689272838649,0.15518192154069724
0.45142744923999895,0.15422505040987958
0.4619412204152292,0.15331171833538287
0.4587882544482752,0.15364429158363518
0.45949116595250095,0.15343519417500884
0.44926683483845525,0.15475829539235128
0.4482358519000161,0.1549018027791126
0.4502709158241904,0.15467938940341414
0.4511555140046845,0.1544703010299038
0.4477439338806195,0.15504338847874322
0.46256274414553494,0.15329168877763222
0.4510663089849089,0.1546269085973492
0.45928505549779153,0.15347741160539743
0.4678674305440717,0.1528049698039578
0.44423999462165337,0.15574353445841718
0.4490507934386787,0.15535148740287905
0.44908091461913796,0.15483422734171054
0.46265892627748817,0.15296837207766661
0.46021244541566425,0.15336827507981493
0.4519600021432502,0.1543729714072229
0.46488452841942496,0.15288837783093956
0.45862146577688206,0.15349262800981436
0.4558905812583487,0.1539047157394635
0.45470414529923203,0.15418892239682405
0.4523049826477705,0.1543239150595925
0.4570464016844912,0.15358893025891968
0.4569898159980176,0.15375402549125033
0.45472675927474343,0.15406977474510217
