0.25226232028178724,0.26172872590302637
0.319789299421256,0.2331061025656369
0.27774384792667006,0.23702634376494217
0.29637696745198594,0.23340147021936736
0.2570516198663252,0.25197945099134944
0.2557617192981271,0.2584432604288478
0.2962226414184172,0.23598469196637142
0.2602183358532132,0.2482462924357046
0.27602118468431497,0.2410352987363427
0.27494187060467506,0.24387645156985843
0.26397725711979875,0.24481687960499823
0.26417040148919735,0.24406800276099433
0.2757853998152921,0.2428679824621031
0.26111624963902835,0.24860024757510957
0.3235039580881551,0.2282226421342246
0.26450103700043315,0.23777483426655596
0.26341973986524125,0.24808612230791988
0.2795718696408826,0.23181913365777085
0.2962119987093412,0.23100745316820265
0.30772341129200154,0.22826900100009134
0.27722006610117045,0.23724645359010035
0.2792503599144552,0.2354057039509903
0.305395688443365,0.23003310652355574
0.30116632449576264,0.23060119861886022
0.27735913361115705,0.23596276203197078
0.30447454427852244,0.22543311506096336
0.23967589236547807,0.2619040440613557
0.2529354036569334,0.24182301104291484
0.2527273995787397,0.25123304229643123
0.2828048242448755,0.23134687750865698
0.25994000196765676,0.23939393066784084
0.2747193003039635,0.2341675693131227
0.2618716193860876,0.238060807545993
0.27893928824877207,0.2337698871296622
0.29234467817603305,0.23007543822318546
0.25225196619187945,0.25622207330987673
0.292336002517434,0.23121555797415158
0.29926183729293376,0.22813247260240258
0.24494872068316242,0.26099750446023345
0.2694960573783208,0.23679337560939526
0.299972416147605,0.2278594489045963
0.2693381036017986,0.23694290259008136
0.24654747209276034,0.2575982981668982
0.2513886417908574,0.2572269228206556
0.24527038572660084,0.2592360731163884
0.2545765996188808,0.2725146645049911
0.3055035680512481,0.23129059115120426
0.2595336121134666,0.27119974054176954
0.2601754676949524,0.25721057210972775
0.2938839774534352,0.23488675059119035
0.3020711137077156,0.23271161565157183
0.2879787462628273,0.23977317997934822
0.260342767131662,0.2554410070412535
0.26795077828824637,0.2534290791960455
0.29129101487246045,0.23732423546357947
0.2819403474356134,0.24171361059304206
0.2743368632223727,0.2446066495156927
0.2735224810893085,0.2492061817739683
0.26827421795110706,0.2509243769919393
0.27293383759929013,0.2501464379396539
0.279611272913927,0.2418422183163189
0.2788472367076215,0.24400711827915367
0.2680437751602095,0.25197083083172594
0.2768722185463037,0.24437442143329574
0.2755499067596824,0.2445531422243973
0.2731087590270408,0.24944875400074315
0.27649028366143236,0.24437464529643382
0.22387196144995136,0.2608987575926178
0.3193485499523629,0.23374086003684408
0.2892436364543231,0.2351986856166231
0.2602531256551512,0.2376053430203778
0.2359043613052626,0.2509064799892376
0.22459627961312595,0.2545764463388136
0.24652853731628344,0.2467620748925193
0.2558610757320187,0.2416224597420106
0.25365820280933926,0.24480073777284683
0.25262324387641266,0.2460140412553328
0.3222043812927786,0.23068746839752494
0.2604143464704506,0.25850413205971984
0.2661619730442773,0.24526009021937856
0.2820364373820809,0.24236720445248153
0.3065780081760059,0.23359934296002186
0.28891099243424406,0.24063711899364593
0.2964105288794421,0.23850454880411756
0.26765183397066544,0.2424608925453967
0.3194066074895406,0.23330346508447666
0.29924031996720873,0.23508317392727704
0.29904212880102815,0.2351397825491315
0.33305415943864775,0.22980918666689515
0.2565972002113526,0.24612680506790544
0.273716112027208,0.24322454359945597
0.3101340949442871,0.23157085697791496
0.30122477540452425,0.23427259431329245
0.318265440374151,0.2308481651930439
0.2892284124757883,0.23915669789010588
0.27727605708162356,0.2409405589588998
0.30116382586320517,0.23633458198276677
0.2954377299309044,0.2385778823364884
0.2767231277185112,0.2420758690226436
0.252731580298301,0.2619461935235713
0.34226852806922875,0.22897761830978627
0.3043599797817729,0.23534559893149493
0.2730406147182618,0.24099437461131987
0.3194944227572805,0.23283979571334631
0.2826564624208514,0.23813885933377404
0.2950945190125924,0.2377818329814392
0.27126094950014296,0.2461407309154127
0.3289527292659686,0.2322369405186996
0.3330337204664992,0.22949186360686394
0.25291375927866444,0.25649678302247625
0.2605121083131197,0.25251716201722624
0.2614425189091334,0.24851686117849922
0.2555289806859046,0.25488767861208017
0.2646941176291182,0.24640181690858656
0.25964969864041415,0.25358304938783477
0.264245718481281,0.24804910249598647
0.25433821847352867,0.25637383088236476
0.26282828676129966,0.24851250277337478
0.26043668338556136,0.25344302930129875
0.26112562680638385,0.27764755594872464
0.3387087526439864,0.23133492652632706
0.26365350899200135,0.24913192120666783
0.30269121361592627,0.23878387921029598
0.28424072855355986,0.23937658846178458
0.32217311312135444,0.2330610218465744
0.31114449790342047,0.23353295528038015
0.330599594732449,0.2322779711492145
0.27600174087470714,0.2471354778308894
0.27740318870127345,0.24175725332865416
0.2671453539529034,0.24740006185163602
0.28217505821735483,0.2401416832513787
0.3055344123591443,0.2348321907573884
0.27737144927844537,0.2452771359665964
0.30341257112132475,0.2351633261688671
0.2653171035898194,0.24860486312436034
0.34478942882803865,0.22810336438737217
0.254812320523697,0.25540778184449586
0.2932832197036811,0.23598146699844239
0.3292253798891397,0.23108974287299766
0.2876222854801051,0.24080247082749007
0.3033294667710983,0.2347748832468025
0.2761406876635593,0.2462659601403893
0.31559721457991907,0.23326684073890241
0.28122216619912604,0.24158241294616065
0.2603679262112592,0.2539063893606313
0.26651652597723036,0.25244383261296144
0.2675095196057749,0.24974298644370907
0.3385205109954185,0.2303398919039116
0.31303303567400637,0.23362423385298525
0.2735224320430857,0.2484448724533026
0.344212601521631,0.23011169389916994
0.2739512928353942,0.24721645919368634
0.2830127970847888,0.2412425828916212
0.3467873645007467,0.2329131739147835
0.25838803704625657,0.2572185870100834
0.2902854028173147,0.23608442145058134
0.2779479162137241,0.23730642806651556
0.27684676425870025,0.24364801675237394
0.3115723868487041,0.23474595789524172
0.33096237404904166,0.23292460468186216
0.3159698926879569,0.23365537750662954
0.26834269344145134,0.25334066338697747
0.26860841144354064,0.2493038688934824
0.26064686248639635,0.2542360945216425
0.2738678504069874,0.2457114544670269
0.2724071523396966,0.24775007468723928
0.2472743078181931,0.26508499076136016
0.34063162056607993,0.22911662112635478
0.2505210526988666,0.2558100994922025
0.26858501009397845,0.24211278576057196
0.2798277693159923,0.2385082305845389
0.26065785539425684,0.24866467871328857
0.3132634982416179,0.23217385851414096
0.261360884227727,0.24302591682524796
0.3026081577507865,0.23360162318968905
0.2586482154264065,0.2523131393785294
0.25689799698533755,0.25462786335191656
0.29627572856502,0.23632940416502046
0.324057776537521,0.23200933018136355
0.28934506106687347,0.23712136951033475
0.338107493608355,0.23107843079417142
0.2964605991818582,0.2340003344563093
0.28530495557376495,0.2377069356306755
0.33374634570062933,0.2319099872930081
0.32797894955072726,0.23199701614835608
0.27142664095628977,0.2512313328768623
0.34557959205546784,0.22865105633859345
0.2885176005648405,0.23922270172308505
0.27489453848818163,0.2464496549324944
0.2835176235768604,0.2428666331400146
0.30754458051933065,0.23396537301778206
0.30331178624098926,0.2375657629565569
0.32179024930642824,0.2328798722583774
0.29365651118801617,0.23759400243384038
0.3064964876744544,0.2350110880694596
0.32572274836273135,0.23048981939239113
0.33226280209928655,0.2287445402243409
0.2817623720065598,0.24614642865687483
0.2827867708203092,0.24456113660151252
0.3234763510964348,0.23238932328040338
0.3307599291129965,0.23011372744548642
0.3317162221841621,0.22886011023127786
0.24241157830761542,0.2647401928986656
0.3469751958637402,0.22865339038363672
0.3085695477422771,0.23150056699153604
0.29071638874993294,0.23313095221500085
0.3201776824726209,0.2300587135432433
0.3337268276094528,0.22887098958052082
0.25006874719405386,0.2539714326058453
0.2491128645439271,0.25923561722648963
0.28432513581787944,0.23570387899605136
0.2766146966863078,0.23947405247879033
0.25706832450117195,0.2528224368296387
0.280617299501186,0.2371624161050454
0.2587553148538916,0.2500334800808362
0.24455520032468836,0.26263433277645404
0.27641750615714034,0.24288396287084915
0.24850438893032883,0.26096403459859474
0.26419603802192343,0.2452584542178016
0.26917436969370306,0.24356385463648147
0.2599495915901481,0.2468743024674737
0.25973416931340976,0.24759578210850805
0.26552583611430847,0.24467311283548765
0.2719944797689839,0.24290373524317185
0.31796851813225285,0.2275595025828077
0.25466263542087514,0.26568657963851255
0.2930416277981956,0.23490546460943776
0.2561285741274956,0.25508535664664467
0.30972355005337976,0.2342173196073077
0.310942608732201,0.2302399983318151
0.2848261074426156,0.23931577236146223
0.26848606453323315,0.24517915374139249
0.26390322545115735,0.2521689712782829
0.26489358383519684,0.24818266825164392
0.27549041595934887,0.23948682270157726
0.2730766441604085,0.24264693487646458
0.2819757919111804,0.23947107649213678
0.26432557878499785,0.2507870961529627
0.27543363601865656,0.2417817775449787
0.2744125195493174,0.24264219858904645
0.34901257950151965,0.23172535857931326
0.23406918345041727,0.27531378777722737
0.3266292199132294,0.2338803604005087
0.24071160651303294,0.25697230962502743
0.2602380505301578,0.24733532073371997
0.2742730510060928,0.24157273664221043
0.23987139473781602,0.26803587835138015
0.30441998771711204,0.2345367659394518
0.2564089364285826,0.25231645532872987
0.2546928670131881,0.25602558507502515
0.23449999432639984,0.26841796896255576
0.2941421757793052,0.23816272836635038
0.287563324768421,0.24073379662654187
0.30045418354630843,0.23677488006897038
0.28778270297322556,0.23984009826440025
0.30416548984425945,0.23667886906967375
0.26553011605825383,0.25448860900385706
0.3519439935816707,0.2242741389996455
0.2710148571671947,0.2414033257478979
0.2852407937668682,0.2371069351166378
0.26785655081929577,0.2493493742962328
0.34395488994894907,0.22563545361242973
0.293952792592792,0.2358956646415308
0.3274034588611174,0.22737059820763852
0.30401523640516187,0.23262301661187226
0.32419893404296285,0.2293136869306659
0.3144994949203757,0.23022814443981468
0.3123967400198327,0.2325502025945143
0.2660427106979272,0.2523426818235736
0.26496942960556435,0.2528628976071255
0.34207163957866266,0.22541300980778045
0.28748834609621826,0.23623620252172228
0.30591212217089636,0.2342653015913566
0.28279361214016085,0.24123455493788099
0.33545396189530874,0.22731473584072004
0.3222493586086673,0.22883646769465604
0.2679875394472535,0.24642048629945307
0.31302761396878553,0.2319651786115476
0.3181906966470737,0.23144455370766587
0.2765622623540502,0.24377573054944415
0.27596475425048844,0.24464019224055894
0.2732069717102155,0.2451501641751782
0.2714100677117693,0.2454741817609715
0.26934849002939404,0.2459850161432215
0.31011941329107456,0.23479619742996297
0.24682846905262854,0.26541575157910435
0.26215324445463656,0.2480186496348029
0.24688864943001926,0.258582220328566
0.30503222101627053,0.23574112749094722
0.2976008799650822,0.23785248747089824
0.27058048048003025,0.24503462249234725
0.29482878914236516,0.23967694102110096
0.2492552233400194,0.2556157296226364
0.27905385347218553,0.24330830517684973
0.25881649246861904,0.251754304876906
0.28662819658285277,0.24085861107279463
0.2848184675908387,0.24247376373612714
0.2527569189186642,0.2535510002586801
0.27258909993810854,0.2443988321497406
0.25628622308521254,0.2529825539308421
0.35752447287629835,0.22362948668614885
0.2690691439613131,0.246392124407502
0.32731756165298775,0.22543354437987828
0.28073458812896235,0.2374461669188902
0.2824885757780876,0.23265457248311497
0.29717695475471634,0.22859605627516377
0.2785476461957351,0.2410636362222141
0.31324842154709587,0.2281370339538511
0.27086583240836426,0.24292247461910224
0.3151156075588635,0.22748437906476826
0.32721577209222397,0.22608935565220517
0.2940762233993729,0.23113685547131
0.2888530763643804,0.23156161773842124
0.27730724123290107,0.24253207129740656
0.276517868657591,0.24264576540955785
0.26331954649139666,0.2580125044398475
0.3352249959554104,0.2287150860500208
0.2780582232479146,0.23983031057193693
0.28478406682133195,0.2356635714787529
0.2732829408969744,0.24663595926273796
0.26861485825049297,0.25307009709871364
0.30339783249086066,0.23086292032661707
0.31855172730488057,0.2308288815319915
0.3256834903949869,0.23030260166726588
0.29073984803043246,0.233967183420619
0.2690764641590178,0.24974663351224707
0.29633980997337733,0.23160825258735127
0.27138474843568233,0.24779608982172155
0.2930185397370952,0.23258287995418572
0.25392797965971936,0.24956384990916988
0.34636515758233943,0.2317357916822262
0.3270896459016832,0.23189294614578393
0.2639943446244677,0.24462160820020082
0.28940347296351626,0.23827549034618678
0.26338817360343464,0.249181269214063
0.2800286054239447,0.24037919435484842
0.30705541540943665,0.23232357218141228
0.2948590025873055,0.2362508840733453
0.2988936065242172,0.23518413098546734
0.3009001341091826,0.232729758373288
0.27412335925247794,0.24373095606929454
0.27629401464184866,0.2420959267298513
0.27488853709043404,0.24257449960655877
0.3242447564538339,0.22670365456855246
0.2413570116102595,0.2444982705166904
0.2626439232191897,0.24382477701534866
0.27359290222848354,0.23210182703855062
0.2660910583405898,0.23903637941029912
0.2968423186510889,0.2306115689492736
0.2729606690545329,0.23601273779639909
0.3230948359079438,0.22839565621319702
0.3060190039814972,0.22914349416053556
0.3042433859530773,0.22981084860635087
0.3090714928520236,0.22608592926004714
0.2507046014019555,0.26206934293266004
0.29509046911849357,0.22906923880372806
0.2750931288331992,0.22971914383302905
0.2528194439552665,0.2517441706260602
0.26690529955911685,0.2383713280955028
0.2600374670844105,0.2445460441626641
0.2537070981366152,0.24991484080623022
0.2645655135480241,0.24438458644119704
0.2741897748942323,0.23570973483035604
0.2738775698064226,0.23781014638528425
0.3434766787413312,0.22580068387813432
0.2427301498345846,0.26540582511361854
0.25181105117668323,0.2627151268710711
0.25922070894207117,0.24387408167647326
0.27224571567028705,0.2379668192707535
0.25414613514858514,0.2553559606389062
0.2579466749370013,0.2516010548946086
0.26917172973686815,0.24191217142108823
0.284825766692504,0.23406389606611697
0.32497502783438875,0.22906030198335156
0.33198778017593733,0.22709858216860396
0.30970717209904874,0.23074482220306547
0.3179665573571347,0.2303912759341632
0.28747198634149873,0.2330369203826655
0.3394163602758936,0.22641241696224307
0.2987338990191686,0.23098430736904077
0.2971253887136768,0.23249576020760748
0.2980980522269606,0.2318299597347246
0.34159010982244964,0.23066173192082115
0.25124367979685625,0.25681721769300997
0.3159244538079172,0.23290026255565877
0.2587572269684494,0.25469413735833646
0.2609350679790976,0.2525979245221827
0.2707579457088085,0.24781236095627518
0.28195729250113954,0.23922555850486216
0.3007281148646545,0.2356803408144318
0.32719744117031874,0.23187516806010894
0.2762687017084007,0.24510131582774888
0.2805832091946103,0.24175028767464515
0.3334213852709389,0.23155867807481129
0.2975992467829639,0.23895660154964637
0.2657197440594316,0.24976226641168672
0.3103510671109302,0.23468124618612096
0.295159792218931,0.23921624356862234
0.277200479241426,0.2435044172658686
0.3056515070696179,0.23486166775715764
0.2674135951342886,0.2494612493905816
0.3612935041134868,0.2283346723422956
0.2609048991106689,0.25913374939079176
0.2614140506949765,0.2504661462856721
0.2836175970223355,0.23511093201750813
0.26800061714026513,0.24431573654204775
0.33813948909780644,0.22886300176947175
0.29985355899599575,0.2343687515228176
0.3143921565585315,0.2305857627602822
0.30398286142851677,0.23184843170919497
0.2788218924615632,0.24066721492668192
0.32651879752637164,0.23015531713545553
0.3307758172909822,0.22964410709709615
0.2724627056789827,0.24185523410843388
0.27287567877075486,0.24143136478176463
0.2786342187063267,0.24097784515971724
0.324252070602676,0.22775991224187508
0.2588039921597635,0.2543735994483675
0.2993157557159484,0.22818203211802646
0.2661712245636881,0.2482319259436135
0.2643093986409344,0.2541189189460245
0.2713789314565835,0.24169406853531505
0.2668690148506115,0.2450832168146026
0.28403189935406015,0.2343880443127452
0.29182624575067156,0.23371407218963303
0.29813131294405704,0.23102310779319507
0.27953940166814717,0.23605848736788804
0.297729028651652,0.23362318977423352
0.27888386791090947,0.24079423267460226
0.2786621090241699,0.2409384365585114
0.27964586423469495,0.23536554026291753
0.25096581043423916,0.27212631968276346
0.3099344842695134,0.23689248425207637
0.2513151977355557,0.2596350884354971
0.29843713461248284,0.23854977445040557
0.2709760578594553,0.24825172313402696
0.2866912341192917,0.24436675952342074
0.2771175863046105,0.24610161290279686
0.3067044194072259,0.23792487028903297
0.2630806350581887,0.2590176585676235
0.2701448933416143,0.25180591218793497
0.2575616320722023,0.2591823163586581
0.26509001323784465,0.2554163724202137
0.28255033594222384,0.24572135010131874
0.29458425596942517,0.2426512874643153
0.2685447074847366,0.2547412467451415
0.29366790595431164,0.2427118383974792
0.34386130749560617,0.22475451993648526
0.25738312195835006,0.2510702691963914
0.26334825845445203,0.24353268625032767
0.304173884787017,0.22843386301854354
0.2762740244999692,0.24110089386639305
0.2915633082700056,0.22989356795153068
0.32078858045675207,0.22800309134174834
0.2763590790499125,0.23687969276709023
0.2664083069823055,0.24233363638721664
0.3228534451542824,0.226483894187544
0.3411352473517602,0.22576775758679754
0.2803155177543694,0.2353944181482709
0.2873578986206671,0.2325083108192882
0.2889924603280762,0.23164488354482105
0.332920685560764,0.22607523668014254
0.28404591471751117,0.23421961375659886
0.33112203548281793,0.22636680619360308
0.2827925573591987,0.23472820339307288
