0.364473240489907,0.17387865808924077
0.4033945320506551,0.1646274247515711
0.3672894979234458,0.17176912981519024
0.36630045207585415,0.17300909652211208
0.3697552247761306,0.1703516512029417
0.37357205060201887,0.16815701975706715
0.37644175012770453,0.16753558356881257
0.3806818619378755,0.16739726746618308
0.3841669593181852,0.16697673747833192
0.3725419112940827,0.16916406693098196
0.39933035201532296,0.16483569880413676
0.3948057430716244,0.16525100554823677
0.38873231614705445,0.16694459122216762
0.39419872795146066,0.1657567884661216
0.39172237347711614,0.1662647907740894
0.3722415695155672,0.17002648717996274
0.39359348663389093,0.16613917515674448
0.3900525394626831,0.1664281093279327
0.3980241075374583,0.16524175276654815
0.3721200067118524,0.17017274930082227
0.3897104125995062,0.1668753756745904
0.3980332862309512,0.16496313417441566
0.4205945499109975,0.16352595932046515
0.356073999327709,0.17296952338866123
0.36534698700756646,0.16874633637745076
0.3638553703567108,0.17190937307092177
0.40863097482456884,0.1637033717393028
0.4030358101507952,0.16444067500128814
0.35956225771533723,0.17227330724039258
0.36916579876434946,0.16771437929103336
0.3764561105155704,0.16711411639474905
0.3729629407549185,0.16753880056803258
0.38682888622732353,0.1655465465701741
0.40063394320151025,0.1648410570549876
0.3948057118475189,0.16487289994747115
0.39237613648727215,0.1654860285091302
0.3854575956806524,0.16579164790162654
0.3631100866297253,0.17221261390639286
0.37964518549035814,0.1667910700714474
0.3822660563935384,0.16665969113221243
0.38469276574245315,0.16622852682254083
0.3934408453250378,0.16488005492357283
0.38352495154205685,0.16630777983234699
0.392593846346676,0.16534386864667716
0.40074220926742277,0.1645995252063256
0.3699157078429449,0.16763797379782125
0.3803523637160489,0.16670329057665373
0.40695884708806185,0.16441695226469671
0.35414231229574594,0.17102950138962253
0.3606798694133903,0.1709740491622599
0.36131437083223605,0.1691676833771529
0.3757836853397071,0.16612611693891363
0.37451429756073756,0.16708126532155343
0.4025781759343817,0.16450292603468647
0.383975966808763,0.1660271021071962
0.3712319104190883,0.1673720605614496
0.3637236303441937,0.16898034535343526
0.3972148399917146,0.16495857028220198
0.3934398404745948,0.1654909833680756
0.3905193113674772,0.1657829314647126
0.36604243402743,0.16846511890279262
0.3867233395888229,0.16581327904657361
0.3687397452732788,0.16769040238699967
0.36846520359074075,0.1680055601959367
0.366093081608695,0.16819518163986807
0.3959983888551861,0.16525536450847036
0.39633862908807665,0.16511111849824744
0.39660367082655906,0.16499247155141838
0.3553745313882712,0.17306744506933447
0.39465628613964315,0.16414661577374728
0.3747440874454445,0.1669285930237477
0.3622541695832929,0.16752014872346033
0.35919147850058974,0.17050804356246563
0.3914939284736946,0.16560416447308768
0.37896942704507963,0.16644835136477656
0.36101162641798346,0.16860885033056194
0.3832764817181291,0.16593575543591954
0.35833793643066425,0.1713946804745385
0.3562591346223009,0.17190702342739386
0.3612849435623492,0.16830086486462845
0.3868419766936235,0.16587131470443717
0.3887457352619401,0.16581974123058296
0.3572671521805595,0.1717304635489648
0.3568421846556285,0.17185183978285182
0.3917774434773173,0.1638747959650821
0.34601656477899734,0.17343011633875147
0.36973164307285916,0.16508322836635478
0.36017012071084337,0.16706426690777593
0.35807463072906137,0.16910658582122187
0.38253168559027,0.16445769485770673
0.3539623773961721,0.17111535579500894
0.35145632345879285,0.1721851517434063
0.3869237480874452,0.163924771262745
0.3902418374300164,0.16255000546114506
0.3466589034159125,0.17215183625671257
0.35275355336989694,0.16889752715325115
0.3863146576009502,0.1638079758235429
0.3591266798332193,0.16818438829446608
0.3699005299556226,0.1654045922840016
0.378255825672712,0.16525903363149408
0.35226650100272483,0.17131550580612667
0.36004879836806475,0.1673138778465819
0.38022470628290583,0.16409993468322628
0.367532638849608,0.16602750136988395
0.35106928758633216,0.17154199146504087
0.36570022232373867,0.16722870009954907
0.36571811121991055,0.16658829727279967
0.3789780500872832,0.16432912166821093
0.35677215039921906,0.1709142577553452
0.4127015567863963,0.1631453988816818
0.35859905216336796,0.168523497634078
0.3758259654841554,0.16576475676363467
0.3841603867485286,0.16512434812885207
0.4072785485903798,0.16364280360515787
0.36849786724453815,0.168369018203778
0.37457620289943994,0.1665060770497526
0.3990899992583057,0.16411191255303567
0.37041556338131576,0.16664313282849513
0.40042770581063,0.16389931477789602
0.39136462837886804,0.16426456712701004
0.36954556567016683,0.16742817467104984
0.3863568153899902,0.16461447681755637
0.36861510956831595,0.16754695659698654
0.3621536940891093,0.16841278294267933
0.38723966405525007,0.1644045280360258
0.3901590301178235,0.16438139073895
0.36171752619102404,0.16842561061412326
0.349933954771801,0.17597599721113721
0.403141846641739,0.16334751828144872
0.3927156472654652,0.1637263787704225
0.35017206493117853,0.1722456771637243
0.3554855908056597,0.16950624677459944
0.38803007304771286,0.1647316548804043
0.35152990467272827,0.17076787991411166
0.3610853303088287,0.16888527067304318
0.3848187138884088,0.16585189118170535
0.36484512974829714,0.1685953962893291
0.3723665480278443,0.16696715033176648
0.3781152828864271,0.1663126379810539
0.3673856695829415,0.16742379213599304
0.38141540283428593,0.1660138284734045
0.35084605818010683,0.17182714205916585
0.3673763459991172,0.16791333343916204
0.3749145022997734,0.16666645234554403
0.37450578058533535,0.16681530878866727
0.4170587375146642,0.16421122492920173
0.3467942669381648,0.17275716654261553
0.3726028610422991,0.16568536775210363
0.35137202871208334,0.1713916794301865
0.3725074704114817,0.1674488750301079
0.35598680053620463,0.16962658863686197
0.4069882119936556,0.16446351027344855
0.386640217970399,0.16531953024774806
0.3616073509320004,0.16748282561809305
0.3961166642717703,0.164791611839029
0.3475619148474951,0.17174107659348645
0.36114072838806455,0.16833336371604787
0.4142018931600874,0.16426853359185237
0.3897620629882302,0.16517610177148262
0.3609055789873154,0.16928635011295445
0.39599172432274304,0.16511153023194747
0.35898890984260906,0.1693122809052026
0.3642936955467337,0.17331944505487928
0.4263286138259611,0.16260902185962423
0.41840554674837666,0.16311836731698254
0.4046022656510734,0.1635549786166413
0.36544564170189003,0.17106494893240837
0.39018822802444025,0.16531682497459843
0.3799676604089201,0.16653702887003846
0.4039584156936782,0.16413572399957638
0.3970621461427108,0.16466061567144946
0.3709162075848756,0.17014157813637487
0.37995651894068894,0.16765488668928255
0.38809088891631927,0.16652964531996547
0.39466842809058317,0.1648350110836378
0.389085114389576,0.16643406119503037
0.3711751548874691,0.16924033086809973
0.3755781346164037,0.16804448935037464
0.3733698227936935,0.1686781558384964
0.3694994934049969,0.17085913624433757
0.3774186161356622,0.16792761336567572
0.4223547454304746,0.1628376321559751
0.4221313993289173,0.162877461133554
0.37162736193444307,0.16872018168871503
0.3681787126860468,0.17100528193502
0.39666215900067325,0.16482664946385106
0.35522820058697196,0.1727044804440285
0.39438975980165225,0.16332522182309983
0.36307943851621444,0.16831096639752874
0.360823427947104,0.1695852688820391
0.38690975101458736,0.1638223671573026
0.3716564483568019,0.167977097927126
0.35897991714620964,0.17172629593640254
0.3830095451335593,0.16502441294690035
0.38550353825376965,0.16386075790348237
0.3771762231052328,0.16658273783651648
0.37779187943870907,0.16595145043186235
0.3734144107779818,0.1670069410787813
0.35698138761811626,0.17269894884019155
0.3605756392825041,0.1705634262714073
0.36014266185946986,0.17096915270875515
0.38266847999129316,0.16583726685808592
0.3723580900178833,0.16735524872319374
0.37230805715450205,0.16796655971221375
0.3827149473724379,0.16560270963648793
0.3827112259962425,0.16571804549325533
0.3553046166337753,0.17411612260885131
0.4149094600733753,0.16377269805252131
0.40134872374304714,0.16499447753685062
0.38495987698164746,0.16505450297826688
0.38105350301115715,0.16650843915999156
0.36336417728444936,0.1708625102250526
0.3682243053454811,0.16929224171150545
0.3716312246947647,0.16774405153667415
0.3955619375856297,0.16504861276054336
0.356158990722347,0.17299505188877387
0.364865076007048,0.1696368506776021
0.3584032319214713,0.17244866885810925
0.3799508301091194,0.16722114223757933
0.36030359273797063,0.17159533885073228
0.37660295516105813,0.16741739613663975
0.37425619992929604,0.1677096330833484
0.35882248065285827,0.1716463454485611
0.39889838504073194,0.16502518973045735
0.36642795117190524,0.16955559246307503
0.4051389196637188,0.1646457791846323
0.35638776843451014,0.17314552159670552
0.3585699966771761,0.17082703544385078
0.36909028763018037,0.16708117415711332
0.38649204477129145,0.16614509160907365
0.3565049765146858,0.17253308864599132
0.3771607782893834,0.1666910851592182
0.38817533544325106,0.16498009933067725
0.363313431874491,0.16990696569641545
0.3811145879774495,0.16651727519361526
0.3943054885452108,0.1648870987169716
0.3987079839761285,0.16467628043691798
0.36389745138080576,0.1693116033619964
0.368840419087117,0.1684939467095437
0.3676024190275336,0.1685270319325168
0.37748234961366556,0.1639504879146828
0.3523281448218141,0.1712696663677837
0.3690002466403014,0.16538013266466395
0.35293124532493214,0.1697129446458006
0.3649293711453723,0.1666900442043087
0.3579672744930334,0.1693176007637234
0.3752536185493645,0.16519158355512298
0.359278367125481,0.16742548016658818
0.37378091347855213,0.1653057159264603
0.36279843848157,0.16732885849446757
0.35835896880576634,0.16869042397773204
0.35916866954437787,0.16848539612115934
0.36414691401004173,0.16704235410658785
0.36411134776630255,0.1672848897129415
0.3591296402544847,0.1684968620781506
0.3936983936476084,0.16517585228028864
0.3506904838368467,0.17520088334519962
0.35689688225978444,0.17218770760595561
0.3743084719776139,0.1673293429006193
0.36187732799156497,0.1707593809183591
0.37139670828011,0.1688307958949368
0.38423899744645845,0.166890589072768
0.3874728224605288,0.16594996130465894
0.36744465618756994,0.1704574270536875
0.3682741669116258,0.16967471408244164
0.3868984635862652,0.16673199670034655
0.38745608236263224,0.16642973536191302
0.3466913985787922,0.1747962601307593
0.40464087731039067,0.16309477989989274
0.376166550943272,0.1653102038286761
0.38476396991740097,0.1639794323454078
0.39485718329811015,0.16372287514749664
0.3714874399735641,0.16725437875120897
0.3523072414559907,0.17228341907109637
0.3511898420356027,0.17339574029537927
0.4018000340871332,0.16343330468125053
0.3542772505900376,0.1710099782198062
0.368176529349444,0.16759066989301077
0.35074574104542566,0.1746984742417253
0.36515199433530643,0.1686034317863134
0.3575632903625367,0.16966097956340534
0.3563070377162417,0.17051302243366045
0.36284689211822835,0.16964162067412678
0.35657714466814106,0.17003276621440122
0.37097705550188737,0.1674475320414646
0.365007513627702,0.16903964463777205
0.3639790298244383,0.16920613250813052
0.36344395195100815,0.16946518600141952
0.36390212711906117,0.1748302916546966
0.4196544532346897,0.16364174829876507
0.3954870345871804,0.16435103054925213
0.38753835136203313,0.16584343631115897
0.3685898299291639,0.17334228073998617
0.407167088314502,0.16398626446447936
0.37187820890366685,0.170927153367755
0.37704940272363086,0.16899627132313838
0.3739054587293564,0.17066090902971226
0.4138890512241604,0.16374169514394607
0.3866427623131201,0.1671977876170772
0.3674709447087171,0.1743908385157656
0.381315170904643,0.16724091667197255
0.38000671872800884,0.16808154011987214
0.3796761930155364,0.168646920084647
0.39239980027060106,0.16484633134749505
0.3450326363651979,0.17246444546451745
0.3520603776819351,0.1701696123372352
0.35513062652796445,0.1681325571615463
0.3499132591028949,0.17203368124624477
0.38535185641025976,0.16566383554672007
0.37141742166447317,0.1671086078137229
0.36624527529544465,0.16798682025186915
0.3783323721387702,0.16664079511251773
0.38401181832116077,0.16620858685360554
0.381379353142736,0.16649229963085724
0.3682903723280256,0.16737709563651973
0.3671621979154126,0.1677180597117893
0.3555951362887126,0.17074605887464886
0.40093859163737944,0.16115426901387267
0.38780358035477763,0.16351650845134585
0.3806616879153135,0.1638962074304289
0.39609687274226874,0.1626731037238711
0.3621501603211856,0.16799998434480892
0.35708920909606306,0.16953930487431576
0.3705942169332732,0.16646856431360613
0.36018363885473675,0.16890007633798992
0.3942960036319894,0.16315158195698998
0.37783185899370325,0.16492434476546036
0.3682910397706001,0.16772409503848515
0.3770144767328758,0.16600822783631777
0.3702418819347344,0.16734628892737
0.37718576365255935,0.16574210404407605
0.42062810482531493,0.16360706264115288
0.36719566005405363,0.17046435023366815
0.39141187680760603,0.16536403268098698
0.39886377114929084,0.1639970059629475
0.3707049446748459,0.1688931990278668
0.40865169059039524,0.16398040744989337
0.3753554036834836,0.1679568925229774
0.36940965057780945,0.17041013554094198
0.41656822743872357,0.16385681541251934
0.3879362353400458,0.16630199023209244
0.37937718694892725,0.16794204680201727
0.3846894256861166,0.16662644490191367
0.38731764762097387,0.16661704655797088
0.37973195333765436,0.16753589690833365
0.38371143496637716,0.1670205545937921
0.38089412518778704,0.1674199741826467
0.3823391929638863,0.16717307065218975
0.3812406485368491,0.16724498878328656
0.3830931747269364,0.1670436798326592
0.39020424331189063,0.16223100166451226
0.3617651487440287,0.16663799383161573
0.3692130715326369,0.1644365013362126
0.3674370776258022,0.1662573381377941
0.3784407614588973,0.1643408649006549
0.3835306959566672,0.16314914725779
0.3870160429243913,0.16290500429974403
0.3626983597752319,0.1663424861541786
0.3803728057246102,0.16371093060327843
0.3881981641234413,0.16241582483664296
0.38065249471202667,0.1634914644742953
0.40032227386999986,0.16449487060584642
0.3578587252538425,0.17140502941103766
0.3591970850954189,0.16918565921957307
0.38988512680471055,0.16463841494903042
0.3656392781887096,0.16784041262764438
0.36916081787013194,0.16679878340115645
0.3841400231885263,0.16485532437771563
0.36252482856802765,0.16830805037108487
0.38227430869260554,0.16512448630322402
0.37305638367166777,0.16663319659697762
0.37589377919856887,0.16611434145031148
0.38132049238523225,0.16570061023709376
0.3800229848350139,0.16588996335509687
0.363880011874957,0.168236684180994
0.37602975461415217,0.16595731777408762
0.3723609020330414,0.16677256666478377
0.40621314116565216,0.16294374748731855
0.354141619418874,0.17598866960337575
0.3895954215513616,0.1637441074553078
0.36651436591919223,0.1673330185042019
0.3777131162226938,0.16474365580189979
0.3997094914261295,0.1631556857742026
0.35552902737773057,0.175385351141869
0.37408245369887116,0.16633007820018367
0.35704110656493215,0.17251524853099373
0.3614438666965336,0.1694472160384298
0.3770821717762492,0.16603220387104564
0.35901214188632596,0.17198116376064887
0.35919202688353397,0.17016023899369898
0.40428138716128603,0.16311155581206294
0.36030853326072376,0.16988950375517092
0.35874485190322714,0.17250588598751077
0.3614414941610053,0.16959062413618872
0.39164829628595005,0.16450294847827493
0.3447782805809222,0.17463953651123737
0.3465304352588732,0.1731702131081867
0.3501105298094846,0.17163735003942845
0.3763490408447545,0.1661295865635569
0.35427471890281503,0.16907886513151119
0.39054727442859394,0.16518582890691788
0.3540394094317923,0.1701771152568068
0.3832685411156669,0.1660169441836206
0.38364167532918536,0.16528507834016132
0.3601742480169323,0.16887331074106368
0.3665129052155844,0.16756605551788212
0.36750700302253597,0.16711263960459735
0.36356871298907356,0.1683286906433888
0.37275519875374874,0.16704426723768662
0.37377839925137346,0.16662722372444297
0.35207112191838824,0.1710684589558795
0.36253794652567317,0.16857552286692606
0.3511448688314987,0.1711809356670685
0.35655301730890776,0.17213873335776175
0.4222384178352116,0.16231406819370756
0.4144811211435728,0.1633234353323812
0.40301983913384176,0.16388550902303856
0.3704563355537007,0.16780054939190742
0.3689393175800214,0.16954411222808885
0.39471064259013916,0.1644837915903153
0.3803767872221977,0.16674891813645637
0.3929174053935362,0.1651393435289197
0.40151196270746037,0.16425715186187473
0.3637917106546637,0.17032929746472933
0.38803793967518807,0.16537308951858823
0.376331734707839,0.1672543211115762
0.3832310008215388,0.1661582652396592
0.3871016771468687,0.1660817599244507
0.37400705507653614,0.1675775266162774
0.3632208379966898,0.17143770701292543
0.3659945540647519,0.1700150586799925
0.359869851975999,0.17191829245483337
0.3626421502682754,0.17147576640237247
0.3687400340160937,0.1697922725241937
0.3594239481033911,0.1720972426989308
0.35169092545298786,0.16801671207590346
0.388746499757338,0.16280691895691804
0.37024751185766364,0.16444434036963113
0.367187179217879,0.1654510847120982
0.3775516267866531,0.16406020330301185
0.35950210802059446,0.16745132442771887
0.3663260239383133,0.16658925600320007
0.38166875557197516,0.1638050165944109
0.3857428587402857,0.163286647474208
0.3639141125735035,0.16677625927551287
0.3620996970110698,0.16736876918808766
0.38386540130678615,0.16352334798847412
0.359081886323434,0.17378799854977942
0.3934317256237238,0.1634305927438763
0.35913427893255895,0.17143917761878597
0.36071559119132734,0.16965354802389662
0.3741911916360703,0.16739927256285755
0.37696412429862186,0.1664782786465575
0.39114728562341305,0.16454365136377264
0.36728960461794874,0.16773453441250089
0.36827623764198025,0.16755124208870384
0.38571682337762075,0.16577356273155197
0.36620122762984364,0.1693491000187606
0.3814459979390994,0.16602785284138577
0.38930094937322335,0.16542202882625748
0.36602120825393986,0.16951506259330867
0.38154608500850956,0.1658490379572835
0.38783962790673127,0.16554358994797924
0.3850575369916993,0.16309873137611894
0.3483672054357547,0.1755087859708926
0.34903971193725664,0.17101240520520383
0.370709967771586,0.16379979206764783
0.3630376931469938,0.16502782593823206
0.36951585562891975,0.16394416137620962
0.3509318020139321,0.16943553950936618
0.36057565746280673,0.1665587987567268
0.3537158640691708,0.16908014726655493
0.3575153540428632,0.1688478322722655
0.35988437941884976,0.1669343573955139
0.3596950943570341,0.1679782830063184
0.35917358544810574,0.16867124485456644
0.35953664037131766,0.16819325521015974
0.35940511525329405,0.16864611513864164
0.35848996497284125,0.1729905972080882
0.408233228763354,0.16329421303523378
0.3953290063747184,0.16388239286357276
0.38939060935775477,0.1654901620053188
0.3814141585806109,0.16628870796872736
0.3741677517176178,0.16840795506348824
0.36725650095671264,0.1719626721127699
0.3915671729235415,0.16473153326394246
0.37576856573070744,0.16753943797183862
0.36555226521376016,0.1727206000939854
0.3680280179166287,0.1708879861260853
0.3785243770482882,0.16736238490168417
0.3692979585230073,0.16981532753422884
0.36256216438748856,0.1728494020888734
0.38000972199228983,0.1666735175696917
0.39232152118423097,0.16399561949843786
0.3710403186949842,0.16910403609240487
0.36890229042232564,0.17051266517440358
0.3709533810725712,0.16923037006162425
0.353964107790485,0.17091009475073787
0.3995458182684192,0.16459182943116024
0.373673033181115,0.16640664090358623
0.38808253508849677,0.16508966554590174
0.38111495296971576,0.1658706767173989
0.3991988380266322,0.16495879688115864
0.3545272362343091,0.17008037562164977
0.3823774827332819,0.16517711365782478
0.36340498658848314,0.16848202161121192
0.3633447032253158,0.16932619655819808
0.36511270551863617,0.1680279230460039
0.35924247062382964,0.16973452314854262
0.3728307965373779,0.1672994272740042
0.3697375633764887,0.16802443122230454
0.3611012540763441,0.16966097518970086
0.369803954362158,0.16760551435039586
0.3709132838601562,0.16732810518242688
