0.42969702624134715,0.16280262115122632
0.38925772688137195,0.16465484856533175
0.4273260581835243,0.16385679917457988
0.3647024400524891,0.17161838288431108
0.4270614482057181,0.16404124715487065
0.37574731978521925,0.16732897385684822
0.37674527368845345,0.16711578384664408
0.4108176849229469,0.16409169124049483
0.42805385753206343,0.16356296073244692
0.37441797394539933,0.16841884696421222
0.38200492949643744,0.1659610980549309
0.3746871135782395,0.16744188601670562
0.3677966792078784,0.16978090630399698
0.3662638681962544,0.1714034061537928
0.38789110961001594,0.1659522649738129
0.37292088598551554,0.1690567593915652
0.37171615512936307,0.16971928058154387
0.4078860932296479,0.16427904180337355
0.3669173130297238,0.17057280738468852
0.3737301894151919,0.16894002718243817
0.37382958482762346,0.16884267778311304
0.40375531486603405,0.16459694410578354
0.3515984690879726,0.17212436067792794
0.3685901355357107,0.1668619603831656
0.3683989575696022,0.16717156058388127
0.3473582765252372,0.17303305420615617
0.35543697224176046,0.16895145815813267
0.365648828195822,0.16806468351171064
0.3547941935200693,0.16978407186412336
0.3563239104602837,0.1688245363340984
0.3512681288667269,0.1727266301787699
0.3624973622941737,0.1680762620228847
0.36651853382433064,0.16806146728750881
0.3610899448810685,0.1685286189658406
0.37085883559023425,0.16593092972487888
0.35417082926947907,0.17086156836791758
0.36718935323705537,0.16765571380094943
0.36835761195170685,0.16742450767037576
0.37074818294947326,0.16690860161744506
0.36505461203848494,0.16857097090963122
0.371721015246659,0.16684094481120004
0.38549770651965337,0.16358958192472414
0.3749714248544897,0.16588524505024008
0.3753506190530094,0.16366935555429293
0.3751870425061723,0.1658832516670489
0.3589202094448248,0.169921377525871
0.37205666671413984,0.16680803658161536
0.35519363295394835,0.17431659655092888
0.3585759828805981,0.17081165409928176
0.36512293776118804,0.16775316387948608
0.3918704505144029,0.16339936858927656
0.35699906858533953,0.17186376027423858
0.3738616436935976,0.1661539002733008
0.36901770036378506,0.16720833245286765
0.3729669209070495,0.1665727089698798
0.3618434079929711,0.16949465385424417
0.3569578268304209,0.16847947907263913
0.38168938592839674,0.16695487159023314
0.3987716551673496,0.1652818085911659
0.3927863709727508,0.1657980416684596
0.39166254091161024,0.16640748032272346
0.3726364584697707,0.16818360095188395
0.37403345671465016,0.16807422661215113
0.37878256000838234,0.1675518380090007
0.3683682921148477,0.1683585140978364
0.3823655547542976,0.16694153847841187
0.37865096034371154,0.1678951500091248
0.3836390767909176,0.16653211925580813
0.37309301700698533,0.16811969422195788
0.3575860605635134,0.1690745206955262
0.36449552949619635,0.16675060325427757
0.38572205294361944,0.164143479768433
0.3716612620961155,0.16633384736957868
0.40615450026791783,0.16257901483711676
0.39340796029648467,0.16353171836100217
0.3737165438162474,0.1652063316359772
0.3904506360130444,0.16394868251345196
0.3595335919386584,0.16803784975999672
0.4026462828935156,0.1628660444338597
0.3935720856942573,0.16337167305910888
0.3800572177458742,0.16441119497818923
0.3942044165336138,0.16325755334829628
0.3751070777505888,0.1676378494796452
0.3507049608483693,0.1735466160916196
0.3537023522223928,0.17315431962573524
0.3948343202998027,0.1661511904855744
0.3567527229641743,0.17248207303968255
0.3579469058445775,0.17160792195161348
0.3718824527506635,0.16901277657837888
0.3580356653839756,0.16998716418800672
0.3737462270247777,0.16839605588270476
0.36942891788974985,0.16950216340577742
0.38235730115948846,0.16762246486572546
0.35726579785538964,0.17243885297659592
0.35426407421568384,0.17311948797614
0.3711288351629997,0.16919706845423546
0.3890684337546463,0.16687275384274894
0.37214856422622217,0.16896347850516544
0.3868453373575196,0.167499416205794
0.37072836353498095,0.16920955814857144
0.36548046407903834,0.1698896557638683
0.3968420244229024,0.16588394729254163
0.3896517194796337,0.16626709234387146
0.3550683094824463,0.17268781600940059
0.37467296779260284,0.16514170359537766
0.3525840284679907,0.17242698790536967
0.358998562571594,0.1711116394666492
0.3696000373521111,0.16785061170027415
0.3625076076224922,0.17043140846608007
0.36343517741991105,0.1691161141791424
0.3614203662899734,0.1708786629552027
0.36167822014539497,0.17057394870722184
0.367925910053605,0.16838647847349622
0.4131875970711859,0.16480615541935897
0.3566357519373577,0.1711229595161918
0.36915980291396033,0.16814284714397112
0.37112365207854264,0.16747550862361144
0.3510366691272425,0.17503810664236535
0.40046971197134257,0.1648858175772751
0.36494446976733075,0.1692248246764961
0.3704820189750209,0.16702159595447194
0.378067556114603,0.165655073818277
0.36732668835564,0.1679382900006118
0.3940816833143836,0.1634360537198662
0.35834765149753833,0.17388041200066567
0.3807930548433443,0.16467762364156524
0.3834705671045564,0.1644160323124567
0.39811837622599877,0.16326965691354495
0.3721136091315002,0.16603245733688288
0.3841279142751573,0.1643103164519484
0.373746962601963,0.16599769128306768
0.369474438076372,0.16720720733958247
0.3689205925213192,0.1676813248358412
0.35965837836830683,0.16935553110228535
0.35937319941304,0.1726081296407952
0.37643211051490566,0.16588379221523936
0.3705452424630818,0.16667317686896735
0.37168653662929757,0.16639930558998386
0.3680756121590254,0.16745098270222306
0.3571159800811376,0.17040589590431038
0.4091381423257001,0.1634281891178962
0.38173049952335986,0.16500558163574466
0.3646488426041687,0.16854463769642827
0.38935577021627715,0.16479411849350467
0.3739337230017174,0.1662017972531804
0.36153998766742057,0.16984627275216033
0.3907385598918647,0.16464533327474132
0.3612838441384635,0.17020683730438557
0.37226676222993554,0.16848952374423784
0.356086995878824,0.17317860983692124
0.35925953466243704,0.1721033881306509
0.36755756447214516,0.17069787181056134
0.3603417976646192,0.1716328769790832
0.3710086066852479,0.17055136515707633
0.37783424474924965,0.16688756707649655
0.4151477285396355,0.16458425469406265
0.35626285817653625,0.17219337986188052
0.3834268119944915,0.166032451816227
0.3670371665868699,0.17087556330038123
0.3713251019973233,0.16871642863121133
0.3900607809727368,0.16558278195068227
0.4109448898028403,0.16527705377571184
0.38978101413179356,0.16532407852353848
0.4176083304463053,0.1633446483702738
0.3899515512939631,0.16413788879049196
0.3728938327596155,0.1666513426112414
0.36009801636625016,0.16814531614852982
0.3816014552731957,0.16554219064444828
0.3544974608627649,0.17223709419197153
0.36176486654452417,0.16803014923903273
0.3584583072175284,0.17012744184083783
0.3847453453843425,0.16540377342845813
0.3529986309245055,0.17410917761295927
0.36352575429755357,0.16757180730821286
0.371944202807895,0.16725831834854335
0.35380194207924565,0.17331290957546377
0.3882082082062003,0.16535280890070497
0.3541108639738045,0.172735540133355
0.3806603648842697,0.16649497440507208
0.3566509433823331,0.17015823316076326
0.35345079583181155,0.17390747598073036
0.36841677401102507,0.16950157135787425
0.3991396818567717,0.1665795159790343
0.40146066382981954,0.16617128604214457
0.40415102803887504,0.16517977254651126
0.36709135378967234,0.17200980347303918
0.3873098694145521,0.16751846063581177
0.39066078323707737,0.16746399514571725
0.3940435746694167,0.16676225244515322
0.36646571497590785,0.17245207303866786
0.378930930827356,0.16889081770973274
0.3864739772243483,0.16772312114820162
0.3928541571348216,0.16732016364415792
0.37686184698695335,0.1694384564356723
0.39017687649110205,0.16747355650333412
0.36453737159611377,0.17441451102520067
0.3855788066545338,0.16774509681551378
0.39384977099714397,0.16722824772939007
0.3812549263433889,0.16828145320255025
0.40362711906775073,0.1630500987267362
0.3695243466163903,0.1680414097520234
0.39533233141982865,0.16368516274055278
0.35777791042389095,0.16892884837601463
0.37953234162620786,0.165474070627646
0.39715367373895216,0.1633387190674696
0.37026036864248657,0.16604106351353004
0.3639650381669173,0.16847162024599036
0.38388460684815073,0.16536519412541825
0.39150999921536606,0.16425494034945187
0.3812682820950706,0.16693198147749003
0.3690305575930504,0.17070267804506903
0.3795677389189371,0.1686873081791878
0.37102196487243344,0.16981476373223983
0.3780271921161943,0.16904086175896338
0.37395588101870075,0.16943264542722575
0.35414005590053527,0.17250179060853105
0.38160878842638335,0.16574917691999097
0.38090178597376384,0.1671959963650962
0.3767817059886924,0.16923586993588777
0.3989461351542137,0.16451213169536485
0.3881486462309235,0.1653755556079804
0.40526377223165305,0.1640838694601176
0.3796465032491063,0.16770893468996406
0.37896376117031083,0.16482500961539223
0.3865072985190451,0.16434022028779577
0.3902850935071188,0.16310956401428534
0.3656229057233633,0.1715100632772311
0.3881676225556903,0.16404705566553554
0.36714283275349724,0.1679720261041513
0.3745854264394512,0.16560567177217356
0.36395368260082683,0.1719391762791457
0.3703149468856556,0.1667467737813892
0.3855381687597218,0.16437032188079032
0.37492319098766097,0.165578345057015
0.37337115379803887,0.16588037799653396
0.3683507452691969,0.16783183941116792
0.3613843526021105,0.17212246646872814
0.3572957578887958,0.1715034896767707
0.3577700703372755,0.16932592528956367
0.3930857307646848,0.16498221635192115
0.3952761778022286,0.164494875918646
0.3650981942375249,0.1679512580027194
0.36892158595667807,0.16687610588653243
0.3852758391838545,0.16511578595154414
0.36857186763118815,0.16698050768822406
0.3492510231480156,0.17375125981721426
0.4007121339769081,0.16447845505229242
0.3617638457480521,0.16922084068717674
0.3747299999778196,0.16614523319959512
0.38409066418166404,0.1654317896851566
0.37868237619447154,0.1659457917126923
0.38084628031100304,0.1657669604722792
0.37263518987260935,0.1663977801096692
0.36289865953010264,0.16885509425882206
0.40540191570830003,0.1643582398010099
0.3659790783975125,0.16751678138334938
0.3900815805980314,0.16611721746111216
0.39498744982062467,0.16417566315830917
0.3678299121906397,0.170583923166431
0.3715222684444213,0.1699209396271072
0.3781448759823579,0.16713612874114714
0.3711702796065301,0.17016767577494782
0.376993683410598,0.16790472195548667
0.37637593744117726,0.16897408992331087
0.38298139355709115,0.1669619968992926
0.372243041059603,0.16970611660074322
0.39215251716471977,0.16594591875122278
0.3746227396038462,0.16910213718925146
0.4116415027689635,0.16367611285121325
0.3658031643196003,0.1715434693690636
0.38562367091186234,0.1665071079587311
0.3656119450873644,0.17168271196501192
0.4107468818275075,0.1641581411740061
0.38515174806605357,0.16690170466036996
0.3946083232837818,0.16685013444271557
0.36208300206690447,0.16948004603430553
0.3742596553369504,0.16753271370869868
0.36631407317226045,0.16900989267111968
0.4001077056054946,0.16647820911731642
0.3839536300538344,0.16718855023758256
0.3721516232142509,0.16815843398387853
0.3611943380831149,0.17063580793263017
0.357433759679595,0.17233717444797778
0.3810261663689086,0.16737329378675547
0.4014772288487727,0.16614770880440569
0.41076735887883337,0.16597405692704967
0.3573472513250175,0.1750739281492672
0.3592016289038795,0.17203268321110177
0.4035467418111831,0.1660210274966374
0.37233577986224753,0.16752076083983983
0.39012618716999775,0.16423926024854044
0.3795261004839295,0.16563087706353338
0.3609465994895588,0.16867873037803105
0.3605972364255382,0.17075318903376452
0.3692084383860007,0.1676562188737745
0.3913456245132989,0.16364991817240973
0.38910087318135744,0.1642528568710992
0.38769289578366956,0.16505384488771707
0.3835213850786753,0.16538279321227672
0.4179908620052698,0.1635645308640692
0.39026298600026305,0.1640566962899964
0.36028412984281355,0.1709268159208675
0.3579416633147421,0.17359316384167336
0.37861754988289326,0.16633305244362984
0.37734666483847246,0.16692667808781347
0.3833687888539887,0.1654010598526717
0.3840201516632052,0.16640099796865016
0.3845369152846869,0.16539774044205174
0.37432818859962147,0.16762908425335005
0.39889940232615356,0.16444519287407106
0.37710873106266857,0.16740117669998672
0.36230360355772284,0.16979591586598877
0.3705061002941721,0.16774228032884902
0.3802748298151165,0.16663776541650366
0.3552447122429601,0.17211249363472667
0.3631895075443147,0.16890339625687706
0.3595604223563997,0.17138497824551877
0.37830328102856287,0.16688126297027744
0.37047179387825596,0.16793278252648022
0.3645675176247048,0.16803560426827585
0.3760850402404102,0.16760675242531536
0.35990915545303204,0.17093122650486797
0.35622947217041884,0.17143402081420644
0.35142813453515637,0.17296127255246713
0.38007573167729586,0.16668443822257023
0.3822153971943518,0.16597486652487334
0.3532056708528565,0.17150350796520095
0.34681757304029065,0.17392922225867408
0.3564870844568714,0.16919698736141486
0.3761455547149921,0.16613094168236936
0.35975193094843233,0.1688579682641711
0.36451693458000434,0.16696458839500394
0.3625999296565446,0.16859211504725632
0.38502932852871236,0.16585539115584788
0.3801476963372406,0.16604878485736144
0.3516170944352575,0.1737983000490683
0.3847353094722267,0.1658961560285958
0.35339226181773636,0.1710082098720125
0.3630112538696534,0.16762236663798433
0.37491372880750146,0.16625606908001012
0.3632632843490576,0.16721369137727182
0.3918640630364036,0.1634880654234631
0.3923950439414473,0.16263455637527757
0.380181784551313,0.1655889580907232
0.3779147737042817,0.16593776774856195
0.38686164906229825,0.16435242030131386
0.36489852313037086,0.17002879581962763
0.3685790859703578,0.16747199480070757
0.375296659795993,0.16625464322321265
0.3586602744902951,0.17418400306047338
0.3850773162608802,0.16464095455781996
0.357514517452866,0.17561519920359112
0.3733644928140185,0.1673964524783053
0.3787136891898495,0.16572223014815188
0.3865703069000692,0.1646310156037421
0.38919689943770935,0.16378789588180298
0.3607572721857468,0.1703937951339765
0.368049550859843,0.16832961540650443
0.3837226124014285,0.16521282216464694
0.3655109475712672,0.16885344046199893
0.4069408910146636,0.16274706770573347
0.38327273773598364,0.1651045808906459
0.36503478508487075,0.16852567844517535
0.3925796460531485,0.16378884220724693
0.3929004803138509,0.16363308875270574
0.38052700482949803,0.16589551242624104
0.3678187860945668,0.16702241509377527
0.3750949847679398,0.1663420657421938
0.3738462591445217,0.16654898756817213
0.36042147388065304,0.16916893397491295
0.3779955967860458,0.16602570901813182
0.38421531148369104,0.1643010014437626
0.3816517308462659,0.165355653983202
0.3777361640653642,0.16618419467681123
0.3832311823978352,0.1651322166995758
0.3763424131164161,0.16627409289062772
0.37501481240173185,0.16648834137789614
0.3670181836935382,0.16807200470945804
0.3983331280664721,0.16342635347443474
0.35848025569772524,0.1721627119155819
0.3646110964714919,0.16909479278106562
0.37525486250932666,0.1673782214499115
0.37003273108741214,0.16878726347139716
0.3603991322958981,0.17062318097883222
0.40320609490489495,0.16570272777426776
0.3795075867573551,0.16732348210632958
0.37437648112740135,0.16858177152202392
0.3800585753127163,0.16658831787101366
0.3547791586127147,0.1726098833697391
0.35389553721174166,0.17479136829621428
0.36527410350576833,0.16902277899056192
0.3732523977641495,0.16866106940041975
0.3904354968112621,0.1659313103614514
0.3682478340911022,0.16830005962745148
0.3597565455954841,0.1724959618853251
0.3696110644564319,0.16640766505786683
0.3653951802504577,0.1686398026615385
0.35700730858950214,0.17399719729952878
0.3802481297734962,0.1650082983777461
0.3783696812657366,0.1661599021027029
0.36185045440102603,0.16886984538962968
0.37357003436711095,0.16625411644792742
0.3791413406201529,0.16573454270306667
0.3647797439085587,0.1686809317883915
0.36084936094776,0.17023624169366805
0.3585979695504655,0.1695585035951151
0.36638742170620203,0.16723100264857915
0.362474065527236,0.1689123616310147
0.36380682101947853,0.16810183140204765
0.37971720786235547,0.1639706961538487
0.365812673943312,0.16787414384391985
0.3628459855575095,0.16881340997264543
0.3637640353122122,0.16852216326845257
0.35909428191642273,0.16931462718767643
0.3783744121119087,0.16460592907234264
0.36654380897042954,0.16696491099602598
0.37050723480631703,0.16603804431685584
0.36738646829837973,0.16676816670436378
0.3578488206619815,0.1704677689224812
0.35833184572342813,0.16984187994592703
0.3711071175864908,0.1680182243371261
0.36407930738647115,0.17188900801836998
0.36847067557387636,0.16872429104911701
0.3953890697993599,0.16370297585896695
0.409061059138941,0.1636701325231839
0.3915784236729407,0.16479172162247463
0.39298460977247174,0.16427673735782583
0.37521877306130064,0.16480839514497106
0.38843498242475843,0.1648015478485043
0.37366557530973815,0.166971929972181
0.3659649810105539,0.1691697551805421
0.37319628172431824,0.16715681523187004
0.3791870058566881,0.1692406454458566
0.40086762033637563,0.1639767713672264
0.3813606901115859,0.16866086861268959
0.3829890525281983,0.16597054898164446
0.409920417809416,0.16311018891274862
0.37624315343616527,0.17191558009621516
0.3977680745376095,0.16494553764159461
0.40753248006482856,0.16385536069520978
0.4077837581936145,0.16367130813895223
0.3987793763391576,0.16459194004400451
0.37730708343666064,0.16968900764991318
0.3886255741914394,0.1651535091470553
0.38023147779941796,0.16887920196840428
0.3824649164316645,0.16850298938703584
0.3762748227904419,0.16783468113229078
0.3597739017533803,0.174029008639285
0.37351217016116267,0.16870921912902545
0.3693861030727821,0.16891355039075884
0.3651949835959317,0.16907701761251442
0.3751606316941384,0.16868185118889034
0.35992282258620717,0.17320904288438596
0.3779118685833392,0.16686822091089604
0.36124623244451165,0.17318552194906858
0.36192057833245567,0.1720778657392624
0.38674825998537155,0.16596854847919493
0.3893553935605068,0.165761546804111
0.37565677811345466,0.16787792118204684
0.37676532872425816,0.16765737507304032
0.3860657164441048,0.1665222035482157
0.3622435379274637,0.1709898014180464
0.35836529345265133,0.1743773383746721
0.38977488602947186,0.16567398905706063
0.40376464833664694,0.16475651629792018
0.39189381079664803,0.16345938583161843
0.3780019620778608,0.16427880025505487
0.38274565800619104,0.16374116489823234
0.3662311268550716,0.16591394383193528
0.37872007949060776,0.16406189027193216
0.3702521670987536,0.16505145053490222
0.35449034679959396,0.17100156733447675
0.39359744855557355,0.1631500445672265
0.36064381214969665,0.16774028892980056
0.35566864213472127,0.1691551351418949
0.3836284137231405,0.16367910272205355
0.3660063223303862,0.16738882656924645
0.40729482503487613,0.1626196958734879
0.3824925272773888,0.163970233211649
0.36441017194217556,0.16754451264479578
0.3594252116465847,0.16833778271616162
0.40077875459351825,0.16286049139360154
