0.45717989133653897,0.15436515895018804
0.4529228912591317,0.15476961526528896
0.44240385663335136,0.15600282904565266
0.4459208764860296,0.15531856970883315
0.45967009425551597,0.15403623730882304
0.44542884061335253,0.15573316097591974
0.4511029001476877,0.15489921816347876
0.44337157916952236,0.15598380771222697
0.4445016017050613,0.15574749287890474
0.4540373698551202,0.1546050260361019
0.4538085697353901,0.1547097330184116
0.4546839078822961,0.1544229107957743
0.4482171318243819,0.15524079202145394
0.4541109514472795,0.15451969226915085
0.4537992979546171,0.15476161946923142
0.45058929627909367,0.15498136901615078
0.45813157693477363,0.15417740614953454
0.44964148168934936,0.1550951993959693
0.45068435463666584,0.15491284791383295
0.4657070647428434,0.15388999836792608
0.4721316418033266,0.15386416966350783
0.4493560603328011,0.15523451958008372
0.4514879223774838,0.15481701761577144
0.4503007937305554,0.15438682459302808
0.44234185488357175,0.15601083304978688
0.4656363934862704,0.1534054501570454
0.4425096064925957,0.15584003301832536
0.45100444841533704,0.1540189992777896
0.4456715335318162,0.15449665062067838
0.46118625584224926,0.15371578059258678
0.45466176507396505,0.15392072213706445
0.44336266124305035,0.15541763870006625
0.45682738019956404,0.15391182699284378
0.4452868341415582,0.1552398698728197
0.44334090784794966,0.15578158962709757
0.4456203831573685,0.15489714975052135
0.45500031880022584,0.15391701959245274
0.4506208880603615,0.1543630715413741
0.44120377615255296,0.15607111234833515
0.45722198918426815,0.15375353217145749
0.4525901842078976,0.1532995665522562
0.4520423618092996,0.15339968206036453
0.4438235650684527,0.15511903227829008
0.4651547048521119,0.1524225541948415
0.4456294859820938,0.1543517382313107
0.4534162975375024,0.15297753774803452
0.44551181158085407,0.15443323897193367
0.4578457521537172,0.15296723617636873
0.4449599851761517,0.1544921426672268
0.44448057882697556,0.15466525496598157
0.44838555582951145,0.15384819781811956
0.46110223292841096,0.15244686101393073
0.4507129571240508,0.15356334441417271
0.4475266693337338,0.1542179875221263
0.4431573208088508,0.15515405297879653
0.4506272423366512,0.15423585471693163
0.4577534224844146,0.15339417231097208
0.4457471605384496,0.15522800392169006
0.4493332357137159,0.1544460403315787
0.45689744386087133,0.15342824527228305
0.4465765427320638,0.15502734898750542
0.4606012163975575,0.15317941849006653
0.45800445708210935,0.15332576062895736
0.44205504740845397,0.15587941227878627
0.4530567929832764,0.15362354583471857
0.4441376372312053,0.155443501807687
0.44376263562256574,0.155615960943275
0.4639743732400875,0.15296639287353156
0.44912824726026157,0.15445488226047935
0.4417968385681994,0.15648419444545014
0.448048506405012,0.15458710171155296
0.4567146728787258,0.15344656700968948
0.45841855540980214,0.15325759257901747
0.45982918031203546,0.15310612829035128
0.45437687656607856,0.15351819337795444
0.45207679337311246,0.15381162136151152
0.45749008852291556,0.15330652656848376
0.4482130226419932,0.1542813826211575
0.4535528602230969,0.1536872471157648
0.4632187708698887,0.1529798325460263
0.4481829084963973,0.15438669326726967
0.4430231069519908,0.15601435596789262
0.45939041712351286,0.1532371952641184
0.4635691141946566,0.1524058045179808
0.44489738631044523,0.15580456488970332
0.44592699455595664,0.15439249671912497
0.4537742951075381,0.1536731822014141
0.44573633069970997,0.15556132027085467
0.4501631898355668,0.15397709286218653
0.44910798790709583,0.15420458968757422
0.44222692925743123,0.15599932238197617
0.4422982929792581,0.15589571390794704
0.44867641171558703,0.1544401172364431
0.457953737653567,0.1538275165433848
0.45887921093530737,0.15367916793494607
0.44084256969155977,0.15629107365699926
0.4439262442886002,0.15548900317781583
0.44831004724830553,0.15483770964636218
0.44388523454905326,0.15589192315550793
0.447576139255357,0.1553585638063618
0.459017797813266,0.15366074491190093
0.45956320001310796,0.15357832797414
0.4546844398209456,0.15392572723366066
0.45714480526023,0.15387968424119705
0.44780851115648124,0.15517367652833927
0.4444688941436319,0.15538852985365767
0.4526814938639576,0.1542653601064037
0.4387157914589171,0.1565799513066375
0.4540274844565448,0.15416112602545073
0.45111924379126267,0.15440226774631932
0.44776831681283563,0.1553561491350688
0.45055972822464696,0.15407788780534656
0.45078556561577143,0.15385007161782052
0.45376536488243746,0.1536717522143774
0.44552207746796607,0.1549983440653834
0.44884699100808595,0.1546550813720841
0.4501398572564286,0.15432445735512734
0.4464069572385462,0.15495869091646755
0.44764392570260353,0.15483833658564594
0.45727317060513506,0.1534232311251426
0.4563401184694249,0.15350412941085084
0.4502785275712609,0.15423266372700867
0.44512014311776205,0.15523506627963074
0.45927406647984703,0.1531690406410735
0.4484835247432846,0.15467892205992984
0.4490221418157983,0.15450524747354558
0.4490963726415933,0.15476369324124117
0.44946936707106583,0.15431890077158394
0.44927264206208406,0.15444665631036372
0.455050165383243,0.15287703292529797
0.4479027526663625,0.15478236494585745
0.4466113788717251,0.15509229203709932
0.4463990698716085,0.15543726827688273
0.46515539616097723,0.1528554943865236
0.451912568361821,0.15398802101561315
0.45198634250766095,0.15390512952201024
0.46915067134219024,0.15281110356278
0.4543738676001026,0.1538460582645508
0.45073245729726447,0.154207120014594
0.445594431162765,0.15626208033343197
0.4472846590096552,0.15476344018435964
0.45715549476240547,0.15364696437975436
0.45260918798065736,0.15388155297722184
0.46094670642825075,0.15313863796351493
0.44665954356831755,0.15515469502246645
0.45592931341450116,0.15370379699733708
0.46445695460898995,0.15304582877571254
0.45471882620035703,0.15378517139237916
0.4473682552140932,0.1543621099293231
0.44523381061319184,0.155282926309238
0.4427477565546001,0.15561354010790698
0.4596872957292802,0.1534944385348231
0.4459342858718395,0.15523786967994635
0.4504808606506078,0.15394446853827146
0.455917801076127,0.1537630378609287
0.4411285020240168,0.15616194494499447
0.45429852105134627,0.1538410483133134
0.44496025980948006,0.15612899992666854
0.44644479158734857,0.15608541438141585
0.46130881526825956,0.15401902361669997
0.45479724096035423,0.15465091876347686
0.45543059015690335,0.15446389950731668
0.44834842099383554,0.15568595291548437
0.4561977202047191,0.1544480096371765
0.44935766879539635,0.1554914033796297
0.46691831852883886,0.15369202618124006
0.44969604444736505,0.15473008040806135
0.4535126068244686,0.1546810643174484
0.45882932178269986,0.15405233890624126
0.4477526079041594,0.15579976206419574
0.4638168766217921,0.15371702393585182
0.46148323943126085,0.15398522123132072
0.4586232191584615,0.1541530174183872
0.4682258194380284,0.15341372976521103
0.45682383909120694,0.1543156807597486
0.467819232085672,0.15359072912817012
0.4623893110913121,0.15374566192645478
0.45759495611247625,0.15420604474483363
0.4487044037791813,0.1555182703617297
0.44940340917552457,0.15543862991638535
0.4569177340635003,0.15429722962195455
0.44403225056726825,0.15661555285728046
0.4670125107689832,0.15367927153197988
