0.3532391949840066,0.3123573277533737
0.29798654546418823,0.33015159473379696
0.2827133039762725,0.3381509277011367
0.30213664964305775,0.3279638038910706
0.2935782703762187,0.3338969398488797
0.30000013412739457,0.329165738620702
0.3109985432880872,0.3177619533087148
0.3064529388074887,0.3259370901081653
0.3055250018822152,0.3259675892418288
0.3031136408708354,0.32702038633047215
0.3082546684724362,0.3216625681136616
0.34656689065962276,0.3147702771787109
0.2922183697970794,0.3343732002078946
0.2747224647009569,0.3396508639480358
0.2902722472637449,0.33523767150252887
0.2739916522095028,0.3602796064557154
0.2747197864825495,0.35349532735419115
0.2976789391803625,0.3315484887483267
0.34396611288732004,0.317324529892218
0.2861725183762222,0.3365877375446525
0.29714855300650334,0.3227332296444105
0.24893770087531175,0.35703335814449244
0.2474774949580082,0.36355683203574046
0.26435424043605477,0.3425743246010276
0.2498692517272807,0.3555046488878467
0.27197926182018106,0.3292872080131059
0.25513738875384906,0.34328636732539836
0.2549748247778306,0.3516918943886543
0.2658573152388112,0.33346076423571525
0.2999234999852889,0.3216779105655679
0.27154192354810314,0.3330178272528529
0.2938003454368692,0.32612122939608296
0.2536945890878959,0.3548033125666164
0.25372895136617024,0.3543934088861679
0.34185685205709193,0.31720569255140557
0.28922333716738285,0.3261553417374707
0.28093618015869515,0.32835195589979554
0.26745586844161057,0.3330751897133225
0.29148717418157527,0.33174013710327926
0.2598611239363779,0.3786783351719426
0.2737807923692852,0.34501714570109304
0.2703913009358898,0.34664983492427015
0.2617846217578477,0.3555752762195536
0.29245731928359064,0.32983492091973654
0.2686195074096829,0.3518123510321073
0.2879408114227778,0.33673493962582957
0.2945990101357479,0.32741946730777
0.2889007312822522,0.332759993412059
0.2610881157745083,0.3711674925790018
0.2783372839814676,0.33744911767833147
0.2746812135472115,0.3440200623490609
0.31007663758904846,0.32202791136153575
0.3455196575398483,0.3167014086968989
0.25400225559993383,0.3810858502729841
0.26119720515890343,0.3709569736234161
0.2684693822126869,0.35348029740961945
0.2740813015821776,0.3450081818433326
0.30447092910035195,0.323304349775852
0.3319089447235223,0.3198856913932869
0.3348535136523735,0.3175863196151321
0.28966191438367234,0.33240888472065255
0.3066253266492497,0.32282542784518964
0.2780581775331679,0.34206948780000085
0.349868242825455,0.3164283749099684
0.27141167857009163,0.345619338490071
0.27219136933236765,0.3344094097084944
0.25087425912205996,0.33621267224827356
0.24875350485322187,0.3397313514804716
0.2784437297167427,0.3204634808330113
0.2915568431320657,0.31998022685993965
0.27413750072893095,0.3282270464897484
0.27818769561290035,0.32394947162778476
0.2610836753244669,0.3355401239055954
0.26929898325198043,0.3354432825977777
0.3148150631269665,0.30982236451714207
0.298639965179132,0.3167184080355554
0.3017596037540384,0.3146430785090533
0.2696652939638295,0.3438720845508638
0.27300297401196977,0.32974333142480944
0.28995149405504017,0.3270973732735028
0.2926841955709482,0.3239846137907944
0.2651804649972024,0.34919876158152213
0.2611154754081127,0.3494902776352017
0.25552638723792553,0.36172376228812564
0.33725307570375723,0.3135794226761676
0.25931098989899476,0.36027202323665347
0.29640976188290913,0.32382232461896043
0.31441909747017815,0.3156505579643065
0.30510600550649997,0.320569623075937
0.2716300420380239,0.3416774448962432
0.2577470423609721,0.3408172737254023
0.31595068432207946,0.31665457466531083
0.29300880417581615,0.3200306718274799
0.3076469917148377,0.317505539862595
0.2690681239997345,0.33141105964377926
0.34099668069216355,0.3112751711707508
0.27810272652481993,0.3277532617720109
0.3381538280159665,0.31473004064972054
0.2628251749512315,0.3397226554161449
0.2836395595884128,0.3223631795471888
0.2833653247918972,0.32367387360400596
0.32842985682250453,0.31551013261779204
0.29460129204972146,0.3218490303781725
0.2693421484584212,0.33393378825708425
0.32315481894193465,0.3154321361242063
0.3041939460363081,0.3216786695330928
0.2610078546766544,0.3520302938318754
0.26354084396503813,0.34441982007634886
0.305089609088157,0.3199113211137105
0.2673328028761264,0.3388210002576496
0.2857458807194869,0.3279440963934206
0.31149745833370934,0.31762999845034146
0.29213378110571286,0.32491284859276376
0.28864301156066563,0.3260688156108838
0.3409626855347884,0.3139442067903511
0.26295214867955635,0.3493257967524991
0.26623530889852837,0.34150841568831886
0.2736896471082098,0.3281639867832435
0.30200044430474887,0.31932476411394334
0.24852880264197919,0.3515797348606548
0.28862784622210164,0.3198034466575319
0.25281670320120053,0.3407535396257053
0.2691330889199372,0.3370949026361787
0.3418738522986265,0.31528521760436984
0.27217747735701997,0.3357055748792807
0.272216326275313,0.3310879337314235
0.31473623197786166,0.315682901305873
0.2763165792858117,0.3248278664118806
0.2707815638633839,0.33615144214529685
0.2573339714331384,0.3391082002898344
0.3790937490603041,0.31362816867572685
0.2622539347462705,0.3375762296040344
0.3136711093713454,0.31893048150510445
0.2860985555136091,0.3205455038298939
0.30656163517148327,0.3189997342384712
0.27715522740882875,0.32227514402376406
0.2759647912935605,0.32732008249550676
0.24721778502080746,0.3379158415740062
0.30815790720224384,0.3138909595682264
0.2790510376769068,0.32012545014970195
0.26325558226650253,0.3313132336677605
0.2600822822099626,0.33490432112696233
0.2397844330283954,0.3402417162810949
0.2685764189940354,0.330652743453894
0.2713263182337328,0.3276212026918347
0.29122273140177257,0.3175402905504233
0.2360285949042444,0.3555817095914691
0.307909022984624,0.3171173686826437
0.2706446219033895,0.3289280076661126
0.2505745377119388,0.3689051029108687
0.3208586765838402,0.31726998776473253
0.31660055621975697,0.31985921704738296
0.29211340750116976,0.321691712408381
0.27569215395369434,0.33239892352612177
0.27024476639807693,0.3328732204959936
0.3200606685706813,0.3186895165178809
0.346067312631811,0.3172041726201021
0.267650445409518,0.33951244867328995
0.2515337132947402,0.3413391275240174
0.3111962453505414,0.32129441847431456
0.2794853164943456,0.3293204120895708
0.28443819332596715,0.32709652957147883
0.3563738040149635,0.3171792582756768
0.3605634932757311,0.31648207014334645
0.2507799094157348,0.36086755960123806
0.31528118549663353,0.3260402101978141
0.34554273094316634,0.3183732396485841
0.3299591743981317,0.3249265058952146
0.3102552375012472,0.3266945675667618
0.27523300363213876,0.33097351785066065
0.23725161276233955,0.3600057441638284
0.2931094570296118,0.3286815875602502
0.26426864010382506,0.33527737656780926
0.256578912512891,0.34101951110302814
0.3177247263862908,0.32572846052102583
0.25109405576976024,0.3446021410033976
0.2621569250975441,0.3397434499383818
0.29054250712355667,0.3305032419805183
0.25057083847708705,0.34841848734482445
0.316433314187314,0.3257581955714884
0.2728315729978753,0.33338237674928983
0.2476966970992506,0.35539283455184967
0.3050402099998169,0.3280582658180332
0.30811693107747484,0.32718840264604543
0.3237658384264912,0.3251051052646148
0.25619612136281145,0.3677306606087445
0.32475213829075666,0.31886660015009444
0.29897450489034866,0.3254754608115549
0.3100764969140354,0.3238211068405217
0.2652715025029384,0.3477195902469743
0.29099590601312203,0.3296007054045938
0.2681433941893332,0.3407231638785825
0.25977876388563564,0.3562465069169633
0.3152373381611341,0.32330464468687403
0.2670150645701423,0.3456390474232948
0.33805745408428267,0.3177040921228198
0.34245872570733477,0.3163143156752978
0.28257732883455955,0.3389184555712316
0.27104975090208433,0.33949476475837714
0.2603996402003866,0.35540764451113377
0.28484732022929954,0.3358742668108455
0.2619595959888207,0.348541847288372
0.25110308204379234,0.35215055626565733
0.3015878646183897,0.32087863130734673
0.2876952361499468,0.3230360754568052
0.25678373255146203,0.34586110146886145
0.24999965765863216,0.3524888903162595
0.25753911517921696,0.33904315618145886
0.28018296542291443,0.32562441421241956
0.26448433205838406,0.3325330443886853
0.2872701323809886,0.3250820939212112
0.327773844627955,0.3153952445650474
0.3545048923135269,0.3150609285710326
0.30420598122744763,0.31574079114996373
0.3015829553755629,0.32090986705143776
0.3578131138309402,0.311713499201922
0.2492822493768313,0.3573898718349668
0.2731455898672153,0.3285231649224292
0.2545527399544847,0.3415496480731497
0.33155079991835135,0.3125255640042554
0.2705232660761468,0.32028528232924797
0.3228617555448102,0.31672174150447635
0.2673921154173376,0.3340505142968961
0.26095451679093473,0.33500358432267113
0.30980647794558647,0.3179110042534296
0.32670098248196333,0.31586291002169214
0.2452945925005932,0.34221981626115366
0.24727277174379594,0.3416890074542689
0.2944926604566598,0.3202165050117598
0.2409176533433009,0.34506492680651213
0.31561289702876405,0.31722578985271244
0.26093748966501273,0.33775846714781854
0.32338379255972555,0.31661189754161545
0.2569374431619358,0.3391898196339265
0.29541505622195025,0.32262661724486785
0.26248633276879596,0.33553826850998336
0.25485442289090365,0.3498583256315273
0.27000640745978755,0.32781354951059943
0.3074228932300181,0.3219654256643684
0.33314661980244,0.31797277712272226
0.31682781592039055,0.31965745797633566
0.25616271871311164,0.34802783525231457
0.24801782735129402,0.36301624758707035
0.2537178482519444,0.3540655351794127
0.26520883775744486,0.3338043704284867
0.25293224732775826,0.357344169659856
0.3256204398829001,0.31798390954573275
0.2616852861929405,0.3381635434772939
0.34938602704924604,0.31672121871722897
0.31391608574962127,0.32160268853394336
0.33909995510746127,0.3174706039288882
0.26188452975584803,0.346091900485462
0.2727148392769436,0.33864796853680784
0.25620547978461206,0.35288666821040404
0.279471482111342,0.32951265331389795
0.2637353047814095,0.34123051490000483
0.272775242546209,0.33120047684619086
0.3052954743824755,0.31824009832904604
0.25739015574876833,0.3489895187685484
0.30264922872054717,0.3214041947034509
0.27266832317543055,0.3389451482567211
0.3350702625554481,0.3157692867411348
0.2981130782562302,0.3240659364166004
0.329677106763613,0.31753684940562416
0.25620240087272333,0.36188588201365723
0.2947738920674944,0.3256882688624721
0.3040142171104218,0.3185063342804776
0.2692067323309731,0.3344953947642335
0.2635995067853963,0.33670261476938584
0.3003798488241876,0.31910773850834
0.30681956481974926,0.3174691964482665
0.25863966394715726,0.33975457260487824
0.25858452661538217,0.3400400008096165
0.26978357982756224,0.327606219187866
0.24385306772581766,0.3592359895138482
0.296265811871415,0.32065988885732966
0.24523965467087627,0.34763479925170376
0.29965032519023543,0.31965497819534
0.2697234991558347,0.33260182907746966
0.3087128424267249,0.3174561837154943
0.25227386137415997,0.34615284409145264
0.2668692991078728,0.3350819336372955
0.2914054384798484,0.32131742285845166
0.23693732602896944,0.3616217185077844
0.27759656364402485,0.32183268377488833
0.3139822747656405,0.31585852862207553
0.2694093208701516,0.33332824003620976
0.30605219977765336,0.3179703698936457
0.28736131261231385,0.312876432552708
0.24795757233266083,0.3507850712646027
0.28001795998917933,0.31657489744349643
0.2780199117990523,0.3177456170986242
0.2498310651355163,0.328677726006752
0.3063006392791725,0.30950627023018173
0.26424991151236676,0.3204382395614687
0.2494398060342278,0.3335000564384768
0.25441595397103367,0.3278503414959301
0.2738957245620627,0.31870893805597916
0.2598758574503691,0.3243135747840983
0.2908172462750937,0.31089499778982577
0.24844503572663787,0.35058367888586617
0.2484534856698219,0.3459784561552267
0.271545326589586,0.3315004005225562
0.2792782866601296,0.3289773945903563
0.25541867108327665,0.34828365934569133
0.32628036816624306,0.3216659366236045
0.30298335315545577,0.32655101734595543
0.25909770983618713,0.33846649122430356
0.2853892429100268,0.3278498031076088
0.25788425601384746,0.34224114869249517
0.3235201665325556,0.3234499689682684
0.28880443625990665,0.32762585659501936
0.25842172449986234,0.3397509761970373
0.2459024415477895,0.35545392210862137
0.27085423143598447,0.33509790862498007
0.34986444937891,0.3193353641850031
0.25219271640186464,0.34990313249150456
0.29272957837438573,0.3265578813851178
0.31102329810485163,0.3241247702223135
0.24186289969649233,0.3554963348206306
0.3432538992662968,0.32133526028952875
0.24145758173892928,0.3936059769690196
0.2790914129794053,0.3311684401444359
0.3170937166970278,0.3133239606114041
0.2531312427343391,0.34095143371097325
0.25078742142407645,0.3443978839464536
0.2682127370902032,0.328051490271908
0.33049694976429267,0.31331171447780454
0.25808332953765234,0.3351637907103609
0.26390463561969624,0.3331259713674229
0.2704773151540215,0.32243565379016065
0.3170884298457982,0.31661370616725026
0.27442169936350236,0.3210080458497275
0.2966413899729131,0.3189165110129051
0.2667550071803058,0.333022652002938
0.31319333562968854,0.3181616336555494
0.3165493197120765,0.3204798540583638
0.3204120104250065,0.31965052636869723
0.2995961801323924,0.32061781573279524
0.294221090532078,0.3299909934546275
0.34543638008709043,0.3143250615846662
0.29312085796972925,0.3318310617933723
0.2984369843321227,0.32949872497060173
0.2803879937982304,0.33512640324544185
0.2877954029695454,0.33197682722568167
0.27891314239465775,0.3442352586045779
0.3514503490077907,0.31429870297915435
0.2977830961089358,0.3296074425769496
0.2821162327308499,0.33331085451288717
0.32114909767703265,0.31595637138766924
0.29873872889268654,0.3284202310016329
0.2744513316648445,0.34499735737389575
0.2695078951029701,0.34710300336253447
0.28208185109786926,0.3224718801193944
0.25965280382309347,0.3356080190047125
0.26621940912981423,0.3305493921058252
0.27397676445313446,0.32396872583445313
0.2944265920943176,0.31590291150286304
0.2934067158572418,0.31826201927404935
0.26680364155355796,0.33029537791026276
0.24837553603799217,0.35380239628037224
0.2907116892244305,0.3186908238031789
0.2702765772245415,0.32617165310820306
0.28969996540086035,0.320423523282716
0.2525650412898772,0.33846169605174103
0.264861224688058,0.3325014583172876
0.2595712569303422,0.3366894363192782
0.23296431106855278,0.35215248249949127
0.2431998619151905,0.34443786582380864
0.2503557176917292,0.33294359930453155
0.2443080419233917,0.3385195877657265
0.23991911055010792,0.3452624343489566
0.30796804394360483,0.31831042002547405
0.23648617047980605,0.35033933119568667
0.26180128636418376,0.3296188008252732
0.2310520566542632,0.3658286306568602
0.27118032755887056,0.3221653350616327
0.2520638458685302,0.33041533885712165
0.25661271527082924,0.3298212345834501
0.2318306346186929,0.3559262931497279
0.26192560845536844,0.32714169464555626
0.2796245907090672,0.32081777570796943
0.29560277492470205,0.3184560416914202
0.23710087956732112,0.3475127148531235
0.2779811837360015,0.3245154117192021
0.3033550867366579,0.31249532950252534
0.2618005988361793,0.3366144425270171
0.262942036548899,0.32582121824625465
0.28903385943091797,0.3179890885370573
0.2756374881748091,0.32520436399105784
0.26070420611258277,0.34246545763173886
0.25738605676401255,0.3454701269060353
0.2916337248649759,0.31684716937196644
0.2821155568886364,0.3188223053512572
0.28135671209914875,0.32429945403042354
0.3319682270369276,0.3118244961248418
0.30419086182773253,0.32328707426294584
0.2705745651232949,0.3413581233888955
0.272315930884173,0.3413129285411667
0.27340888681621917,0.3315028428646492
0.25399316049489556,0.3541327563786666
0.25715479034816885,0.34895113000652317
0.24857544653054323,0.3598694362610852
0.28755466051906436,0.3266700428844452
0.262974295900256,0.34341365903933135
0.30450257877834613,0.3228500597376366
0.2729206045298589,0.3412027838393709
0.2564810208304961,0.3418890247722729
0.2595790176363713,0.3232442981025651
0.3094941742035256,0.3084558266868635
0.27331004977191764,0.32124828268278455
0.2559702117431674,0.35438118744923364
0.286970173171457,0.3157201066784508
0.2516511003837357,0.3545159765456607
0.3128269496221824,0.3082360196074004
0.29997036099587515,0.3121947368951511
0.3036361039333401,0.31118669853398023
0.29630187791640406,0.31269451140130416
0.2832118513580757,0.3170278281486624
0.26156313768161277,0.3390983613625501
0.2509436466234005,0.3500340577186417
0.29367154586254696,0.326001628100361
0.29502746499742605,0.32376535416334756
0.29034224346469084,0.3285164655346216
0.2674999737303785,0.33485349694174793
0.34336671139698804,0.31941608706841296
0.26657136727024533,0.33903624020034023
0.2666165612415965,0.33814030120378946
0.2769233161673578,0.33390550807546865
0.2669125894452936,0.3354303077743676
0.25385339656706496,0.3458903914776366
0.24917736410089356,0.35219292054511203
0.33038283081582137,0.32037793247976387
0.27890547033414376,0.3314945843332737
0.32210323766201193,0.3234688831091783
0.24847749702069855,0.3586361761923932
0.3374508179621943,0.3194264771969822
0.2849454866247244,0.33094693369856226
0.2519900601945674,0.3474732471697648
0.32476108697161443,0.3229867532876431
0.330376244716525,0.3225184620856479
0.31087881357293234,0.3104463018780059
0.2901348490250142,0.31548008466118405
0.3108816181351831,0.30828785533466
0.2646990651581031,0.33076092325280626
0.3011187400491312,0.31421803353292194
0.28038264421468007,0.3242165947235789
0.30320456182890043,0.3117168483508519
0.2872982187318235,0.32301527393799107
0.3243205441679139,0.3080957093973846
0.27801740980343925,0.3306005877911806
0.3348881643492534,0.3070207628871161
0.33643881881985466,0.3053417379113507
0.25261620691691844,0.3697346740001469
0.26044044978593817,0.3212747861489
0.2557553657738359,0.3357564044134586
0.25278080684174054,0.33650325515810714
0.27797588229523523,0.3116454118724018
0.29121752320009936,0.31013831557496907
0.3241624187277274,0.3042730232070573
0.31024693252560104,0.309346130870327
0.27424947207238093,0.3155158427350608
0.2713626835196214,0.3159001358558184
0.30458942797381156,0.3098514830311893
0.29160766394000315,0.3174217646084775
0.29352509769546725,0.31728243589694816
0.33685797272207574,0.3096076847005527
0.3314956088888499,0.31125963188206307
0.2762583295920462,0.3285456654074197
0.3068486760839979,0.31556532985754543
0.301230740590237,0.3168550422104826
0.2777047799070605,0.32595478076141915
0.266955817371915,0.3331739421058992
0.27863224701892875,0.3253479983332358
0.31492404003068186,0.31150300542591053
0.2638364894046209,0.34300145166130896
0.31428077118964937,0.31349638254861534
0.2829199329067299,0.32360239601870266
0.2644278561870307,0.3423865825432074
0.2832440592369893,0.3187548576881751
0.3104813381311883,0.31537838714531036
0.2685919267936134,0.32993453715749527
