0.4512095806603494,0.15394486347560288
0.4570163240550012,0.15354684580947517
0.4598621569308907,0.153330673923308
0.4573670849891888,0.15345808854301618
0.4565629832253021,0.15355697111260255
0.45191336715021757,0.15385590311256434
0.4582901839119999,0.15338888559145852
0.44491611688043614,0.15417224383315095
0.4519650425442775,0.15375387306425967
0.45491695085960016,0.15368701850086194
0.4638515278892617,0.15305765289052908
0.463302251849499,0.1531264496026601
0.4614121696737284,0.15327830603027656
0.4631229791903087,0.1532592790801154
0.45630526583981806,0.15360743811852107
0.4454275939636716,0.15593487708741166
0.45055148269319595,0.15357245996726981
0.44583988966937443,0.15525716639853404
0.46728462049710473,0.15336805047100008
0.4477976512260529,0.15525345224219364
0.44899298247431346,0.1550583041524134
0.4583434810432109,0.15357184406065322
0.4628282031011763,0.15346532422170256
0.4479034205907074,0.15523640024927932
0.444605071434762,0.1563847068420784
0.4499609060153102,0.15493055157710786
0.448808067164829,0.15511346374418467
0.45002519235154753,0.15435090576496024
0.4540691110005047,0.15449678007289017
0.4505187211684899,0.15519145835007153
0.45895623132659824,0.1538126710533298
0.4629508604871164,0.15369018393653885
0.4640740378111484,0.1536174553265271
0.45427828794936054,0.1543992235339013
0.45457220417543603,0.15409268681912813
0.45189305411806197,0.1546123513867167
0.4454843281387265,0.1567188881624417
0.44727666730783033,0.15587532656727238
0.4581448363911739,0.1540291457694817
0.4512902838391281,0.15479699813290182
0.4665167255958901,0.15353574745220214
0.4460360969473671,0.1563949158774909
0.4632863017307503,0.1536594055132032
0.4509577205332305,0.15500234243532124
0.4629226809899623,0.15375612629593857
0.4566422850142068,0.1540742083316148
0.45386781507977103,0.15450125601790815
0.4488709458336888,0.1552334911382539
0.44328071681515463,0.15693907385410802
0.4473310965815846,0.15536588317621539
0.44267508878600115,0.1558724530922718
0.44982348771137787,0.15386771053109205
0.44636384820121555,0.15496435571111125
0.4451411154704656,0.15509062744890742
0.44352632791653435,0.15529523211400054
0.4443319534513494,0.15519259908209684
0.45527455360683566,0.15355696939555788
0.44727130952043764,0.1542678497121649
0.44669357630125034,0.15477596356243287
0.4561976902086124,0.15333659735233793
0.4588858416534364,0.15324071979690598
0.4517813612344171,0.15378545785094663
0.44318806959525064,0.15544181392195164
0.4452899160956346,0.15505859187521148
0.4581925891359644,0.15327746585537616
0.44192445741498126,0.15615446539401032
0.4590335680451114,0.1531568804100152
0.44705664006401846,0.1546490918081458
0.4527146121137327,0.15357727459636833
0.4512151736799385,0.15457551704419678
0.451697975407029,0.1544415820325683
0.464655952358459,0.15360531059418736
0.44640517316807027,0.15494746472771695
0.4674395348239871,0.15333735327593057
0.4642908052093476,0.15364693954534944
0.4460649282549627,0.15537339244836687
0.45542605121819413,0.15396573856272103
0.45035104294651096,0.15464495700241854
0.4726825808250207,0.15319800128409555
0.4538327105257219,0.15410678343424875
0.44513363755479096,0.1560374670808729
0.44975085291323774,0.15479520071627922
0.4448995347973277,0.1562151047410423
0.46725305165549913,0.1534563910632322
0.45197520986442447,0.15422905074605545
0.4528075003174251,0.15416175976602484
0.44202111814913236,0.156594969947653
0.45715844223460983,0.15392814412336744
0.4581699872200173,0.15374420254166554
0.4613257264508609,0.15325531565326914
0.44548762190841945,0.1554823337296548
0.4490147810562499,0.15429329050301357
0.4467444878623817,0.15493519069566014
0.46613906254579995,0.15321190310923308
0.4450356301673723,0.15564102157189993
0.4437215840619613,0.15577991477010752
0.4664859555011732,0.15311668434789136
0.4422711384994888,0.15581654897148456
0.4547433332741721,0.1537347859981228
0.45247078832318555,0.15397390176671727
0.4445422517545833,0.15568279353274106
0.44747632462277553,0.1547097538545125
0.45755200838978843,0.15365667420035217
0.4462744838496223,0.155161655142094
0.45230134293696106,0.15426377830071755
0.45975607810611047,0.15334442990823646
0.4469418740980181,0.1551386123695666
0.4642214244056892,0.1531143694959951
0.4575616673341737,0.15371978784357332
0.4545563866247913,0.15407678815758172
0.4503103352140355,0.15455834059389487
0.45597001862586,0.15381716407694562
0.46754331116724296,0.15292814877023406
0.4452408933710828,0.15589020833397232
0.459569094623633,0.153476995657623
0.44571021851228076,0.15560005235915675
0.4507478782926685,0.15443916124670062
0.45366471136590447,0.15430688137302495
0.4490449689390286,0.15484163021790903
0.4498367123064796,0.1547160505995295
0.44542254424664707,0.1555689130384651
0.44353657171488753,0.1557435930027339
0.4419434905098233,0.1558812467769534
0.449758785093472,0.15457779375472327
0.4463838114651434,0.1549356939537652
0.4380835546510331,0.15700712761056967
0.4458335821239994,0.15530228279074876
0.4594113019674187,0.15379624075052378
0.44460404071796733,0.1556297341905912
0.4411106226355932,0.156746656098544
0.44125067598866763,0.15672252254648977
0.4506781589982099,0.15431892066730202
0.4529849787648212,0.1541220283135724
0.44265375699519366,0.15578736940179963
0.4558690357989222,0.15403800983112156
0.4436455745887606,0.1556522384025239
0.4409082056869444,0.15683407719180548
0.45643428508075357,0.15401001899194097
0.45757803985291456,0.1539320064751325
0.4418666530556364,0.15629685900104906
0.4615985303818371,0.1537626956710792
0.44935315536410325,0.15526013437424013
0.4531816071408755,0.1544543964208373
0.45477187746052766,0.15388076262502162
0.45745001377325034,0.15362243484527624
0.4528641995819437,0.15462341109912758
0.4560709467172705,0.15385803417397756
0.4460048876417081,0.1553015023123546
0.45329107003733865,0.15444060310828941
0.45363696165287076,0.15438184155795331
0.4642887802533279,0.1532897795558635
0.468102517432249,0.15318731055759288
0.4591823202496346,0.15333537551526455
0.45769642515487335,0.15343253999223574
0.45430689337409497,0.15417952639498075
0.45414172347786336,0.15434068109813454
0.4521997686404999,0.15473143171713133
0.4500682513229613,0.1549574568846522
0.4634757778059966,0.15333185848579137
0.46481257730326137,0.15311273398131015
0.4466909801635663,0.15547937975467807
0.4539466162236348,0.1542774200852038
0.44742452804482424,0.15484839098024153
0.4448945228810508,0.1559691103326117
0.4564363199069976,0.15387367345187364
0.45856995719891186,0.15349446845096248
0.46429528332428033,0.15329875444340757
0.46101629423096796,0.15341052596907642
0.4629050012891416,0.15334171778793304
0.4671072756345926,0.15299544720423933
0.4447177212790837,0.15615435772436176
0.4523171319892681,0.15461550895794055
0.44261118034609775,0.15670294710180752
0.4583387016966497,0.15365345527743168
0.458268229248283,0.15375298855579322
0.45954814514671066,0.1534585454565435
0.4686141788510412,0.15293129343737755
0.4639603983901188,0.1533009498415179
0.44536410152016764,0.155025816730678
0.4565300884946718,0.15320785178983642
0.4494677480301276,0.15410601275772565
0.4466857069887783,0.1549328959032377
0.45094817640863905,0.15385791577943014
0.4479968770940975,0.1543307576032648
0.4548481519295288,0.15349791670413912
0.45835709533854885,0.1527992892694357
0.44498685969318985,0.1555568108963572
0.44498351550633325,0.1561126537914922
0.4583416495907369,0.1531837292231486
0.44747755817974305,0.1543455844160661
0.4499648456314273,0.15395581836472935
0.4469867183529076,0.1544153763147191
0.45328430697728544,0.15353947190325376
0.4516280745665205,0.15371637214160513
0.44534035763015467,0.1554913599340744
