0.4098454827728985,0.16591201862614724
0.4189643496552909,0.16439777738317257
0.4051529209834686,0.16689174220509453
0.4038558475799912,0.16755041813230787
0.4072650111135718,0.1664153331252249
0.4154317519054323,0.16461032242059903
0.43124324737304914,0.16263960104781744
0.41155884508515167,0.1655085384808121
0.40775848118106917,0.16630031539635434
0.4190073374427507,0.16421568632300154
0.4128750071151227,0.16533156766942603
0.41519810164125154,0.16531836706169392
0.4205820472518836,0.163786126540339
0.4268970248954245,0.16359810619382367
0.42742833816651,0.16278203422531481
0.40765363168165625,0.1668811213336617
0.4129450909045425,0.16595088776650035
0.4156483270445734,0.16494934831975022
0.41943975054608473,0.16415029226230596
0.4065735714823689,0.16730777084569493
0.4134191936457893,0.16549094068792
0.4049641717603126,0.16809815680609122
0.4040743698878344,0.16811288407816696
0.4005560520130162,0.16879877681335845
0.42754963221075587,0.16406998709967657
0.4141371565093066,0.16517170053797628
0.3993972052526537,0.1692756876841309
0.40510590271093866,0.1674183681791217
0.40801454944495597,0.16684447666593052
0.40055209343176396,0.1691304754524643
0.40915922527534704,0.1659888140610671
0.4303949787911946,0.16383474283678504
0.41821350946874347,0.16444061903363508
0.418640485538217,0.16441904056663095
0.4092663687181174,0.16628927911695163
0.3991888433224354,0.17023825672737614
0.4151339219630781,0.16506543569259424
0.402005752618689,0.16858225507558336
0.40529002436017086,0.1665971324166318
0.42259560075825375,0.16346635068311538
0.40517983284842113,0.16851853107221648
0.3999537542688327,0.16902531660096257
0.4131046212924384,0.16616252248816837
0.40776712373821644,0.16901296379389255
0.41509466659081184,0.16588142078544985
0.4221454187269774,0.1651735986771157
0.4142124957915811,0.1660915141392556
0.4419562618817281,0.16377648951583326
0.4081055307643021,0.1671641498062248
0.41960934175773046,0.1651797539735658
0.44189055238534625,0.16449572331761855
0.43232084227256273,0.16454728253786782
0.4133618950832941,0.1668388353666001
0.4313046073635504,0.16419508235568256
0.424572654023489,0.16483878252613213
0.4089060287213546,0.16771805442590398
0.41029382778201684,0.1674463570872379
0.41479681421142844,0.16660750859052467
0.4295462120378444,0.16432499835002415
0.4137953612014769,0.16691019756711917
0.4083256513420864,0.16833777341930142
0.4159188396736266,0.16612235928049193
0.4192237919236501,0.16575463172856483
0.4135562228016285,0.16734029413683194
0.428030960044467,0.16465025800840605
0.41558404420250433,0.16641844394253355
0.4240603106786857,0.1653725639757377
0.4042798967698128,0.16840802662285936
0.43526684776272395,0.1638490488938954
0.41811002779256046,0.16606451520520238
0.4134883710821743,0.16734895221362267
0.42254631109022,0.16552180241905842
0.4045281573925575,0.1663743045109781
0.4258532855614369,0.16427463915671087
0.3993930552965725,0.16950462166856023
0.40094320340106127,0.16738424965234067
0.40432663680738556,0.16640038953118125
0.40858603475060973,0.16569982078472198
0.3996913888795667,0.1684328916946559
0.4085564750544411,0.16615957300159548
0.41527694269853804,0.16511913534006498
0.4174331041136808,0.1649226600879183
0.39964578390349287,0.1690120595424987
0.4151422247992864,0.16567060531250288
0.3977208159498189,0.17087697663349224
0.40186774075870296,0.16843446383357744
0.4096942900899901,0.16549242986689905
0.409325496392198,0.16755068933690068
0.42108490753678746,0.16471725952148944
0.4307942074364856,0.16404396026739368
0.3990137098954544,0.17077929737393216
0.39984025480472235,0.1697222109199511
0.4166049389105227,0.16541085193065377
0.42995151260791686,0.16450815311361544
0.4009749299795189,0.16894709473150046
0.40516642356097,0.16760633543522777
0.4120434691536348,0.16546902613583855
0.40603305722862043,0.16691944599435052
0.4183587964715844,0.16469892086608548
0.4244659937013815,0.16361893549891127
0.4177345654987369,0.16487074774269567
0.4058701914932846,0.16729207444693076
0.4103200158536873,0.1664692865624411
0.4134683106463374,0.16531565220230843
0.4038463723901637,0.1681789499240659
0.40543769764125315,0.16753667000841882
0.42431089083098195,0.16412153660905396
0.422486078674401,0.16432620559009037
0.40258816656927776,0.16929910059626327
0.40295933647512355,0.16911386803189285
0.4158008015001097,0.16437633199479096
0.41290022021088246,0.16549901700760972
0.4227656161246892,0.16429297120245037
0.4019921718862332,0.16721721091535316
0.4156384546474148,0.1654132061899458
0.41283852062364357,0.16607611764297134
0.4402695673307619,0.16370157217672526
0.4088872972659987,0.16642893150320662
0.414708683482988,0.1654891983974568
0.41118509676362724,0.16626321978357506
0.4067084518619046,0.16681590236845376
0.4274486141274659,0.16372715564877566
0.4088895939162556,0.16638093124104228
0.4116265118474978,0.16609641815939305
0.40863465726562753,0.16672742213934297
0.42528874015301865,0.16479237511067857
0.4460620079785191,0.16386281385960694
0.42900186325917755,0.16473205419183679
0.4218501731829686,0.16493871738157556
0.4092380742897829,0.16844249309330234
0.43026486215257187,0.16429538987797077
0.4123367198719149,0.16717849407299018
0.40803131707701157,0.1690104829081328
0.4104134069343144,0.16739929151496002
0.41702807935367975,0.16583452004046875
0.4171898113139302,0.16560748402879444
0.41494904579766895,0.16654934308906902
0.40335546090912594,0.17019932758994227
0.4360097978043511,0.16401421018010387
0.4069454378062537,0.16958489094849738
0.407656506215435,0.1692515591830942
0.40675935501678484,0.17010834163612729
0.4466965228287341,0.16354921641379008
0.4216990182064315,0.16299944708681094
0.42771881638297454,0.1628781798337075
0.4299932263704313,0.1628567125678871
0.4341977156263189,0.16282267276120072
0.409856670288317,0.16519444704780215
0.4050750462188128,0.1663100534587993
0.4365896109098472,0.16210867066074539
0.40767974876365465,0.16530732071146909
0.41251817151302256,0.16413098474375176
0.40711426286764946,0.1658912284969623
0.4166011713720873,0.16400324630094587
0.4210018118941174,0.16321118388296996
0.41071127932186674,0.1648624535002644
0.43565646873162817,0.16277547672854065
0.4121626053569644,0.16471299093048766
0.41892499235799496,0.16341388312684765
0.4111938532934592,0.1655569676661401
0.42153639297105533,0.16385527642353317
0.4032452459636048,0.16818055809231855
0.40827010630932375,0.16610344016975317
0.41856910419330356,0.16439119844525543
0.4196681713368328,0.16398985565702434
0.4137572835715836,0.16451358757091458
0.4324409147726181,0.16342603172537729
0.410116741184779,0.16560701295843552
0.4038438001392106,0.16752320706475407
0.40587623067065903,0.16646278884521937
0.41781368165545396,0.1644814081229376
0.41355947616513544,0.16469314627480133
0.41896802564692953,0.16430609879054578
0.40992040963124543,0.16605112671664723
0.4112641298447266,0.1653875898850765
0.4048004109705729,0.16651500869411523
0.40730087694607126,0.1661086671981574
0.43264136005205994,0.16323874561637694
0.4213988290103347,0.165175904634601
0.4293151119147953,0.16345484904944815
0.41058898807670285,0.16805970951676788
0.4199006229118859,0.1659028910283586
0.4112409408467495,0.16643226654605695
0.42117878677129883,0.16528115874888968
0.4242084978735209,0.16512125609711104
0.40678629105215697,0.16995635738323112
0.4150672718249599,0.1659073032702476
0.42646567148335424,0.16433435205889668
0.40888465756258385,0.16843393393119527
0.42066592976466355,0.16463121156615063
0.40506250354733847,0.16904188426491054
0.44578387463123,0.16312492729050956
0.41215114430897737,0.1660989025242039
0.4129815796522836,0.16550716506247865
0.40876561613323925,0.16824748951805044
0.4102101950399289,0.16620723667742882
0.40765632297771226,0.16898723111251285
0.4314811490773399,0.1632531093160378
0.4216685469974035,0.16460385463773056
0.4403206399444833,0.16319304441966623
0.41773096598784387,0.16497980331499645
0.4092479925366196,0.1680487397385944
0.43218297257958543,0.16427784325741782
0.41782895338722464,0.16506253584723568
0.43263095992531403,0.16392937143016414
0.40302480697886556,0.16927911994014586
0.41158845295314433,0.16590342493351448
0.43434933760500155,0.1631152647985386
0.40420808494153143,0.16793144626971762
0.40800576501106545,0.16662297364908427
0.4040294739110358,0.16847232397413095
0.4166384196742773,0.16538154550555534
0.4125632376624347,0.16577378483155605
0.4237406523527934,0.16444570963537622
0.4051060866925438,0.1675427866698941
0.40876906385792766,0.1661385980043016
0.4283747027509182,0.16430669308588033
0.43236112821669953,0.16397816803293652
0.42367348110542474,0.1649660511117778
0.4216108748072074,0.16503796926512673
0.404156145541186,0.16826409949707694
0.41055852801381604,0.16451319849978427
0.42111599132841027,0.16374661168887397
0.40509548201963624,0.16756442589432805
0.42854169521630897,0.16247283006634208
0.4055784734115746,0.1666520412102373
0.40816831084187627,0.16624794325991274
0.42624711651264663,0.16311649102641268
0.43721582501542344,0.16217926588144385
0.4045277799838638,0.16779820874744364
0.4126796362117695,0.1638236958807603
0.41748956710535007,0.1637547004727715
0.4252364196908241,0.1636041527450061
0.41198729345090035,0.16424039878164332
0.4096127371332398,0.1653496928941863
0.42490872771480664,0.16371130857797705
0.4089224383982074,0.16609925706101303
0.42592960180586614,0.16331297686660373
0.41041904802754886,0.16671427119131774
0.40492422202579165,0.16699984454925276
0.4363327425803842,0.1632200696634264
0.41941862741759567,0.16377624982121755
0.41226446566948505,0.16518083261138797
0.4247941968152827,0.16362682795778577
0.41104410849819206,0.1657049239727446
0.438588793259155,0.16373140324185534
0.42445045814509214,0.16428056360359483
0.43168565280902954,0.16427856449982894
0.41260020490598975,0.16579669567552943
0.41790681960885595,0.1650790350917081
0.40684342761133335,0.16698013016858906
0.42051116602294375,0.16456932424705759
0.420129850621263,0.1650397499610756
0.4108749651803422,0.16678285969966875
0.41776583164270115,0.165567373421521
0.41232780979003963,0.1657970598310207
0.4369866875196078,0.1641755706779283
0.4040931507718299,0.1675293053027676
0.42616580546631005,0.16345728146749733
0.418241741124771,0.16543016751113396
0.41036164052559576,0.16591593111428002
0.4211535144265805,0.16502052931536138
0.4087405157075934,0.16628050223937765
0.4175199272022644,0.16586424447256143
0.4009591506113053,0.16930851080746628
0.40230929208066896,0.16809721679548312
0.4238411115084637,0.16403983952329024
0.4075261644758494,0.1671699664340128
0.4223070461716582,0.16470212925536012
0.4201467851476649,0.16526709101103618
0.3992669895127344,0.16947175823321037
0.41966564525492733,0.16379898274629692
0.41965767289013656,0.16503053880965013
0.41511701433705617,0.16519764734554407
0.4105411134608506,0.1652450526034647
0.40935726575352505,0.16605138645918915
0.40967286494792843,0.1657717715146358
0.4016295109600905,0.1680991834041156
0.4189772455949336,0.16517226164966572
0.4000922712381256,0.168567501697823
0.43083277141952336,0.16362821949105635
0.40248002694525165,0.1665020943942073
0.4142103795920471,0.1662521363161566
0.4101673897639818,0.16674953638657714
0.401029015110064,0.16975108886598203
0.41694808687470175,0.16581066050116003
0.4181549394815524,0.16567994226704438
0.4041930010069534,0.16924954348665935
0.44243610975312586,0.1642069532462121
0.40448900422776896,0.1678178044103178
0.4229085032197311,0.16502770629015118
0.413729374105707,0.16655298241520605
0.40067288713948507,0.16989783436849215
0.42500439178899435,0.165014979208129
0.4224307373262665,0.16522981179922863
0.4156551475213583,0.16600213328140356
0.39914329211740923,0.1709482961595491
0.44131080610157175,0.16472430267760604
0.4042161906665055,0.16913572636877236
0.4031976805973131,0.1693028102607234
0.43877622663305027,0.1649022334941524
0.40239372438599114,0.16940314740594217
0.40865497658470407,0.16696848117396412
0.39669879672031827,0.17121736590984005
0.4084130374610268,0.16706642387594664
0.4175417137295616,0.16682064190048881
0.41590137065469057,0.16690497801240906
0.41873485141408157,0.16644739730633576
0.4195772057625146,0.16575232256731373
0.4387015150035732,0.1636681353976482
0.42737622009098597,0.1646432553391999
0.42511526415550893,0.16534074338485752
0.4258349945199751,0.16480505034588608
0.43170754433204145,0.16448420192760585
0.4230601017140971,0.16564047092308587
0.431416190092747,0.1646276921833376
0.41190525680661383,0.16709165677782478
0.4185676098896944,0.1664902377486284
0.4373337738689562,0.16413317064019609
0.4101870763713851,0.16803982900044484
0.41839188607500877,0.16681480951617306
0.4191466520891057,0.16644533919675789
0.4018769744834623,0.1676830732543217
0.41281556891799803,0.1663344085723231
0.421740594694501,0.1650248755780223
0.44082143177893973,0.16382954121804144
0.4017499794803693,0.16951158912719327
0.40843249036249024,0.16713054149829062
0.43698109227994386,0.1646278557399242
0.41330436851913344,0.16557451141146265
0.40874316840191904,0.16682701881095047
0.4055085960300722,0.16754281078923913
0.4356961161707976,0.16483378669134846
0.41001857773290185,0.16658320974676435
0.41794901552046376,0.16543784135761194
0.4086443558538633,0.16705360451078446
0.42518319313892167,0.16505463105938406
0.41036700641784857,0.16771739978451394
0.40911814265761753,0.16778467577187572
0.40647227043018397,0.16780230010147737
0.42717521256319757,0.16431607740430565
0.4134192305816571,0.16696891618756474
0.4148047172389803,0.16650725188384902
0.41506843895581197,0.1658723190068895
0.42014875337386476,0.1652377692785825
0.4188296665543369,0.16552062913854573
0.41373572051448254,0.16663808245496525
0.4261678886427883,0.16483792837513178
0.42578007999611256,0.16500445744826991
0.4125443949416938,0.16728507413282187
0.41146062651298543,0.16741785068302947
0.43552432380840855,0.16430026959308186
0.41553022133502854,0.1651730217192411
0.4169133516753798,0.16477998168973673
0.4150361106224466,0.1652922982025998
0.4041447935473588,0.1668417990457191
0.4272722687294114,0.16402526341082604
0.42950220245382,0.1638143046159373
0.4176447779732666,0.16464379591452818
0.40405835766458437,0.16773031047896064
0.4187223035705967,0.16423158527303724
0.42999558924671827,0.1638010995461767
0.40870994596063337,0.16537262283516532
0.4154477201260436,0.16526207375964178
0.44668202314608063,0.16333924393878918
0.4118146423869792,0.16724917285370847
0.4351926230976957,0.1640765092457132
0.42477244183706603,0.16473209970825162
0.4214119442070453,0.16552666255290616
0.4092046126975278,0.16839986549297375
0.4241309373861965,0.16529520338341516
0.4076040228496282,0.16887022665943083
0.41990039056936673,0.16554778553822316
0.43607847582543996,0.16384904239412398
0.4404248117322177,0.16357121970566016
0.43374053049846556,0.1641351540547878
0.43181881018692714,0.164263416424656
0.4305962327429047,0.16446520104146506
0.42465516680916915,0.1649067687769336
0.4052037124477437,0.16999337676035126
0.40407059618287217,0.1700372637562377
0.41267915320456566,0.16577766157510113
0.4230423679018331,0.1654679858894917
0.41163905217557745,0.16748753434165836
0.4308435179050265,0.16435683946422078
0.41265188822500243,0.167229843393371
0.40714389330859524,0.16986072154435417
0.4099777099066696,0.1678530599539819
0.41873590185960397,0.16562360218753006
0.4322826535160041,0.1637033025921915
0.41379594481177595,0.16733385329725767
0.4096189048898247,0.1678373060360689
0.44040820718037527,0.16280033533533175
0.4163336267612565,0.1659195140905109
0.4103225584638257,0.16771070817676614
0.42405863476225586,0.1643407214583349
0.4168520558941622,0.16504853024122118
0.41229762700554007,0.16741348633874764
0.4149779674200413,0.1661972394866414
0.43296048292980693,0.16359416080123312
0.43180267037386905,0.16380911624384692
0.4352232795281853,0.16347090822336283
0.4095647090782671,0.16792862377653744
0.43042521366096903,0.16401721973342426
0.42602983093777463,0.16410120118979324
0.4085797323022545,0.1686098680860773
0.4121800417075264,0.16567006344309776
0.41032854874779867,0.16616189394758724
0.4124958118348139,0.16564959396325496
0.3965211088526165,0.17056148358001824
0.40450341970258724,0.16644850377975304
0.4079363038218301,0.166310357255391
0.42517820964720143,0.16475945399680977
0.398786747544306,0.16823717730587204
0.41631492957361177,0.16541948146277688
0.4167913005266539,0.16534076260545755
0.43035686022159236,0.1646156458931888
0.4242975559346393,0.16494180440797077
0.40753179693337466,0.16639676504785908
0.4003125119433792,0.16744433073194057
0.41152120694681404,0.166123981788183
0.4233354236738096,0.16496176573991825
0.42816265190468406,0.16456335794912846
0.4280744813620275,0.16461808030873717
0.41294281878890393,0.16606736971124508
0.4276844432212648,0.16466282760487433
0.42855999593101857,0.16454475942609637
0.4287729710212053,0.1641826839683329
0.4099217485762139,0.1671050199873094
0.43311303877913987,0.16330800403190754
0.4061341287713631,0.1684999759392463
0.4151334378093582,0.164671454072987
0.41270833842515325,0.16689532208213878
0.40504207759656996,0.1694718325841036
0.45717989133653897,0.15436515895018804
0.4529228912591317,0.15476961526528896
0.44240385663335136,0.15600282904565266
0.4459208764860296,0.15531856970883315
0.45967009425551597,0.15403623730882304
0.44542884061335253,0.15573316097591974
0.4511029001476877,0.15489921816347876
0.44337157916952236,0.15598380771222697
0.4445016017050613,0.15574749287890474
0.4540373698551202,0.1546050260361019
0.4538085697353901,0.1547097330184116
0.4546839078822961,0.1544229107957743
0.4482171318243819,0.15524079202145394
0.4541109514472795,0.15451969226915085
0.4537992979546171,0.15476161946923142
0.45058929627909367,0.15498136901615078
0.45813157693477363,0.15417740614953454
0.44964148168934936,0.1550951993959693
0.45068435463666584,0.15491284791383295
0.4657070647428434,0.15388999836792608
0.4721316418033266,0.15386416966350783
0.4493560603328011,0.15523451958008372
0.4514879223774838,0.15481701761577144
0.4503007937305554,0.15438682459302808
0.44234185488357175,0.15601083304978688
0.4656363934862704,0.1534054501570454
0.4425096064925957,0.15584003301832536
0.45100444841533704,0.1540189992777896
0.4456715335318162,0.15449665062067838
0.46118625584224926,0.15371578059258678
0.45466176507396505,0.15392072213706445
0.44336266124305035,0.15541763870006625
0.45682738019956404,0.15391182699284378
0.4452868341415582,0.1552398698728197
0.44334090784794966,0.15578158962709757
0.4456203831573685,0.15489714975052135
0.45500031880022584,0.15391701959245274
0.4506208880603615,0.1543630715413741
0.44120377615255296,0.15607111234833515
0.45722198918426815,0.15375353217145749
0.4525901842078976,0.1532995665522562
0.4520423618092996,0.15339968206036453
0.4438235650684527,0.15511903227829008
0.4651547048521119,0.1524225541948415
0.4456294859820938,0.1543517382313107
0.4534162975375024,0.15297753774803452
0.44551181158085407,0.15443323897193367
0.4578457521537172,0.15296723617636873
0.4449599851761517,0.1544921426672268
0.44448057882697556,0.15466525496598157
0.44838555582951145,0.15384819781811956
0.46110223292841096,0.15244686101393073
0.4507129571240508,0.15356334441417271
0.4475266693337338,0.1542179875221263
0.4431573208088508,0.15515405297879653
0.4506272423366512,0.15423585471693163
0.4577534224844146,0.15339417231097208
0.4457471605384496,0.15522800392169006
0.4493332357137159,0.1544460403315787
0.45689744386087133,0.15342824527228305
0.4465765427320638,0.15502734898750542
0.4606012163975575,0.15317941849006653
0.45800445708210935,0.15332576062895736
0.44205504740845397,0.15587941227878627
0.4530567929832764,0.15362354583471857
0.4441376372312053,0.155443501807687
0.44376263562256574,0.155615960943275
0.4639743732400875,0.15296639287353156
0.44912824726026157,0.15445488226047935
0.4417968385681994,0.15648419444545014
0.448048506405012,0.15458710171155296
0.4567146728787258,0.15344656700968948
0.45841855540980214,0.15325759257901747
0.45982918031203546,0.15310612829035128
0.45437687656607856,0.15351819337795444
0.45207679337311246,0.15381162136151152
0.45749008852291556,0.15330652656848376
0.4482130226419932,0.1542813826211575
0.4535528602230969,0.1536872471157648
0.4632187708698887,0.1529798325460263
0.4481829084963973,0.15438669326726967
0.4430231069519908,0.15601435596789262
0.45939041712351286,0.1532371952641184
0.4635691141946566,0.1524058045179808
0.44489738631044523,0.15580456488970332
0.44592699455595664,0.15439249671912497
0.4537742951075381,0.1536731822014141
0.44573633069970997,0.15556132027085467
0.4501631898355668,0.15397709286218653
0.44910798790709583,0.15420458968757422
0.44222692925743123,0.15599932238197617
0.4422982929792581,0.15589571390794704
0.44867641171558703,0.1544401172364431
0.457953737653567,0.1538275165433848
0.45887921093530737,0.15367916793494607
0.44084256969155977,0.15629107365699926
0.4439262442886002,0.15548900317781583
0.44831004724830553,0.15483770964636218
0.44388523454905326,0.15589192315550793
0.447576139255357,0.1553585638063618
0.459017797813266,0.15366074491190093
0.45956320001310796,0.15357832797414
0.4546844398209456,0.15392572723366066
0.45714480526023,0.15387968424119705
0.44780851115648124,0.15517367652833927
0.4444688941436319,0.15538852985365767
0.4526814938639576,0.1542653601064037
0.4387157914589171,0.1565799513066375
0.4540274844565448,0.15416112602545073
0.45111924379126267,0.15440226774631932
0.44776831681283563,0.1553561491350688
0.45055972822464696,0.15407788780534656
0.45078556561577143,0.15385007161782052
0.45376536488243746,0.1536717522143774
0.44552207746796607,0.1549983440653834
0.44884699100808595,0.1546550813720841
0.4501398572564286,0.15432445735512734
0.4464069572385462,0.15495869091646755
0.44764392570260353,0.15483833658564594
0.45727317060513506,0.1534232311251426
0.4563401184694249,0.15350412941085084
0.4502785275712609,0.15423266372700867
0.44512014311776205,0.15523506627963074
0.45927406647984703,0.1531690406410735
0.4484835247432846,0.15467892205992984
0.4490221418157983,0.15450524747354558
0.4490963726415933,0.15476369324124117
0.44946936707106583,0.15431890077158394
0.44927264206208406,0.15444665631036372
0.455050165383243,0.15287703292529797
0.4479027526663625,0.15478236494585745
0.4466113788717251,0.15509229203709932
0.4463990698716085,0.15543726827688273
0.46515539616097723,0.1528554943865236
0.451912568361821,0.15398802101561315
0.45198634250766095,0.15390512952201024
0.46915067134219024,0.15281110356278
0.4543738676001026,0.1538460582645508
0.45073245729726447,0.154207120014594
0.445594431162765,0.15626208033343197
0.4472846590096552,0.15476344018435964
0.45715549476240547,0.15364696437975436
0.45260918798065736,0.15388155297722184
0.46094670642825075,0.15313863796351493
0.44665954356831755,0.15515469502246645
0.45592931341450116,0.15370379699733708
0.46445695460898995,0.15304582877571254
0.45471882620035703,0.15378517139237916
0.4473682552140932,0.1543621099293231
0.44523381061319184,0.155282926309238
0.4427477565546001,0.15561354010790698
0.4596872957292802,0.1534944385348231
0.4459342858718395,0.15523786967994635
0.4504808606506078,0.15394446853827146
0.455917801076127,0.1537630378609287
0.4411285020240168,0.15616194494499447
0.45429852105134627,0.1538410483133134
0.44496025980948006,0.15612899992666854
0.44644479158734857,0.15608541438141585
0.46130881526825956,0.15401902361669997
0.45479724096035423,0.15465091876347686
0.45543059015690335,0.15446389950731668
0.44834842099383554,0.15568595291548437
0.4561977202047191,0.1544480096371765
0.44935766879539635,0.1554914033796297
0.46691831852883886,0.15369202618124006
0.44969604444736505,0.15473008040806135
0.4535126068244686,0.1546810643174484
0.45882932178269986,0.15405233890624126
0.4477526079041594,0.15579976206419574
0.4638168766217921,0.15371702393585182
0.46148323943126085,0.15398522123132072
0.4586232191584615,0.1541530174183872
0.4682258194380284,0.15341372976521103
0.45682383909120694,0.1543156807597486
0.467819232085672,0.15359072912817012
0.4623893110913121,0.15374566192645478
0.45759495611247625,0.15420604474483363
0.4487044037791813,0.1555182703617297
0.44940340917552457,0.15543862991638535
0.4569177340635003,0.15429722962195455
0.44403225056726825,0.15661555285728046
0.4670125107689832,0.15367927153197988
