0.3229337186352108,0.21456495876884235
0.31562606692128314,0.21711173847789436
0.32042964222267234,0.21581246127304088
0.31700546604308627,0.21661585851582768
0.33120001518993375,0.21247012508467536
0.352541932953748,0.20986284238003472
0.34334466043043754,0.2105483253339441
0.3031148368420149,0.2172839369844367
0.33852934050058975,0.21205383700063898
0.3231347857313085,0.21489003018674196
0.34783774141774887,0.2072430571634454
0.32242189431710455,0.21591427519401052
0.3347633551579359,0.21221845559144722
0.3046301288488244,0.22025218465062313
0.3046069660706594,0.22786146607629731
0.3401377765136626,0.2107834861498224
0.336437590061274,0.21116600077640077
0.3421339030276812,0.20880627000039986
0.3256547853062616,0.21317423589074863
0.3398706696047435,0.21106278062934683
0.32516551885469536,0.21488007187214106
0.3154271250096026,0.21704519816687903
0.37612518210968093,0.20612482148663364
0.33122420941005903,0.21302191892910372
0.32296429071822863,0.21098739008937456
0.31081313798636995,0.22172069595531052
0.31917679193058174,0.21611476183043057
0.31015034652000345,0.22619344429028868
0.3154435655055482,0.2204723650796494
0.3674588363838601,0.2073409497852609
0.36761741907737566,0.20649780903791395
0.31592714627236873,0.22046160911209253
0.3405327084550886,0.20814478347838752
0.3876390865816174,0.2063888456835038
0.30177628921202976,0.22894270014046217
0.34759185014382693,0.20862216128452074
0.30224725995273094,0.22392533855716343
0.3081869041167419,0.2131925459389434
0.31978381701494996,0.21300958307093298
0.3046813607782672,0.21709310427118428
0.32761004479903716,0.21049750486476443
0.3213683359165726,0.2125461470077376
0.29973204251262275,0.2304869461957279
0.34202852680233403,0.21149232080728977
0.3124539589276231,0.22563060301709587
0.3590121796550711,0.21061653006393316
0.36015392176686656,0.20988657589872883
0.3686089070430204,0.20607198921790637
0.33517251964916106,0.21323602340721953
0.33637840326127016,0.21318796177344024
0.3426265601446645,0.21106172991026667
0.35392451605939435,0.2109240326415087
0.3531933490796878,0.2110006971506256
0.3178848031054972,0.22033949930881372
0.31917900727820114,0.21768432684820355
0.32753388989846316,0.21426335751522516
0.3389693077193105,0.2131477254426585
0.32647125806102717,0.2175373370292619
0.36545687663773707,0.20875418773875545
0.3137255105565323,0.22120388714394815
0.3000723696341204,0.22480241287692349
0.2986033205190134,0.23062218912135823
0.30718627895337614,0.21876400603030172
0.33383999382243473,0.211723206653923
0.3175935936052006,0.21254252810467403
0.2994357022928501,0.22743691672735167
0.3168326187513922,0.214833893109944
0.312947431105384,0.21733893163614923
0.3355132552629622,0.2106154766065167
0.2935171829202491,0.23098696454675846
0.3055148516995481,0.22226180810093316
0.30308028552121913,0.22354494292756846
0.3109023146683853,0.217749628641052
0.3101306251449013,0.21805318595596118
0.33792019990169914,0.209823892821817
0.29062766098758347,0.23317344115735072
0.3323408899745424,0.21194198899890065
0.3121591679890195,0.21739991190272395
0.30799442819887723,0.21853114492139017
0.36223540975995744,0.20725396743402638
0.2918478978683187,0.22496042007369757
0.32273222689255043,0.2144048554063132
0.3156798647621364,0.21659283387891287
0.31466259435251664,0.21753028355235993
0.2899071530160772,0.23119233740102865
0.32015030266238415,0.2157623008634349
0.2993972351664258,0.22352881337312971
0.3407801712962467,0.208975412369508
0.32139628188572467,0.21468741876091296
0.29009241924790596,0.22996427263340152
0.2970547698378568,0.22359454971875803
0.32509773283837107,0.21130886179592548
0.3020893539142797,0.21942711567001405
0.3228875696614085,0.21370522501464137
0.3229168858757136,0.2136175713212643
0.290859766741838,0.22853734433089395
0.31728412548580076,0.2158619838993606
0.30985488948829853,0.21774447815217443
0.35924985724329783,0.208535265155361
0.3114151849453656,0.22355501340951678
0.3209829188422308,0.2182030333711418
0.3508075407409393,0.20868849791743593
0.32790352107036197,0.21276855347880827
0.3222828135307136,0.21642932804158768
0.30807844276747914,0.22610778043017193
0.2995587277846725,0.23328905406028863
0.3075558030024555,0.22784809770679837
0.3081352511993497,0.22482458327140736
0.30428328919396924,0.2297251139934576
0.3180183840050773,0.2186362599980002
0.33590729213097853,0.21120461894577283
0.36595374276530845,0.20755617455222733
0.32364025132805824,0.2131788886956572
0.31292353987192073,0.21955517358973445
0.3356592715786851,0.2124015502344615
0.34485087800670683,0.20961966979013222
0.3494476432101977,0.20999935046403637
0.3088615707406037,0.22125270671993055
0.3228877464747138,0.2137233443392692
0.34233639748070166,0.2119811562477471
0.3798133158533898,0.20730289746766475
0.34735377886685226,0.2117728243850348
0.3530249169130105,0.20946212388990865
0.34825996485151,0.21143323886075513
0.3149216848909096,0.2161030868959335
0.3610788992626235,0.20800414095303726
0.3657788752030172,0.20640825372179356
0.34081237284213317,0.2090937561886605
0.32005243667280225,0.21949054122621742
0.32130598080180456,0.2124500446338846
0.3163671068261545,0.2208193030996402
0.3621750358197539,0.20796835228865837
0.31682751543988547,0.22073934714703586
0.3121510431059421,0.22558002110433803
0.31089766232284033,0.2257732853810032
0.3389957213880916,0.2120776236271665
0.34694690953827356,0.20902122430568115
0.34696318812330496,0.20901552488211933
0.3397921897630384,0.2107494186403818
0.33856725515017827,0.2122837857002084
0.35300542146954816,0.21021034412589426
0.3211648699303198,0.2149959872432482
0.36839791489224283,0.2089647380885573
0.3099040202089385,0.21959370053731378
0.3218343777186756,0.21360039345305845
0.34168736809709377,0.21188102983767212
0.3185774185384345,0.21663100364641452
0.34642211522118543,0.2112488119760847
0.34205249802907894,0.21187143750755855
0.33186061619428353,0.21300585791577337
0.3192686443270584,0.21537036045230445
0.3434865057857946,0.21146230533941932
0.3081284041628701,0.22299355805140297
0.336234976505551,0.2122205751885804
0.3165606665285555,0.2175615004941459
0.3454612583646392,0.21140396692872315
0.3678018597598207,0.20900862635634693
0.35004456144025337,0.2102191944019736
0.3280480734044221,0.20888120530703908
0.300416504043018,0.22106038101527448
0.3070696848368305,0.21582386340083337
0.3048130086824042,0.21908148863568325
0.31222707981948067,0.21159897491971966
0.314821288025057,0.2105568514380753
0.3369553294179224,0.20648530909435403
0.3337027137930144,0.20875537388495374
0.34897156793108464,0.20456594888531698
0.30885467181718695,0.2153746514782684
0.335062231383602,0.20843610957660347
0.30658987962393974,0.2195033162467541
0.34977221495350913,0.20873280377826986
0.301416096931376,0.22348643236508
0.3383651939165218,0.21153551746528415
0.3233860515425598,0.21259448082361768
0.3117204727564684,0.21836736079448651
0.33982999092285304,0.2098667547795931
0.31690029994412344,0.21504802360091277
0.34042542811104887,0.20968112306999778
0.30463582666423056,0.22190342506088806
0.32044525768386783,0.2125962932363785
0.31605338664851595,0.21725568993045122
0.3031306587002773,0.22320499819448866
0.31602335792513786,0.21823200020495032
0.3384289946009582,0.2105108606262971
0.3480036861897196,0.20925301036893543
0.3103261980247583,0.21883656372123395
0.3749610645337836,0.2084215056017117
0.33096979666987514,0.2122825635536215
0.298870962383243,0.22407442951226197
0.3386036940898017,0.21010792226460545
0.29711538937957443,0.2315533155450518
0.32516735959365484,0.21321769954953584
0.31944530893934564,0.21486460428473034
0.29464024052541166,0.23223777184389185
0.3025485826300251,0.22013074825736267
0.3686369878848041,0.20813776502707831
0.34582669571032326,0.21039761837232454
0.31430302307691965,0.21623150302331046
0.3082070428527837,0.21805808858360767
0.3355004311466014,0.21254552953359432
0.3771657808536124,0.20727401015494332
0.31797944456355226,0.21578926266058376
0.3248890029490924,0.21428541582998023
0.38860786951203063,0.2068220613042613
0.30230183285870604,0.22655475741292574
0.31897772966495425,0.21515620533167626
0.3032412999367079,0.21850799912965574
0.3550027102281132,0.2093342788595825
0.3397750490208094,0.21104474125109493
0.3534090412895481,0.20978039944972426
0.2981582961366117,0.23013905778231697
0.3003478075097559,0.22688005927210128
0.31132078833829724,0.21673969707047566
0.3158641538204417,0.21870798992135393
0.32533819943413017,0.21731708589852497
0.33079095330777464,0.211816286921973
0.32124768396978604,0.2175584372496873
0.3640791616323072,0.2088531182278557
0.32791351972959515,0.21420314944133365
0.31282904184958615,0.2233964755309683
0.3271003623164145,0.21581613686296783
0.39214509393521524,0.20660721787553799
0.3128907874265539,0.22248162809427272
0.3670380459899341,0.20785556728995416
0.3572657416004143,0.20966151074757045
0.33797937363090735,0.20974532891983608
0.3637999782736719,0.2089725804525082
0.36271293484348194,0.2095844777988062
0.30057686077484713,0.22195342260555126
0.35681695535389396,0.2074841008461175
0.33630366821617497,0.21109808762220944
0.2988041843842805,0.22371166360880054
0.315354110782332,0.21476314366557944
0.2957524053235793,0.22857466405555937
0.30993579017608636,0.21993859830467635
0.31048747124605,0.2199193433248834
0.2986629160909096,0.22400881671584152
0.336972187410858,0.20898481456247064
0.3208920404769438,0.2130756412775112
0.3019570932186824,0.22026018293935648
0.3124057520601809,0.21629584641818483
0.31184619553857085,0.21931849532105097
0.3262258011840907,0.21281074660862434
0.3534065491200283,0.20863696955258096
0.32940899579798216,0.21764508479396893
0.37799982287875306,0.20500382550666313
0.36486414785519694,0.2085447218547146
0.3343116091009314,0.2135332977076927
0.3720955782239226,0.20595148288865592
0.3435922206179918,0.20974447694560255
0.312460012523895,0.2202956815842654
0.3304123375229688,0.21593073833726373
0.33301726299822687,0.2156229669002109
0.34837368655482115,0.20901158983640006
0.328943382475709,0.21954080764002587
0.36922587261186307,0.20804467692092804
0.3400567999842408,0.21199810161266228
0.36060846354328757,0.2043948286193765
0.3117524590990747,0.21666181541551321
0.33396368919752806,0.2087047665958933
0.33852550250936125,0.20500279263051815
0.3197823684099377,0.2125467023470051
0.3200768809274046,0.21204863520171646
0.3313824320068091,0.20964903843615895
0.3478631399751472,0.2047028448225815
0.33457910349844344,0.20817400802209263
0.33575501020402204,0.20799005169579304
0.3317632320945242,0.20950471735386347
0.3365880231910483,0.20780254526536657
0.3638482120281805,0.2039993780565577
0.31344653632410746,0.21336306123411836
0.3238124708271546,0.21001861186246013
0.324434167561491,0.21517604037881327
0.332211360994959,0.21311563214772125
0.31833853645969995,0.21793188465055244
0.305522427046373,0.22036696106797407
0.3214540309017662,0.21693996212393782
0.3178990144026157,0.21961152348763635
0.3180835686606998,0.21955457817031757
0.3011213924230204,0.23055755682619475
0.3146011991982092,0.21972716298781578
0.3357946267071656,0.2119153834849006
0.361327507338252,0.2105028966738135
0.30274962603294253,0.2239475964135137
0.32412452697618516,0.21671550943198709
0.35837597364576224,0.21091743672731267
0.3550161061100469,0.2111055720686417
0.3324266657861211,0.20868920726628518
0.31391488510439225,0.21010757548317832
0.34937600653896894,0.20677485388549405
0.34914439622980675,0.2067753636460294
0.3138148102102341,0.2158501411307356
0.34613293686272895,0.20703345123878852
0.342226100487911,0.20758884620173348
0.3543761023969316,0.2064247251380236
0.312494150491927,0.2160427330784946
0.360102377480903,0.20563219190379292
0.35706454161936435,0.2062005694784347
0.342358844801929,0.2071862797652298
0.3607889906361699,0.20550928136519422
0.30805233170814067,0.21713997174375485
0.36270277243182575,0.2053276304369519
0.3323894592937167,0.2103729053863712
0.307031875778128,0.21738658205225123
0.32526050516140753,0.2109976953000027
0.31676662353397006,0.21701077168392216
0.3564770597295834,0.20618766309705927
0.34231526137956053,0.20877649023245032
0.3175281051311952,0.21212832415074295
0.3685706240620709,0.20597474717432443
0.31399589354696567,0.21716914383513042
0.34005540800746553,0.20974298354592458
0.3520154360584537,0.20759356327374892
0.29214947223458726,0.23185277875190988
0.3087022135266355,0.2164749839876266
0.29436558322812917,0.22300730892679313
0.31674261602279835,0.2099719001024745
0.33732912902264856,0.20779400657642336
0.3302434859294666,0.20916216272990307
0.36730064095010956,0.20738816290811551
0.3165238439488625,0.21370973195794432
0.31351681224530104,0.2142713540235546
0.3026591972858035,0.22092772477742864
0.3243840730208129,0.2096724824877929
0.3123865957462289,0.21566689319458487
0.3116839209849243,0.21637017123658386
0.30445555835995997,0.2165723145378765
0.30463112041409685,0.22396288041810444
0.36194510044099815,0.20922235226891267
0.3142688096319113,0.21696519779479823
0.3072279047991876,0.22344636306299348
0.2999543608395142,0.22597653225871311
0.3294639871342078,0.21200298948167545
0.3088663271885413,0.22110214238521184
0.3230494055301136,0.21630908059291062
0.3552862386647849,0.20980129499201253
0.3244019058319427,0.21266492639433987
0.34030863141700224,0.20924101680452112
0.3252435333507143,0.21268699446140407
0.30106411819728085,0.22108395414391957
0.2995838201531784,0.2268890621218318
0.3061449101387261,0.2164888220672437
0.37360343859701384,0.2071416901731079
0.3434545582385846,0.2090061660886767
0.3366004850245556,0.21059437928537617
0.3269723417980329,0.2115580090737531
0.3655136047118949,0.2087219617983606
0.31672284993857536,0.2150633740478765
0.32441011747886134,0.21465688596330018
0.3624448592339213,0.20877714665916025
0.3243864752810175,0.2150305261932845
0.35334893679266155,0.2104096092619833
0.3041788594678678,0.2227275245941403
0.31580408121628234,0.2169970224818819
0.3055164295073813,0.22228953602737195
0.3168289522000905,0.21638908642038843
0.30770024302950144,0.22003250750534697
0.3144379094489204,0.21920549750916385
0.3254000806020778,0.21199608979633275
0.3353237492836374,0.211476727326875
0.3139127480841342,0.21987901841124244
0.3563961365896009,0.20614333439842208
0.3717702934885857,0.20334924886851388
0.31572896200404404,0.2160141043444452
0.3283538983458405,0.2114252367443122
0.333126074154276,0.21020881718451398
0.34591284251703447,0.20869363713507838
0.32223959795973006,0.21523718428911662
0.3440469651394027,0.20951943810415027
0.3624680830196069,0.2057258197030232
0.32461258874243853,0.21429856348337153
0.3780420921404995,0.20182804469184878
0.3233014573888093,0.21444803530423934
0.40823235625995075,0.20041790306814836
0.3488903663863132,0.20712769295929567
0.3775451600010485,0.20303527232366497
0.34396654314873615,0.20996721144859545
0.367070524691137,0.20523185669735683
0.31025822587506896,0.21411716809594142
0.29233455622229015,0.2200777440456544
0.3235436200468013,0.21073068364189335
0.3215617094009206,0.2117120760906444
0.29098807387279685,0.22387345952972465
0.3016196718820666,0.21706803248671738
0.3016588977437855,0.21590925307792372
0.30282027222749,0.21584325795244066
0.3012953396201611,0.21855411146251827
0.30836070496284995,0.21472901490586147
0.31349849824621184,0.21373545011088416
0.31735665945257024,0.21273015422747382
0.3520935018937861,0.20728167714003326
0.3352015798968096,0.2103781127917819
0.3201966959716526,0.2121333614402889
0.29813760277204987,0.21985978236916498
0.3382908280923826,0.20872232281463388
0.31884087403311134,0.21267203267064672
0.29922730686840515,0.21897939430138
0.3105498764118151,0.21409992467880629
0.32845674251951557,0.21119448938598637
0.33406981895477494,0.21004882450716883
0.2955621114582731,0.22118597697815326
0.31505209602837203,0.21363014168948047
0.2983887541995921,0.217604233829638
0.36867250549726077,0.20725521323497795
0.29327010552115024,0.2213984253391373
0.34793492649622815,0.208082507394454
0.32029141420516627,0.21200723354458603
0.3068061432031831,0.21433397484543942
0.33970235125026327,0.2087055157006723
0.3065634270327736,0.21479203453520485
0.3319849932158185,0.21025433012813913
0.31769768937484805,0.21347097314010385
0.3051628695675829,0.21731350497892082
0.3160916643320612,0.21601168146668684
0.3537156327810407,0.20639502574755722
0.30468375310623974,0.22424086370553428
0.30344006718009264,0.22636935393912777
0.3229262262429603,0.21185800891342757
0.3050161824349843,0.21825169950853943
0.2975563758738992,0.2274472564943226
0.3574343558229058,0.20572022532065895
0.34053990963991904,0.20689976216043435
0.32541044622681514,0.21103132820994733
0.32127987254020673,0.21233630329717176
0.3317169454305709,0.20892708446179942
0.33165341530464243,0.20908291381377372
0.318965338412804,0.21565976964240158
0.3379748213384569,0.20768675094327332
0.3314203480674729,0.20999121920693256
0.3508972468701929,0.2068962417401453
0.31067569552667645,0.22404633001723043
0.36562279579042456,0.20912523136997357
0.3179765413817188,0.2159360052727955
0.3263527641925467,0.21319690290381413
0.3653409816120129,0.20916028637768336
0.3359203905970796,0.20988927358631201
0.32189444728628724,0.21547487131058254
0.31184263087088493,0.2224932475973096
0.32315812805366034,0.21503652315040758
0.3396765886496965,0.20963759163017348
0.3347896404789771,0.21227676511742222
0.3169223534973717,0.21822729033193994
0.309443319713656,0.2297254496473072
0.31624608417621336,0.22217081328318972
0.38084860573114376,0.2077872211448303
0.33275171346672017,0.21289503267319512
