0.3494760336387312,0.2290608750606335
0.25949944733664154,0.261270527949869
0.2640907444830259,0.2538110771707679
0.2571493965749168,0.2654869944674504
0.2952700016217278,0.23619347554974227
0.2742486894359828,0.24602900737258063
0.2828320881077762,0.24169665439611965
0.2630417517395935,0.2564965217005881
0.2733712608719022,0.2483178354613785
0.2705530565941741,0.2512869335963906
0.3103779906438574,0.23434275633126184
0.2639709586525457,0.25447707664875374
0.26962513078477895,0.2521817047655629
0.306745298191378,0.23580359626064099
0.32928937896752214,0.2292662528587286
0.2914816110334607,0.2387272193302263
0.3020201154715414,0.23618185071197928
0.25446356749991406,0.26789397270941245
0.2570479818331736,0.2676221509970966
0.2615324449616954,0.2520158497290823
0.264799048383307,0.24328733737146782
0.28333667651915256,0.23387541181147745
0.2799024859347355,0.23750749938342436
0.27064896364874497,0.2397519169353209
0.2670743761755933,0.2414554576281867
0.25930758444399815,0.25705303697943654
0.3166212165033221,0.229250434716815
0.27837054927032906,0.23962819232913066
0.295319751876919,0.23359748195430174
0.26765360308758024,0.24092153160919608
0.2980872379118064,0.23026110321920037
0.26117285133779417,0.25299865952496997
0.2802789239440172,0.23872492018084138
0.262058546336655,0.24930662803358783
0.2986191027666607,0.23566200713690677
0.30831398636976093,0.23480939375586016
0.26124849941835865,0.25634301250717956
0.3190911587759804,0.23332415513489124
0.29540596323330803,0.23714963473724016
0.2720513664249894,0.24160644326801609
0.29032455944279567,0.2373143484214772
0.2687612947186825,0.2483793404474032
0.264530670440491,0.24868498383731732
0.29571153960397945,0.23514473928019514
0.27351209291860457,0.24556186483409395
0.3067399401645691,0.2316545255675145
0.2612739618690405,0.2546011000103389
0.2799484228096991,0.24546402172297926
0.31857728412849684,0.23022004813558375
0.3178213841462504,0.23134665548702846
0.29896822528000855,0.23181670101344737
0.26502681215469787,0.2518154622583514
0.2864599155910548,0.23559171780953947
0.3240681165992258,0.22651137403137533
0.2919465294145789,0.23543785307429463
0.26901042800607666,0.24891989806150286
0.280225276966215,0.24499459954751998
0.32062884308620493,0.22813544480832545
0.2724788658395356,0.24773482048384932
0.2820547378808768,0.24329955703005404
0.29685252999548056,0.23285864136129125
0.28218000392042064,0.2404536666011616
0.3083204090398586,0.23194387228566782
0.2989921686635103,0.23468436891792954
0.2788336386173511,0.23909304490140149
0.28397106546817114,0.23904113184226447
0.2580595533058576,0.24296488077032014
0.3252931490416813,0.22929582430019416
0.30377059736735545,0.23398224805592502
0.27430298456635893,0.23919640255272823
0.31676326963768325,0.23002617812844034
0.293323691283363,0.23671425029497584
0.28471317811550256,0.23785460393518723
0.30849389018442375,0.23182005830604893
0.3475604546158542,0.22652833177498602
0.26579056114580707,0.24864634471474606
0.27783537555584376,0.23761435316743254
0.33390103674885974,0.2279877309428778
0.26958130349967147,0.24099906536016263
0.3469802432367494,0.2261974900397056
0.335094405089311,0.2275751988518673
0.27410741366238717,0.23954135076033822
0.2881400025688121,0.2315916884447202
0.2459483116774851,0.27361097544479457
0.346612326329829,0.22695751620364082
0.25838045122114583,0.267066783083915
0.3113200345766572,0.22983981465154946
0.27883273363927963,0.23325648517562558
0.31901551110939613,0.22938210293429837
0.33116627562491224,0.22817400277450603
0.26784357261919506,0.24419210445993864
0.37235929380267546,0.22588610208129214
0.26267866867601386,0.2608557767655693
0.3063550163068522,0.23085842803916898
0.3027591680426962,0.23539498915559476
0.32611823326872963,0.22445268588359232
0.31053860893080415,0.23174051224038464
0.3060963069616597,0.2323113261747737
0.287204387497024,0.23639836470993342
0.3109387186221898,0.23053400373009322
0.3220183858140571,0.23044579168372073
0.29879259099832195,0.2362722868180875
0.28369293136383555,0.23833268295053678
0.274620484393096,0.24320187965167947
0.2598740247500611,0.2540484434557646
0.2677484475389659,0.24283325030603092
0.3106096264147768,0.23493635059128562
0.26607413100733385,0.2486361732867667
0.28101226718528705,0.2399396683109622
0.2976450271066131,0.23610801244211652
0.28741011239231995,0.23641370340859025
0.25418697945114893,0.2661334872733225
0.26517889282753604,0.25201855085367414
0.2628840959894196,0.25386775862678707
0.25704198028180686,0.25939665534212963
0.3372594048793714,0.23346972903520433
0.3389676390560874,0.2319833794203538
0.28193705426808086,0.24291241037908456
0.2719413195836686,0.24941074242227904
0.27699118737941414,0.2476285380044129
0.3033948733151726,0.22992073186741607
0.2620213906318545,0.2529143305555472
0.27920938157355457,0.24506759443187234
0.2714810994999205,0.25074730784648214
0.2743509997042365,0.24794107127994947
0.28795582702648803,0.2364002002649107
0.2847921758205396,0.24086795209358886
0.27850091988161646,0.23922926226756516
0.2671875215527182,0.24776649705480233
0.2833103926053699,0.23637456906221802
0.2697709135165517,0.24038893321435328
0.26150781874682855,0.253522168830973
0.2606195737932606,0.26044380312063514
0.2555692636219283,0.26338936264385804
0.3414885438192576,0.22808214197654395
0.2685184829774825,0.24462417464275749
0.26442492973983606,0.2514415720020889
0.2610161805743776,0.2548693076226561
0.29723339007427885,0.23034810182059184
0.2765931287674577,0.24019322486850403
0.25594758387628674,0.2621508731137043
0.2825163297257725,0.2378962771155174
0.32031276296695627,0.22939621607833324
0.2919037769617233,0.23583414264257094
0.2893744929988093,0.24119685819211484
0.29006145954989027,0.24065839145602863
0.2677154454287048,0.2498219242585817
0.2584708136455263,0.2634296978818982
0.25877583556115646,0.26116182286109146
0.27454841410314335,0.24941006166233953
0.29396187126806766,0.23717588517331115
0.28162291260367656,0.24601067098079588
0.2836417817489479,0.2446170228410449
0.32426149971374846,0.23363202208422504
0.26240886669078106,0.26050471806579095
0.2830939519849471,0.24533746193756864
0.3105329914175652,0.23544349991524696
0.30485494795221013,0.23568414753001807
0.2667844008756045,0.25944408997495616
0.3217622960440556,0.23415991010996925
0.28026748588470735,0.24879021692272885
0.2878478341713242,0.24402804078703977
0.2558261625116295,0.27826165791543916
0.3348447852798038,0.2336117346407618
0.2711738164569313,0.25588382032288887
0.3127228736627581,0.23707469102953116
0.2630771894987401,0.26204301118748813
0.2741720779395451,0.24975194250554825
0.261809983777268,0.26250825469486017
0.3160208914857212,0.2354329692510221
0.3129466873593502,0.23643086744196185
0.27949481968181544,0.24463152447067033
0.2761657896784797,0.24799323369560303
0.30305505055355264,0.24062114517640945
0.2856293395315666,0.2431438167272527
0.3073669700230444,0.23820786188974988
0.2722070365657018,0.2535968134498534
0.26927216193498993,0.2600882128924131
0.2845371942698207,0.24396330786588613
0.30513999441568623,0.2397808160953671
0.23640616140331305,0.2746590080466242
0.25372234614761474,0.24995869328478976
0.3046517239136421,0.2326480073381572
0.27070130277839477,0.23608438718531669
0.2936325675842481,0.23273339479769894
0.290316305832306,0.2330681575638795
0.2611978217417619,0.24222230522549734
0.2635496888839911,0.24201043300385905
0.2678987838737007,0.23679308181860362
0.24822432581382758,0.2538118991299971
0.24330080718865346,0.2544246214790605
0.2576927194386021,0.24814734290480728
0.3197270807442719,0.23154301668326321
0.3385118619658361,0.2309227656674837
0.2876748304272783,0.2339033367301592
0.28219293114218363,0.23452949545886737
0.2553149973293921,0.263195909555556
0.3023000033401738,0.24153996953478407
0.31073575361921457,0.23225161985726958
0.2690616829487678,0.25514671926846305
0.27480204793961605,0.25152124594138114
0.2692060424374472,0.25280579738059866
0.2849122074355104,0.24538841815496246
0.2798185612186972,0.2495873337636013
0.2854172295168486,0.2422120139851357
0.3051342348515327,0.23683176756715044
0.258621381467682,0.25705975338997095
0.36099626145964875,0.23147307837551118
0.2570531679827056,0.2630736019097803
0.2812827564935361,0.24634453698259576
0.2773280984122791,0.25015074808721544
0.3028787796815386,0.24120488239489846
0.27655733289977347,0.25052812285724296
0.30055301002230045,0.23365709845468297
0.3170108347292652,0.23237503277117147
0.2536262887687525,0.24672663970914033
0.3212826083845756,0.22833302687865006
0.2661076461361692,0.24351150265967558
0.2524747789331715,0.2517187598485842
0.25191059718898273,0.26017432321982414
0.2921076189525618,0.23672198097707817
0.29431831684650195,0.2354525303709146
0.27156769000468817,0.2404252566998956
0.26394780592546,0.2442427635913248
0.25801925252956504,0.24648296717544477
0.2862798783963414,0.23765018323020162
0.2946337479786243,0.2342696239987597
0.2857400288092044,0.24038687883100843
0.25205106761972457,0.25682577013109675
0.2885472025585186,0.23756501378894565
0.2772702708676535,0.23598837611143816
0.34419523208754654,0.22873747279856665
0.35979178402756673,0.22822312491340935
0.29231097524069866,0.23518825700535018
0.304600660715675,0.22874456217047717
0.2632723376858966,0.2512778947268812
0.28372272263389436,0.2352498716798321
0.3009264812504322,0.23330865162613149
0.27714240818416597,0.24379743212121904
0.27583898470931634,0.2439120562487543
0.26484620930406055,0.24589396660070603
0.29349842203592125,0.2345959208343453
0.29148417706965374,0.23636098332369
0.2705254993615275,0.24625067206805387
0.2720170937179525,0.24487914762123966
0.3468539304883595,0.2341252806613789
0.2810966049541002,0.23802622002128815
0.2525658437091164,0.25704174137677227
0.267653279156558,0.2470991162532646
0.2789258033289637,0.23881100073577263
0.2617846973911092,0.2476876799357449
0.2588058430609153,0.25058339787819356
0.2729365939948554,0.2417274676928584
0.33227970164786785,0.2345958800628871
0.3088191724350448,0.23740272276765925
0.2950071075779224,0.2407561530854164
0.2960919891197715,0.2382438000366603
0.27006112896258117,0.25737780589243164
0.2906413875355408,0.24358755223199008
0.2918478314186861,0.24267702793620985
0.27989437057624345,0.24392971027900393
0.33534344077139244,0.23365851839919452
0.3095652140936067,0.23497111736034573
0.27834155794641885,0.25169865660472907
0.27480284083161166,0.2569403807401984
0.27668985515898725,0.2530254776669081
0.2562986927521046,0.23892698784240599
0.27552544268893353,0.23484988280505367
0.2654712156606931,0.23608573473986022
0.2746974741494941,0.2351933858647276
0.29646938861813726,0.22785165970700758
0.3282561524762841,0.22737739024038833
0.25134413155175006,0.2447355000350147
0.26247654258637537,0.2386674322369077
0.2653688807006009,0.23766005417328398
0.333887433900869,0.22556932162937027
0.29433550673326736,0.22942909852804466
0.2785456425422363,0.22950541823840664
0.2556991114803507,0.24389626902768416
0.3121333907184095,0.23261540813004303
0.296116829127332,0.23938546208126035
0.3086017311952404,0.23560230412715744
0.29555616700090415,0.24099251248114836
0.2848197747488408,0.24227757980919598
0.294543886598605,0.2418479565048732
0.28878019265878163,0.24213674646485545
0.3035985389217877,0.23774341019126125
0.2695500491468959,0.2526499760474364
0.34108004180976637,0.23143907442177708
0.27141194911050115,0.24924963480187312
0.2751198486737655,0.2475906200819519
0.32003855940140113,0.2320652508612946
0.28108099209696674,0.24402718024861172
0.3550031813618217,0.23103979706045732
0.3054807639148441,0.23674815232371701
0.28386373554036065,0.24381011252456655
0.3018536094921566,0.23786700003908537
0.31205371468308096,0.23506217228711968
0.263244800889899,0.2629365757008929
0.2691561814257689,0.25305591967543034
0.2760639276077444,0.245061032852323
0.28477064380367484,0.2364920683757391
0.2712750133400164,0.243965751317121
0.2764868240462492,0.24175069903474805
0.26874416411902785,0.24477236551883244
0.30044644967007267,0.23214006618203625
0.32284788562650435,0.22878996119775996
0.310892757141537,0.22974596906579633
0.2935432131248441,0.23598845666991455
0.33346726434380985,0.22620489583466738
0.32806958168636285,0.2278287262590352
0.2942330093938151,0.2339117299179695
0.3014987611249721,0.23338956251909426
0.24214291421035253,0.27080916428692364
0.307880108424633,0.2333472951424508
0.25754802450152187,0.26039631362145743
0.2584613031974812,0.2508381154106488
0.2644297332509179,0.2475168432351978
0.2922754100606704,0.23978499640499254
0.2575963655100115,0.25775982887236154
0.3315375276085123,0.23228462591609492
0.2928445035392858,0.2355458685251558
0.2856652521065615,0.2400581967836183
0.2926839690425778,0.23913758685693146
0.2665802267756253,0.24018542572973567
0.26396061335472626,0.24861192604236987
0.2826954579123151,0.2431617194608714
0.3336541401535052,0.22945059534904674
0.2919345083482695,0.2396610020627349
0.2779280094821327,0.24651029366817723
0.275361528297976,0.24901303091490354
0.33353841436516446,0.23255499670875102
0.3183964822428286,0.23265099223375899
0.3020464133130138,0.2361745452257795
0.26647133583755983,0.25282767585245286
0.3064027308585994,0.23355260082256155
0.2991425478560129,0.2373058342685781
0.28751846369506523,0.24203374459422666
0.3566530237280479,0.22943911659185376
0.2753508004478959,0.2512186904631146
0.27866025417261825,0.2447106618491973
0.314222230931724,0.23718257159614534
0.2841711422326653,0.24243793955920326
0.2780339173036198,0.24622049371955756
0.2820172569796551,0.2455152391011989
0.290059378715418,0.24180292885552152
0.2645195936474492,0.2544063760003742
0.32734972803509826,0.23216887294213345
0.2589540151113528,0.25801369340404984
0.31649730845423674,0.2365595460486315
0.27356278186150157,0.24689945112153636
0.32076533597255324,0.23545927857296756
0.31088644357176154,0.23840530173134444
0.26264010234055335,0.2574713496437523
0.25456219450495604,0.2591912456675443
0.3029482617647354,0.23872367250506266
0.29483949901150813,0.23930729439917625
0.290239694513633,0.2409728918475412
0.33083964881485717,0.23048797249309852
0.3141816868357255,0.23520089376178416
0.3385297233955923,0.23038430099502447
0.2915763528001972,0.23837974454499986
0.2620713830402621,0.25928595781172686
0.31937413899302036,0.23126925864974715
0.2761024258646092,0.24797512956632364
0.2951703969575183,0.23657891699107275
0.31549097374534657,0.2316944982873943
0.284616490694729,0.24111995124101493
0.3132377465268256,0.23629905598516526
0.3095002338114658,0.23655849046539135
0.2816473103671331,0.24723522342611892
0.29067475811414906,0.23882914571815117
0.31951497260564027,0.22958656932888574
0.26720560464074417,0.26171089394631997
0.2810235091424126,0.24086070085897562
0.30361416967616167,0.2352435704789317
0.2678779094862228,0.2511218162683915
0.2713366528442236,0.24262942199963636
0.2657462307322628,0.2648824830620591
0.2935977856074891,0.2352936256770803
0.31289081407178215,0.23286564349626784
0.29016317133677544,0.24039184445074332
0.31221402590409963,0.2350890999240364
0.33537502936715025,0.22871179428634297
0.24388513614492358,0.25525359836512346
0.26536034759693516,0.2450090222355585
0.2601280344517706,0.2515776864051347
0.32345401148875574,0.23650244670883622
0.27868286023289046,0.24357027975248227
0.2647998047767657,0.250571452153929
0.3325786296920945,0.2334456966563239
0.26520822411717737,0.24855271241000032
0.284285565497907,0.2370920025214038
0.32367148364480225,0.23617557893322813
0.25589033559194874,0.253288224110836
0.30919234203378565,0.231151776782868
0.2879185343208437,0.2353405852308476
0.2709543815644148,0.24711315221895455
0.2983541251616909,0.23211262591018725
0.26562310658391064,0.2489552015766931
0.2833210732234895,0.24080921728993443
0.28717947767923196,0.23966302703360162
0.294054286098009,0.23483041681255543
0.27995450394820665,0.2459157449816657
0.26948562418108696,0.2476136875470784
0.28040201787438485,0.24298411580063792
0.3241537505881445,0.23067882685259478
0.28595565646162663,0.23972767742605458
0.2970731007382613,0.23419815928266288
0.3277747948434874,0.2304508391040159
0.2715350913267282,0.2433784011090639
0.28278033671133423,0.24298516103026485
0.2893342421531681,0.23677643881602414
0.28773532115913214,0.24192144309583527
0.30086495313323186,0.23344705013674605
0.2840571309190592,0.24235262967598556
0.3428430648756483,0.23049635060932488
0.26633553491642065,0.2524054385652279
0.3286076681393696,0.23068244940256702
0.2889206612075391,0.23964347770988462
0.2672062513809294,0.2514601863682275
0.26342881894651565,0.2591759147510944
0.34106308621532555,0.23262307473224686
0.2709017728658029,0.24571678295061125
0.2810222639626969,0.24471414818763182
0.3025399982220409,0.2344729937553512
0.3279654000355487,0.23341583275944455
0.292119673237081,0.23463072270351967
0.32920227810481073,0.233384477317635
0.32727982016624585,0.23395961547973831
0.30949317945033245,0.23410176535789068
0.3582950369550279,0.23170172427869468
0.28836282901719074,0.24253376642564142
