500
0
500
0
0
0
0
0
0
0
500
500
3
0
500
0
103
0
0
0
179
500
500
286
500
283
284
500
57
0
500
276
500
317
500
500
97
139
0
500
282
317
207
500
500
500
500
6
5
56
17
4
497
500
75
500
500
500
25
500
500
500
500
500
500
500
500
500
500
500
500
500
500
500
500
500
500
500
487
500
500
500
498
500
500
500
0
500
500
500
500
500
453
500
104
251
500
500
392
500
316
500
434
500
0
500
500
500
500
500
500
500
493
500
500
500
500
500
500
500
500
500
500
500
500
500
500
500
500
494
500
500
500
500
500
500
500
500
500
500
500
500
500
500
500
500
500
500
500
500
500
500
500
500
500
500
484
28
500
500
14
8
325
500
500
500
500
500
500
0
127
500
4
500
52
500
500
130
500
500
500
500
500
500
500
500
500
500
500
500
500
500
500
500
500
500
500
500
500
500
