0.5254606915626538
0.2657913380328837
0.10878039262791908
0.12465964206114609
0.07087935252014468
0.03387113855901541
0.01448680100689909
0.4363714950734965
0.24659177118859826
0.1299688026185799
0.14567760477499206
0.0683401436038185
0.03170091045918127
0.016656953951376792
0.5709649812899737
0.19982350650917582
0.14647908207008264
0.13445736328475846
0.06531629152344881
0.03714221051990057
0.014937578192492468
0.512859795943259
0.22181437195564613
0.13557985483121984
0.15781688374917296
0.06150716793531498
0.036487990543363616
0.016637956739524878
0.532335667921563
0.20002265053453633
0.1506994964849382
0.1259780879467374
0.0786308752365927
0.02573565460509864
0.018477144547188216
0.6012971948127543
0.27721952063295585
0.11723445532447598
0.14675298731708786
0.060879662144827484
0.027064998987929252
0.01948744076359872
0.541774659576319
0.20454303100829843
0.13339098107681757
0.12278585023204941
0.054515501535483984
0.02593751246493975
0.016471242237633462
0.56521274723657
0.2584934015793549
0.15026333289436777
0.13820832899390736
0.08098604770469646
0.03662799818617596
0.01783159785239763
0.42910461782081927
0.23322398661539662
0.12978087789287035
0.14070116609708885
0.052497490310118904
0.03734147425887396
0.015319215005129283
0.5568355073471005
0.2830857214831555
0.10258254143944913
0.0997724193072262
0.06840158154617826
0.04045140543710275
0.014620038904167906
0.4011031291323913
0.238635320378402
0.11180186978802097
0.0996300399684104
0.06806530755264685
0.04007910881527052
0.014575231545223909
0.4163142270940165
0.25993524266704227
0.10897401808723753
0.14733734470845294
0.06302755854203412
0.027874691451774805
0.015347714279699507
0.5100544100240111
0.23796522448532426
0.1472763080930322
0.16191233740437577
0.055582172032979285
0.023781194288204962
0.013967644284428279
0.5187048108769664
0.2993852308200653
0.13641560101771388
0.12789350849919212
0.05039197347347984
0.039954468032279575
0.01436208759694925
0.5708381936135271
0.2397084602396724
0.14561570168533458
0.1497246707105209
0.055487174892759034
0.029585701637514263
0.014467376318605842
0.4953046511266822
0.2622166903325199
0.15095234369113736
0.12065182668475698
0.07800425158626595
0.03437374729964496
0.015425836467705683
0.5449783590752959
0.22961873014989348
0.12578721918195684
0.1355985707006907
0.04909394301884771
0.027982110931415307
0.018542642464904998
0.41800119398660396
0.3061173958778815
0.12747965601998362
0.152999621322806
0.06204214175656516
0.026908961886756528
0.018803735329970567
0.5663354929548733
0.25190432228514975
0.10622359359060583
0.1364784889510256
0.054370525811132484
0.038162313420554546
0.019671354029458524
0.3996141857285172
0.29293807861371235
0.10736554741713387
0.1037898025556003
0.07600041035218189
0.036986781139014144
0.014885067866984847
0.4375690513428959
0.25521641303936443
0.1395873589439513
0.09531502823937099
0.06629171227039937
0.038675251130234185
0.012196848188705194
0.5880423956973486
0.20529812493480482
0.13596648804802403
0.1390676181472602
0.060477887774759084
0.03242401332005765
0.018671300950629098
0.617082681854576
0.21612232797445902
0.12949227016825907
0.1589889726290518
0.07851671417758271
0.028108132831083685
0.015326124892058425
0.49346463963344334
0.2344569442060467
0.10850173028893748
0.10038412238565612
0.057663533477605944
0.028294805913167038
0.018282836292650505
0.549733174534277
0.30468601352303953
0.1300834833638905
0.12410513224183767
0.0657475753589172
0.03107625238096353
0.016643533042926522
0.464302320954994
0.24442058347710255
0.1328163447079476
0.09449278352168883
0.0707529900066656
0.0325769276308918
0.01908780243178085
0.568565756017759
0.2897115652914608
0.12028208970943693
0.09877206316945339
0.06117940175151534
0.03782029851801855
0.017035735266919594
0.553111107750681
0.22817125940629684
0.14180988404676204
0.1118488021456477
0.06249201628242412
0.03840011767564571
0.014333547043228765
0.5397828564952952
0.2898587956166367
0.12852549572520208
0.14003323155935543
0.07621799570522744
0.03441049877525874
0.014015591420272864
0.45952415922378953
0.2576788280850347
0.1351527214377264
0.14956818066334981
0.06072376627305064
0.03668931526714335
0.01867370904861656
0.4940535332931316
0.2983446588018116
0.1545168584213933
0.1266296735453649
0.07081833063696635
0.040930994607826635
0.013745399936916258
0.536465878265401
0.2725164381315122
0.14319657555247825
0.1441343634804437
0.07495632731048056
0.028677498892349818
0.018885708998806965
0.5430505736534549
0.2633060165512793
0.1547037957204288
0.1167892213011123
0.05340544962983102
0.035870398974713634
0.019193539323773372
0.5151044315480767
0.2774775435179773
0.13856861440074505
0.15542938862615646
0.07556736799052302
0.031076727698389622
0.018680472398770027
0.5559155160067397
0.1995297632733013
0.11386369040642082
0.15948990644335342
0.06333215753487917
0.037540620722643414
0.014524791768397494
0.4449687351084602
0.2980531034008629
0.10902704170916444
0.1473481023532563
0.04788328589066623
0.03910213461905725
0.013258831426264356
0.5349497247302957
0.2631308537347573
0.1390131343436818
0.11934916650671497
0.07611354035241996
0.03210387553540091
0.015234485095759058
0.6084359609246661
0.301586192597462
0.12106757695970999
0.1324674144149664
0.06777356359970443
0.0258746547391571
0.017264821355052397
0.42715309182377814
0.2121335505726707
0.10136337337129692
0.1507615741607864
0.06997879965200231
0.02581372555113225
0.01751436441678217
0.4228118137377255
0.20519172470436645
0.13122158974816472
0.1460964143044052
0.0752985507285234
0.036340190782429074
0.013254443810713664
0.5934176149973731
0.21164638139860148
0.15221525400357772
0.1059484995193265
0.05822916557796545
0.03321668085493057
0.014558605795885094
0.6030159543185902
0.28725708023993946
0.12155957359680575
0.13272719395299848
0.05011401609045131
0.032261559818485594
0.01722087950521906
0.40095219120878134
0.22621458648706938
0.10950604736131272
0.10933563636986496
0.06512828468559018
0.03813427305860076
0.019333552848519037
0.42671118874274166
0.2744579616952554
0.11001355966945639
0.10731437448236715
0.05665658464317781
0.03380738444262841
0.016147785176371603
0.45950479277359674
0.20657538279703658
0.11177553835338888
0.13712824385419536
0.05739656756552095
0.033523212330406324
0.013205874546736877
0.5823763572125668
0.20623633039159714
0.1160056101826172
0.1594217118915555
0.04755417111760675
0.03314079609480063
0.019937433169467847
0.5130851541290302
0.21894805684534363
0.15145785947003657
0.10619320118863074
0.055517701065182765
0.024351374447905607
0.014884020892689634
0.5551131816839434
0.28923924144625157
0.1378921449325806
0.1599186919435569
0.06369373359217599
0.02597628901705122
0.016320200296116357
0.43750711405625586
0.26857566635526
0.12234662688077262
0.13962542512795384
0.07327192664978138
0.027796996243157485
0.015212271578471584
0.42372771809337695
0.23525056794124716
0.1464493185241699
0.1438207751248561
0.07579098345881391
0.02693103378351424
0.012713171209781882
