1202641.134485017
0.0
94098.195183227
0.0
0.0
0.0
0.0
0.0
0.0
0.0
36654.832212394125
14649.50435358665
97.53331793333334
0.0
36947.57094390263
0.0
1171.7931042609537
0.0
0.0
0.0
10613.575338299996
9063.353235610684
123790.80393634526
2598.2660780593324
104510.71673613522
2594.7993163699934
2606.9329613440013
16143.714905706618
363.65990156571416
0.0
48873.92036916137
2598.266072063326
16931.19740822408
3562.6179963778573
14062.067678210737
12944.529893074607
708.5098774757138
985.0865185333311
0.0
16976.758813494467
1417.8663421933297
3336.088254685778
21226.03505257715
66572.49859045881
77333.61045609474
50189.948741936634
54140.745598940106
237.9812957573333
234.0799472
1053.3598336800005
762.1531327666665
243.83329483333333
42976.24993898174
7298.836180885352
595.9285277659998
17464.23383144654
13716.296807123508
5687.561108503227
33860.66156151999
9209.652727791965
9368.664158746671
69352.04529233393
11003.197113776
11883.235174196605
11830.918879683759
8120.6644928266605
9086.502319032896
17283.06207335925
340387.83656702976
12751.277660183474
17253.644708973345
72113.64589131849
13748.548672225159
16721.462190458682
27232.640280921492
14048.53966740514
15416.881652529291
73333.8552681342
48649.59230042761
15211.72929637325
14880.662683226723
9424.365207536173
42654.18171155538
16126.247207407068
13095.331651086679
13587.348734840642
0.0
11432.855614106658
5330.334757590871
13001.190791746689
6827.750255267343
28562.353704908448
2968.9515827609575
9601.322066129345
747.1051397906662
4345.465600356018
13199.825043217463
28696.935713647148
3825.1771474815537
53968.55831292574
3012.5325564253394
25756.151687669888
10877.406580027917
54910.25207320725
0.0
177736.33600632992
77564.33857309763
126666.50870133012
123280.15814545465
311121.7758355226
128260.2222614561
194092.81081023085
207158.2298798965
736572.4646888854
103941.26153958669
76760.66867934423
672586.0764434233
2582666.934739196
1964138.8327543456
1808099.002866334
137231.90088799992
479984.5670205898
117103.9821191199
1389573.7246450807
1868870.569351921
358564.1699922241
182266.88440167197
2884073.604247539
173931.28750911693
1231559.279454866
373157.0676727158
323185.1121184853
1552501.1568089903
132528.89719371244
1583308.153189035
302438.89006130066
119636.36848040974
121896.6492729503
140549.07893768122
159314.09154401024
29671.583750731766
400916.34942453005
300123.132010552
108970.31807748674
2548551.5593780996
115283.98519044016
75655.61656936696
51578.12093482571
20973.946239665343
105795.22189732373
16163.638721298094
13803.898577301816
13490.935997209386
14091.005230266877
40084.995010840415
117769.39133157356
47771.35819695804
635.6998377366667
40541.793531801435
40084.19372684872
4262.799376975385
3009.066609957333
5017.017727460614
46959.45492132004
44392.38862871594
47487.74923030199
54780.254547138065
382766.7724077847
4935.603738921422
0.0
678.1352007655247
18046.473587619003
318.93326034666666
33272.51632994658
675.133166486333
16295.866882826615
15374.036416577035
669.0785660533325
27420.4590373704
12706.630072829874
13923.861252424695
26029.45975884684
8298498.46641842
8737121.581307136
8498347.835083514
7869014.834068239
7914307.075834564
8127519.839954731
8055083.69497325
7853599.765526555
7406734.127817072
7148556.857391976
7554393.775467841
7426174.749171147
8548025.674143208
7396817.771479809
8182434.86473631
7716972.455838671
8255818.111887325
7415178.577053415
